0.307526854916681	-1.42866809611886	7.81222616324317	2.69121441216074	-9.78948913364336	8.64977474164644	3.88529842575805	-0.0533550322077083	0.874465020051684	3.35605672394856	5.39184738586266	-4.12642888377578	-1.94365646259071	-5.62076111418648	-6.18641944634691	-7.88187124484055	-5.22437234541239	-0.527519295962044	7.43802186031211
-3.51090467616801	-2.09127206990633	-0.531773611899379	-2.57986064245487	-1.90077988820497	-0.13056887362772	1.96418632861211	-2.78235215281572	-1.69778575651421	0.994738848108817	2.06495354876336	1.30537309992175	0.853849761028791	-1.7770949753614	3.87086902053839	0.830890610391787	-3.52844967984774	-2.7029385166479	1.39670763186459
13.5728020203563	-3.55985099292766	2.65466331462464	3.76398285191529	-4.79906955111511	3.07285114431672	-2.21610192150715	1.32502883671053	1.83946388071631	8.52007104608764	3.05871188830255	-5.81047607246188	0.39742029301847	-9.39390068529752	-4.40372010336694	-8.47975500622906	2.53209892894529	4.67275239118277	2.08995717327603
0.880022942994717	-2.02495587169802	-0.987171210233488	-1.08831367566726	-0.48160333713542	-0.710943328956275	0.363629481763018	-1.46569178656591	-0.618555285360519	1.5935725463926	1.07215677848908	-0.477007734410252	0.548112659048352	-2.19698276304579	1.9711983852362	0.0618746960050993	-0.846946975043242	-0.571177273497774	0.575079770969877
7.59281812906821	-1.07394229291681	1.70342273789879	2.49782397380072	-2.70277585255081	0.6061995294938	-2.50986305810744	1.45571918847601	0.145290320329551	6.2436864694116	1.05859083140888	-2.45359497976922	2.12759020207753	-4.49062883658038	-2.88314794051608	-6.00545931821291	2.83756861430544	3.0450211121623	-0.700959509675783
2.25368937052279	-1.09181538050849	0.579064687432462	-0.341220919531285	-1.17768017894764	-0.197676319673515	0.371814384690201	-0.692292115909494	-1.19376038187625	1.43530519065329	0.768843909482378	-1.06898302902758	0.379955605505157	-0.963626704566098	-0.819850805211199	-1.37706176876675	-0.65382941015897	0.307995802923102	1.07820988278482
3.58113601122815	2.58561311203032	-1.84684144318935	1.52579194910678	4.80028384758768	-2.51937922643426	-3.25682774105959	2.88944404877349	1.25707361917309	-1.90923599296403	-3.80586420540885	0.340126166942409	-0.126053732049751	3.42961817398842	-1.92177875529403	1.65507760208816	4.74548809638588	2.9085541634357	-3.78773083803234
2.21874611616799	-11.4536277122516	13.4419425236566	1.11449452195822	-22.9991150158938	17.5935352720286	13.7985745904863	-8.30437760692374	-0.160945612273764	7.87115879171979	17.4853386022269	-12.5106294178917	-6.83048350272443	-18.0308809112757	-6.01866446862095	-14.4219390444468	-15.7532804432642	-4.62564139474532	22.9785490104309
6.45347912413639	-3.44465464878689	3.9465012246982	1.4850805007087	-5.99043442858337	3.67362208242985	2.09628164147114	-1.2433060834177	-0.533229687173627	4.36555353078365	4.10882967096913	-5.4916482476138	-1.04602441599969	-5.57040985353309	-4.46625865089228	-6.28084443031733	-2.01033393714803	1.13551208194927	5.64701016441524
-4.15016976526945	-6.86378438800448	5.79429033115718	-1.47430317582226	-12.9050980237317	8.51264068069584	7.90084807564747	-6.48964717763612	-1.01549325937535	5.08525453069762	10.4557777654485	-3.43750464743724	-1.9205731060504	-10.4957551060393	2.47240480492277	-6.39426282497738	-9.83839622670207	-5.13805013260767	11.0441145192891
-7.88481197259091	3.20763836700398	-3.32133431933522	-2.39544304370456	6.12796170399062	-3.24129172199439	0.46912043918401	-0.0226452556570251	-0.313431897069108	-7.76236556441883	-3.87012231177191	4.13630163962391	-1.20308368459992	7.95346164657175	2.9537859554292	7.84008144023073	-0.18455912276201	-2.17659111812186	-2.69484504862018
-5.35033951091933	0.261032255622002	-0.153841423569897	-2.38180359199066	-0.909483746322486	-0.847148448234419	0.998670437680957	-1.49851504764474	-2.21376318976551	-0.145878432119652	0.351196446504559	3.29098015819894	1.67573709033901	1.23017550002402	3.12358582403421	1.17885254070105	-2.76627518627566	-2.51659749297008	-0.62982207548372
-4.99351556160099	-6.94429671300878	4.92948134407769	-2.00459037208925	-12.164347549904	7.94336458013873	7.94357189689267	-6.83150727591597	-1.00702883308701	4.51651067619751	10.2805573892507	-2.86001107165218	-1.95071680946237	-10.1817308858557	3.66274813203101	-5.2440343789745	-9.8492734882298	-5.53892831736901	10.6777797898585
15.9936455469368	-5.30756356499059	9.74814508843616	7.51322251101595	-11.4026199037479	13.7800049739776	4.33400277768219	1.27452302332951	6.08589105589019	4.45134470437831	7.86559141787886	-14.4342385568661	-8.4985308086993	-12.7789208738802	-14.01378206644	-12.1675529325295	-2.75619973163151	5.00615708786861	14.1038944506647
23.0337947152564	-3.49464768662496	12.2927075400152	10.9439544820683	-11.7917976318001	14.1789329065348	1.74953124302075	4.37525501897552	6.4260086837004	6.42415229486099	6.41612172685338	-16.9223270175611	-8.09351615759448	-12.0980898807625	-20.4183359711934	-16.9172467432388	1.17329729040719	8.97774740655974	13.0322195494364
-23.6639045160284	9.82434232626206	-15.004553976468	-10.5032635543341	19.3277612091728	-20.8578078632097	-7.23196857999941	-0.255775381284046	-8.10562829336333	-9.33659181838046	-13.7008601365746	21.8520637879816	11.5631681276032	21.7806316275055	19.1956448426752	19.8914929875724	5.42758666034997	-6.47840267268072	-22.0606230350959
-11.5810454734668	3.50613057527714	-8.66970878477185	-5.42506040162028	10.9927261328657	-9.15360473444461	-2.3108495058808	-0.592006447811769	-1.78046851818229	-7.27051006792207	-6.64852456777987	8.98205578771799	2.70758866591302	9.61886053736114	9.9854888502593	12.6001320966055	1.3397702178431	-3.6082664175641	-8.83081265417975
-2.17469566055812	-1.89454149506547	2.75780661796181	-0.561167453611633	-5.02593600520697	3.27045469522865	2.8604080103388	-1.8523580954756	-0.786328716155785	1.84989293670872	3.44122399008637	-0.921165224292583	-0.268028415607549	-3.19218428302225	-0.0636864090963236	-2.57704874679365	-4.23941083553949	-1.95783016411257	3.89600616280585
3.36657391583504	2.74948796111397	-0.96977448945084	1.78833903167198	4.00884903420923	-1.8023985893563	-2.82468409997648	2.99359157160042	1.1590543098478	-1.92439887470391	-3.50237419879444	0.00100682798355045	-0.309375598981728	3.51194396586626	-2.88366909246625	1.0029030723884	4.26461000193812	2.85474645725229	-3.10254538215821
