-2.49600908867369	-0.972192127158101	-0.00513931887000969	-1.66256916821259	-2.19612445938464	-1.2756155691093	1.34997652228379	-1.36137466010988	-1.46596928899059	1.01941507993597	-0.509753994221098	-1.17144871945454	1.22081097063975	2.13120583118559	-1.37667787041369	-0.289987684677592	-1.01287574326476	0.76084804768657	2.03031760751101
-0.99961796682465	-2.10211761956713	-1.3341339443516	-0.571915577558804	-0.171813162707474	-1.66659072754924	2.00897416017465	-0.00778171263757224	-2.53954992116429	-0.875131060002649	-0.0286141362599343	-1.01121533526595	0.731584236200449	0.145577489929921	0.828607902459265	0.81488230492073	-1.85428075173326	-1.45306952458363	2.13011785766905
-2.20680081632898	0.829565097533123	-1.19822051039115	-2.06583428326474	-0.796235235697781	2.02542079489857	-4.7888262827891	-1.23117003238863	2.57824256619272	7.41024252488709	-1.46798797116602	1.49401785788951	3.51149033861566	0.173368826282569	2.16570835800797	-1.14505794777372	3.55403137637781	2.54061758398074	-6.01463145437595
-0.993585097389881	0.40904149852621	0.255676703425278	-1.76799598704877	-0.772204875027267	0.912755549642499	-0.828070676883462	-1.03236283337319	0.649720153961997	1.61035566794416	0.0578724753652006	-0.0292715893888591	0.693461451274406	0.902053575229818	-0.37280298251044	-0.133078093981374	-0.547743217312144	0.617986117671776	-0.451146753738978
-2.85907271425316	0.613741514797725	-0.536338723937001	-2.80469529386218	-0.676105237511759	1.72894838771306	-4.43885636010432	-2.83857688875648	2.50991292280334	7.83289249400467	-0.453214764269596	0.473184274556273	3.38064701097186	0.378683311112249	2.630314208563	-1.78597816269516	3.18863639857679	2.07528517978539	-5.8390445269238
-0.605757394172325	-1.39766690005786	-0.408203888154532	-0.155867341423655	0.604656541800293	-2.1216825896729	1.02010738012097	-0.212714221404579	-2.48555375137481	-0.0672400232168164	0.822707829177337	-1.40302961904326	0.558247723430982	-0.723729796216854	0.888408247397463	-0.313211258053413	-0.825937339903792	0.674950475814817	0.714757105382458
1.06618632433784	2.86379323594713	2.05779229895188	2.08552721135185	-0.615946753970811	2.05561499079858	-2.57572295889481	0.674617710303962	4.33119268326291	1.54633925842213	-2.25730492274981	1.93751849252329	-0.573468169809808	0.440635935443666	-2.14860548478013	-1.42418899684504	3.53879073038884	1.32499921344255	-2.89876090745308
-4.4420392025349	-4.75361007374555	-1.01747007175678	-5.12908100454093	-4.84249019014847	-6.11652823113784	9.89101913799896	-1.93647604702807	-10.1381053711596	-6.35522610472581	4.1444103072106	-5.93000680242511	-0.137263850089152	5.42910138150223	-4.47956949055549	1.74074786872998	-9.67132930934921	0.0477672850382163	13.9209984334395
-1.37031022302673	-1.16766198982824	-0.815498519409543	-1.90725186905649	-0.697725170365328	-1.88752033452625	0.906990316456705	-0.0893992065619009	-3.4673492623776	0.0680738696385772	1.02050167937014	-1.20335442183747	0.974643678609623	0.555479724314951	-0.225813539617399	0.208416278815983	-1.87747320724416	3.14150998643739	1.70660222784456
-1.65614101347321	-5.24837637643876	-3.82334558361538	-4.29149314026212	0.136291800647757	-4.22146636896095	6.35259702338212	-0.446973892845377	-9.30491551836435	-5.27750624731036	5.17488504984796	-3.88155514054455	0.0791340402194036	0.62074851405511	2.80363517441364	2.85411209807904	-8.08865102857422	-1.46445711263203	8.15794881321779
1.82883634521119	-0.536356890664411	0.600202643895283	4.67543907284483	-1.03726803264479	-1.05104383865371	4.07113438958363	2.85349933080114	0.0282637593626482	-6.7005188124318	-4.2624861207721	1.41390216494476	-2.78611191662279	1.28977890302378	-3.13763850157963	1.56163384937305	-0.312505090883619	-3.55313837547713	5.01845624811881
-0.523229788132195	-0.83162491159031	0.0341045587111237	-1.04005607900842	0.831774008622381	-1.11358646618696	0.404105297817549	-1.0393372246297	-1.31021256672134	0.875925974948729	2.17514650236459	-1.86494119079721	0.581777821847326	-0.90863095263001	0.925791831575778	-0.663832472423237	-1.21912407221582	-0.535730731751892	-0.0486846610019955
-1.89842485108746	-4.19268706625152	-2.4133783485693	-3.89517058012867	-0.61476934526465	-3.8813694046161	5.90924826878259	-1.06140795209544	-7.80987777595986	-4.40586753258829	4.76034135979886	-3.93959174229431	-0.0829333849135088	1.34722254208366	1.2713052507139	1.8299350299267	-6.99218827473247	-0.963428233265328	7.70314589440117
1.10056858821261	1.26368981226271	1.718502678902	1.51392125602383	-2.26496288448528	-1.34668204209569	2.66415976295681	2.22359282489079	-1.15390325144232	-4.13316128899299	0.337844046986741	-0.659532014939145	-1.9251604514149	1.8200408846733	-6.01676571998482	-0.16495174042873	-1.33447951426297	1.99674894475515	4.6169923158982
0.0352290279363956	4.0460301887796	3.13832693153546	0.0872731831081026	-2.97913922038522	1.51645299145189	-2.21109068334755	0.0868166113994264	3.2452345558766	1.85028253194499	0.00187033531771519	0.515630106624679	-0.592440990080879	2.27454815368438	-6.00250565716418	-2.30705077861682	2.48217377028885	4.99685316341586	-1.07645242017635
0.812883738244977	-0.661970939567738	-0.413298920105357	1.13013449526171	4.56347913335051	0.829944064053108	-3.29013216627799	-1.59300878337161	2.44022908131182	4.14060506747466	0.500411896154033	0.0599103982375713	1.13411031388369	-4.27409350140977	6.74641155956967	-1.37754082038833	2.83230083018747	-3.39354704020515	-6.70781354482979
3.13426079904797	-0.320489027952689	-0.0815902231998926	2.07809413469539	2.81722220942284	0.679890698451224	1.12071239922954	1.78754479466568	0.446247429547391	-4.14031116583916	0.401034847246817	0.408695285952195	-2.18952543557817	-2.41878438675344	1.16110822484538	1.4444371004463	-1.96439820727242	-4.6047609898895	0.838811013133968
-0.600445083681984	-2.44722275555152	-1.99403236274848	-0.687714959162773	0.0412755062588901	-0.553042571485755	2.67373923070192	-0.351359040443127	-1.03952814348976	-0.838670596274176	1.45925268121356	-1.65821773613664	0.763426313671378	-0.299121524730718	1.34348979025072	1.16572297232017	-2.59350375039067	-6.96358010649155	2.24030331080597
0.945380272031036	2.63524233097388	2.21991394731793	2.68870112370527	-0.826673844482273	1.42933271788455	-2.00292188289094	0.784269576552709	4.16220409763094	1.43029651135817	-2.45331325424223	1.56737536200372	-0.495248926331491	0.486099504609952	-2.6273817444243	-1.69218123342204	3.75272093393184	0.829266003887512	-2.47426864490255
