-4.74109276141323	-4.2092647782635	1.39119078560153	-0.369524353158273	-2.48128980862559	-2.44313199893272	2.67558914689061	2.0184016319413	1.87010567250293	-1.80467037849579	1.45486918781189	-5.13471808340236	1.76230769138561	-3.21081497782788	1.67499819311647	0.840447684434256	-0.126311680840801	0.0229778550511648	1.50553557947801
-3.19663127866028	-3.93051263293327	0.158440139436656	-2.86641479837226	-2.2195814779873	-0.465451834478213	1.74167772469128	-0.848469223199812	3.97287351317092	-0.16789550894754	2.96074159399046	-2.77392140758478	1.81580788703991	-4.81284434190128	4.08147367619436	2.06099509940894	-0.950833165578412	-0.19661643932759	-0.779281066908327
-2.13004816757956	-2.34002511863162	-1.47150147089551	-2.16391960958743	-1.17432962624765	0.390834347444013	-0.533714365445396	-0.776553450709178	2.534941800205	3.37596851616872	1.39625890966452	0.08072728295984	2.2539867558129	-0.516297728430258	2.68973751332202	-0.316707050383292	-1.69034661577963	-0.161823803826613	-1.93281521432003
0.335608777857459	-1.78295254178048	0.176683210754534	-0.664587987332198	-1.47500630048262	-0.0998768424603103	0.486156035970297	-0.963642251766616	0.758753665409707	0.523681343346762	0.316638938667441	-0.716588601082738	1.19178436929021	-0.37417171138148	0.083830223276391	0.0067465249523061	-0.913355204303651	0.414303193822344	0.238673279485145
-3.18155836171638	-4.37515515677419	-1.10817123575938	-3.73890930877283	-2.81051771356429	0.0130580699388481	0.522737931030075	-1.0461720719162	5.28874583659673	2.80460472572444	3.26725833056485	-1.64958337493356	3.30079860586988	-3.74249522343892	5.14371596467958	0.77729671729216	-2.19383996030162	0.17161382854839	-2.38302830782658
-2.80540947565903	-1.9194304727526	0.329584973367307	-1.61332081189159	-1.10249825455521	-0.944948928265819	1.08940702236659	0.906021975894116	2.87533455655038	-0.545085361159221	1.99223062010079	-2.37905993068745	1.14829287046177	-3.90715700822514	2.96519020679684	1.24957296568424	-0.516046823321677	-0.10435893964414	-0.712275517628992
3.16793732860444	5.10101638457151	-1.50221434394589	1.6900331418501	3.76318615053157	2.02029694354236	-3.04712006850472	-0.507391688667669	-3.48742330453671	1.81740778756994	-2.57348955919117	5.17018354382491	-2.45161950378252	4.78796509638949	-2.79340999650535	-1.42884222869982	0.87037493825389	-0.567268096728718	-1.12955381348515
-3.02517593596691	-18.7186046249787	8.90694836319687	0.15561027917102	-16.7636635447495	-8.28365906734729	12.82473499204	1.93478587689754	6.11752383613539	-11.3243173173341	4.33035420229232	-19.9639470876664	7.5939934682837	-9.85928823663793	0.161020218182017	1.75692480089603	-1.26464415397234	5.12839002596754	11.2238541337806
-3.86171869506339	-7.01117073834058	1.89596903386283	-1.985137172034	-5.21169170900551	-2.64428291175855	4.09536187693888	0.457973213003249	3.85064059576517	-2.28600629457876	3.05718626850942	-6.79891901596906	3.29180145663548	-5.32117895382757	2.99987510991597	1.48272668625712	-1.21035218852766	0.702227523893213	1.98124330359638
-7.80365205368281	-12.5998513531261	3.7668334335614	-4.29258057883561	-9.62088054838133	-5.04756892864876	8.28527347702305	1.35104535402771	8.70114865020384	-5.86073245366264	7.31794053800492	-13.2676226542572	5.43772887654642	-12.2761559239548	7.83077235550935	3.79381501844967	-1.33670048891095	1.25797564286212	3.33719491116996
3.79936944867593	5.870454745465	-0.179307422261453	2.77934374161913	4.20743069341203	1.46230623540162	-1.9363052316084	-0.128832852569176	-4.89060236008217	-1.2776996911871	-2.98679209604729	4.1417447018513	-3.95834549583203	3.9792389218879	-4.09535987396633	-0.501525705997955	2.10458769248776	-0.687990702716162	0.544431030401188
-3.92305689578577	-2.95885562306528	0.0997809589310816	-2.58146660775058	-1.5118799671262	-0.939927091071124	1.47552965853786	0.330195977335262	3.79465665624491	-0.269652846747115	2.89884208676467	-2.87130214413236	1.59983958835588	-4.97801233190195	4.26122071185335	1.83322780393728	-0.8168854291061	-0.411695363613677	-1.05651294233349
-5.65437708976832	-9.91903306735049	3.30606786493779	-2.5098274452005	-7.71248526963631	-4.13288712243629	6.76825944770319	1.30403069975297	5.84719358307554	-5.17744254954271	5.12415445531011	-10.645700953821	4.00518660355183	-8.57279405215793	5.00344534173752	2.58341717697075	-0.642151282134583	1.15833118820294	3.55095420377893
6.40349734391026	-0.400022743807317	3.79851226485545	6.7886519836615	-2.87474201967887	-2.42334706278324	2.02189078689411	1.17521013692722	-7.26779452248645	-4.55874171479205	-5.46782012047925	-2.54761051108087	-0.687476864596959	7.51722699223097	-10.525643700105	-3.80466100836311	1.3979213297319	2.69895335117725	7.5496551529653
9.44096452289624	1.81087233531089	2.56784806970392	9.16512930553437	-1.55573800148782	-1.20406494350336	-0.534249659914391	0.709459395414544	-11.0731340594774	-1.55355774517739	-8.92665022803771	1.14013595187223	-1.16507549239315	14.4552536607665	-14.9291767506501	-6.92728467437835	1.2430643281724	3.03262371885778	7.69000912461284
-7.34174268286596	3.02487265185274	-5.43671199325598	-9.00022768899797	5.54947848119852	3.92389890409343	-3.60452142536876	-1.7736237924144	9.09992668516156	5.8688462778278	7.11113300034134	5.15659741521118	-0.40989174973118	-10.0109066620895	14.010224984264	5.38582275854689	-1.39246572071573	-3.96907536200947	-10.8640128158709
3.49848023057942	5.74307861751224	-1.62276479080104	0.487290681098174	4.5251951230538	2.61461658693958	-3.39138897019049	-1.46561092495052	-2.54943753078224	1.90667252079883	-2.02833765967046	5.89389891203042	-2.71314853531849	2.73611592017635	-1.83861332146696	-0.124185271860934	0.42460537237583	-0.910450107654496	-2.28101755960711
-3.2128764119268	-5.21868223942293	1.39943065532562	-1.61285979563965	-3.69190683248079	-1.9586583209676	3.10213472285403	0.278616054413618	2.91673976355105	-1.72417371912436	2.38341557510772	-5.09393771123163	2.38949325034509	-4.23857149757817	2.42919752580574	1.35746866508264	-0.872434707566832	0.356402606094199	1.39852006782603
3.46673811805421	4.72137039283317	-1.11825991210968	2.08751319562386	3.29128573274879	1.72292503466172	-2.74085443687545	-0.394214830570517	-3.74286515639116	1.46462147542259	-2.84669160348594	4.67944645770833	-2.27676606989199	5.05404046324399	-3.4163157914039	-1.63965801787898	0.870809082016986	-0.28347070439238	-0.538029285611273
