-1.60217528320753	0.46474161201511	0.253820367481417	1.0953893361171	0.846517771323128	-0.0314445421318155	-1.23297538047153	0.692308429698702	-1.41566088896654	2.31365782369291	-0.978073030796544	-0.303187271920468	3.11235236689363	0.332400668877781	-0.873278625252098	-0.157468158358967	-0.593600763478264	1.05068787070286	-0.873430095136435
0.036461380976192	-0.937171243763345	-0.855975873450056	-0.0854325154118367	-1.56243649556555	-1.35728850444671	2.96715486535194	-0.411056099625196	0.56447041875046	-1.94618576502898	-0.321193313265503	-0.596597803183595	-2.05202230183238	2.44561336255275	2.53458488669693	-3.46969016724483	-5.50761926166007	-0.922753698458187	2.53361741190634
-2.60596139335894	0.385512631525043	-4.50988996793339	-0.7830322753491	-1.05939601266894	-0.538936582777794	1.1172817371834	2.80182342789554	-2.69541041492182	1.55866226481638	0.640208710669476	-0.71670337723674	1.0902036936786	2.97592756576624	1.10853807889146	-3.99880160030943	-4.1369487116329	-1.09179153898403	1.34858707050314
0.415380199905307	-0.523851168405035	-1.40805108545733	-0.958744712082948	-1.59300998908191	-1.10195033084387	3.26313197450793	0.100829872702839	0.559008998818971	-2.2005401033243	-0.362148328046111	-1.07618152803784	-2.4482925122074	2.16529385010996	2.92129097041924	-4.1699973591696	-5.41173231021097	-1.55427791097953	3.05064258072971
-2.23163254441579	-0.120348964019985	-3.22238376265048	-0.775751238432918	-4.94490788774279	1.81255487538585	4.27292395853466	-0.365659431550037	-2.82065502274497	0.0270126258139696	0.545063418420181	-1.66897590979613	-0.0759889777718858	2.63158557454882	4.30656137875021	-3.91147055424508	-8.31298473886449	-3.89653578129181	4.0533018415259
-0.528327400129335	-0.718930330319636	-1.3062344948568	0.243417382433149	-0.0177774333489964	-3.83520057770508	2.94098950501727	0.465136234684117	0.886326822309425	-2.96777507376245	-0.290680522332707	-0.916720762149865	-2.61916682963106	4.00189858981733	2.42786419286986	-5.98327991597679	-5.45964646102198	-0.209234980741982	2.76278245641018
1.09735179801178	0.289564575245306	1.78146084859466	0.335746909473769	1.51476986453301	1.13359927670569	-2.67129710594053	-0.250070935304725	0.755644429818102	1.07983956066854	0.0516636949964884	1.15599820838341	1.02492823676192	-2.65059046335184	-2.50109386829376	4.19734424090334	5.25520078604241	1.45407302853765	-2.60587737695566
-2.65632357675378	-0.563212038080153	-1.98062591562647	-0.630086655248884	-4.17263734727965	0.401969026084204	6.15582116687722	-3.12003413622588	-3.40889262949205	-0.719166513485884	-0.947056528932166	-3.28888314453883	-1.28137541830369	4.63974501398263	6.23465547908473	-6.49361513745019	-10.3207241759932	-2.87709719462236	6.18457831091448
-1.37173388121055	0.512580465890467	0.0834013819217674	0.657308769839339	0.646747821596541	0.692093068613008	-1.14113469009597	0.467743021784429	-1.70570634777795	2.72851633154204	-1.22942209605688	-0.424749242384177	3.08134376701039	0.0216849508103252	-0.730448862373748	0.194176248497456	-0.563321665564473	1.03155264122827	-0.738921603166396
-3.18858837855891	-0.451377362618272	-4.99353402736417	-1.78273639917748	-5.58135454221507	-0.955115713100291	8.12841922102556	-1.38032061728579	-3.3617195102752	-3.00351059825333	1.02883436059399	-3.65226065470117	-3.58676996286328	6.50600216950879	7.88772412987293	-9.98633454849762	-12.3771835498111	-5.34926352077129	8.05313620614182
1.99450213847287	0.00281906974770935	2.16559906427717	-0.142680941262658	0.583637538849825	1.81257253488019	-1.39139121624481	-2.0654073179321	1.12753780945683	-0.234588510444753	-0.274173756400781	0.899120807098031	-0.984082810213032	-2.77430647587502	-1.33146701522224	4.18634945359373	4.54627370413782	1.05042901847818	-1.49509738384028
-0.418557253800678	-0.336227153360702	-1.11998948145256	-0.213136511670708	-2.30012966458165	-0.862772815593548	3.9278596767627	-0.858103396977349	-0.154636467699447	-2.28582489689989	-0.79139356558893	-1.54797629005435	-2.01736056023588	2.82159880147479	3.73016514682757	-4.94402499443341	-7.01478701131376	-1.73315587984007	3.78179394645625
-1.77671024790219	-0.325567108642322	-1.9532643171372	-1.73438307253106	-1.62479741892267	-0.69814046368969	3.97381943084664	-1.48389252959664	-2.52038772401874	-0.487792986070269	0.0502495138033261	-2.78938100654283	-1.54196272463981	3.21352255157823	4.03590875876914	-5.12120667043002	-5.05756031321232	-2.22671494921786	4.28629886158614
1.96351185554047	-0.114647290170002	1.913068289769	-0.625391711538018	-1.64292971287638	2.52365254656526	0.624226846233711	-2.15653440244596	1.09202477910371	-1.04245475011555	0.143114352545233	0.0875466964827041	-1.20271721603118	-2.55658402267439	0.69574912934911	2.92531110345809	1.33154650541016	-1.37005482821147	0.360721550725764
1.02437131696998	0.123806920324226	1.4571372585463	0.230857550394835	1.47443877962811	0.737426674642492	-2.36580322735591	-0.092495312857511	0.791873182309311	0.876807644963848	0.169173542963739	1.12015094380913	0.706030648111209	-2.20233045478617	-2.2830893301846	3.64624395947038	4.72371819853108	1.37649232335739	-2.35562682572128
-0.886702746116152	0.148408418942583	-1.22959684207776	-0.0988415658733577	0.189452378156526	-1.9207485504324	1.4431092114574	0.566329548054595	-0.368175636159681	-1.09710365216183	-0.451128007792342	-1.05315102824057	-0.847675372391417	2.28498958308202	1.37895007492769	-4.03493412008618	-3.04637840347466	-0.262746445850741	1.67665926157471
2.0113105020428	-0.177753453684809	2.7989155009668	0.534462691606062	0.273768729998039	2.00705369193566	-2.15746527128731	-1.13111589122656	1.63900342502219	0.392738938696891	-0.514162581392183	1.38640499775203	0.481888943537829	-3.57976142765698	-2.09374722083241	5.0526111954991	3.60337546560845	0.829116333575397	-2.46105400226129
0.146254778138498	0.0116896218670023	0.845825792765133	-0.199799281080494	-1.95899751873588	0.929349581552636	1.78322382391401	-0.670303535814526	0.069539071997486	-0.641432722724712	-0.467155764823421	-1.15127864136874	0.294153256995996	-0.350568277999777	1.95586715015773	-1.05116705370871	-3.39844987573403	-2.16868483691299	1.75416569750411
1.09452255112845	0.0942195582911677	1.69851407102956	0.304982781624791	1.24792611825372	1.13482752012102	-2.47020908867823	-0.270970414959812	0.789989261152072	1.04286634335873	0.195150550918034	1.22240958427565	0.914227802949526	-2.54836948005673	-2.36323945445039	4.21784910270694	4.8626225361322	1.27591451217665	-2.50948488835109
