-4.33550229710213	1.67878199436641	1.38011565782119	-0.085836019280884	-2.05943844209784	-3.79291394892381	1.30177229647117	1.66591517699984	-0.677156630305662	1.0245397838252	2.82819432547258	3.75517234673215	1.89935324440007	-3.89816790708601	0.956796591873785	-2.47486453243566	-4.20516852532962	1.85851620021018	1.29559730488743
-1.13883001848683	-3.7551511412776	-0.301539758600766	0.408747597638515	-1.38884043139699	-1.82578545539778	2.16933840288901	1.70275258654172	-0.573562871781036	-4.29179513831113	0.813150935858019	-0.64871396310734	-0.205814431165271	-0.476604482830403	1.88319168615472	-2.00484054551869	-3.74362383746924	3.26196855462779	3.11237462370421
-5.35896132198004	4.41148393467825	3.55909665131628	-1.93837975025373	-5.82955063817845	-5.31675452471507	5.2676864387786	-2.11824719416215	-3.8559167656256	3.51928219925864	5.9689515420582	12.2982140273457	-1.87369995557473	-4.14110739638537	3.30943199066206	-8.44641508485225	-11.5788798798988	-1.31821984149949	4.45309382553068
1.047670859806	-3.31619672567875	-0.885405335570002	-0.172563719214201	-0.146443070408331	-0.561532210674443	1.45817059284736	0.409882471000594	-0.815835457591813	-3.60541303899736	-0.491126496352415	-0.964384391356319	0.36282876177798	1.55893794456252	1.03264802170348	-1.43029513075745	-2.7112159726628	1.68177126533152	2.03015882347528
-5.06761875110086	0.115945193225869	2.25627345368164	-1.49945498648935	-6.12393396626184	-5.39267546430425	6.6587905349532	-1.18723642492644	-4.09977179340791	-0.814227612027464	5.64440199386386	8.90707698876423	-2.51891977481528	-2.58958102464028	4.7960022904116	-8.7632822129457	-12.719019466637	0.399269385239743	6.67211280337643
0.453842264615457	-2.64190766558403	-0.399270840766619	-0.0145080225396699	-0.161777504546144	-0.799446041969311	1.35536374756833	0.578762972000494	-0.78436031706886	-3.04286956291826	-0.10160643027036	-0.188814451440578	0.183655252066045	0.819159530530811	0.93394881480854	-1.4469442186552	-2.75610921298817	1.74477557707598	1.88041973328572
1.97150930154069	0.864025601296215	-0.628013025408293	0.505314248549054	2.14160070011797	2.60803441957914	-2.81637405334945	0.0173564461920759	1.61885163670935	1.69006395771054	-2.06069052334201	-2.86534369785614	0.326804362342142	0.907449318641349	-2.04785749768469	3.51035851986833	5.55640010733711	-0.961230744802602	-3.00221510407854
-2.71929283461588	-0.214940374177368	1.11070776275744	-2.51788087733555	-4.59099701943707	-5.42477986293339	6.93243073458661	-2.99798117501474	-4.39389705932855	-2.64772841760414	4.60422223809492	7.51724228783077	-0.315258381906505	0.284453930615039	4.7707908473258	-8.37507744404498	-12.5124318846233	-1.1616547427409	6.47536550940698
-2.99976881837997	1.63420982773286	1.27831833530561	-0.909094447993202	-1.8270245361378	-3.7516086076934	1.64393406824537	0.382573228331537	-1.56182068166913	1.01594206389861	2.61176831386441	4.93875611615931	2.20746014668042	-2.64096802125585	0.812210940199888	-3.33349365722005	-4.97764402413041	1.14561658530302	1.44094645892265
-3.83644875699141	1.90670174312209	2.65786776663105	-2.56202134590363	-6.31658347294743	-5.35986488213663	8.25809062485397	-4.57324235743684	-4.79523963107777	-1.04486463287937	6.20888022512235	10.7418658775776	-3.7982137917104	-0.80527505261191	5.83619738340642	-9.83973004354935	-14.0363672862021	-3.06772790732174	7.39668036524842
4.29754686867475	0.558469243468324	-1.43689223229546	0.679082623977429	2.93855278779671	4.87763310184733	-3.52187924777481	-1.01750284162962	2.53777428744034	1.18534211427951	-3.87272682780809	-5.20023860341262	-1.00891832450893	2.80881583884138	-2.41860766464487	5.01805853810137	7.74010366402513	-2.4961838460029	-3.86903716650393
-1.71636316560423	-2.07956611009477	0.0694753495549403	0.323610135801749	-2.16516121663323	-2.02206117590986	2.64931089038561	1.19725772163655	-0.323228367693574	-3.32700091702525	1.16501788368411	0.434619693958247	-0.579744204895079	-1.00843911141975	2.3469343963225	-2.53220341834754	-4.85459154292387	2.07729001900142	3.18265927239356
-3.08690874614214	0.462331319763349	-0.0477285782801191	-0.889018078545564	-2.47209182834532	-3.28659524414972	3.17864377630918	-1.12408227099905	-0.875503364865651	-1.71539742105474	2.90238828493263	0.669520917899234	0.788337151301625	-0.588788104267758	2.87228856321824	-2.34882406266116	-3.95133713834603	-1.24786310116637	2.7675377341119
2.72441144560162	-2.59495009432491	-1.85575496346958	1.20643894686837	2.63628633121214	3.23926455434589	-2.38790443994617	0.946963068767385	2.05551151135688	-1.97476852377658	-2.98772327531546	-6.75744301475957	-0.243221084690395	2.37151615093246	-1.27880635525875	4.36719517669314	6.07065035836797	0.351511240475425	-1.89931352997081
2.29032711793537	0.779671185048347	-0.642994566516012	0.284503829262849	2.21350667035551	2.56118138531448	-2.66301407732029	-0.314576468050115	1.31033638111254	1.60156040479136	-2.07423394709018	-2.50211684117774	0.400113677778669	1.25950771030923	-2.04762548794925	3.210345342143	5.2191931525208	-1.11082027550834	-2.88599995300526
-0.625126670643434	-0.215598745653462	0.298414662970924	-0.485720940437379	-1.13123879703503	-1.19347372279196	1.30738455941087	-0.264445945088033	-1.00047627884884	-0.405830518613579	0.847924107021791	1.97042048661132	-0.040339032011623	-0.302090312537197	0.803008760314682	-2.03184163139404	-3.00443364106063	0.307314223693594	1.32710040660385
3.61181298545232	0.703350250242709	-1.61485928887017	0.850184537302018	3.27850495250443	3.77115753597836	-4.15886537319878	0.332444613512461	3.01959951588158	0.771121092665704	-4.21370586681511	-5.47036671674618	1.26956501983914	1.62854544824459	-2.95963741372717	5.23230120037284	7.21236644043385	-1.04789336543996	-4.42425888536422
0.486335317616714	-0.991438511742438	-1.30476939735997	-0.485220348955972	0.246393431730579	-1.26578806503803	0.803347992824852	0.0450487314870198	0.203012486163788	-2.71643397553704	-0.640351483901593	-1.92191597351219	2.87392899560497	1.1833344564476	0.716994318542461	-0.281054846274964	-1.71536709505164	0.203462903425878	0.678889028788995
2.42681078094998	1.1303612342434	-0.754926528600075	0.288958407901592	2.29162282542087	2.74846559355395	-2.77988878329497	-0.448477581447685	1.54373191923161	1.76453669821968	-2.28256374876672	-2.7879896895304	0.502642778668041	1.39420898344843	-2.08485999417393	3.45952106235439	5.44154700269354	-1.52066858795631	-3.12295495462445
