-2.89579017321153	-2.81202834257743	-2.42065752495642	-1.54473162741185	-1.85267675487795	-0.547823590740576	2.25860421098115	-0.934346433101106	0.0492217195642113	1.44112924112203	0.272146661995286	-0.23009051059163	0.580863266378672	-0.616211181764865	1.73928894518587	1.38175869098034	-2.20118850069173	-1.33459846044054	1.56978555506212
-1.02233409884998	-5.83577844060987	0.543158392396074	0.12729760452695	-1.87679167410207	0.977467926138801	1.02642839554618	-0.711910331835922	0.801598261540705	1.27238341791673	-0.304338950362624	-1.0113899321831	-0.310940194325098	1.18090979432123	-0.509729898808796	0.486161810164967	-1.06441034025209	-1.40711718314674	1.58093287920081
-1.95467697542627	4.97667879597631	-4.01328313621816	-4.80493904706644	-0.0700399002858332	-2.36376383029958	0.401474066793008	2.03691869002013	1.13876763677867	1.93822643911955	-0.923229536673528	2.78919718543796	2.91312786289368	-6.41066345632771	8.71953536397417	1.02766461893416	0.323158600873876	-4.81998856873976	-3.04258763240322
-0.105920844952565	-0.129412973041368	-1.08082084018884	-2.02236860191595	-0.76739128342964	0.318467995509296	0.524291023591569	-1.15676350008444	-0.366099741434776	1.08410827488907	0.337521804844864	-0.3921285822412	1.03425061012504	-0.737022227009014	0.962993358696285	0.102606949133577	-1.26030143456902	-0.201414251993389	0.432934330547679
-1.71244521146937	2.82793993479686	-3.21853366171626	-5.20955491432368	-0.770913827450166	-2.17107469384283	0.663948598640898	1.79753094529721	1.02551968387067	2.25169717714887	-0.551560580532559	1.89763888012905	3.01754604653846	-6.19425811184474	8.71596291212089	0.975039012577771	0.4640061970612	-6.58432355224786	-2.4735148190658
-0.880485545838634	1.5338568746209	-0.0200451331012774	-0.382981404556368	0.816107373403613	-1.9283045622223	0.0859240889222132	1.2923942955105	-0.666895854059422	-0.318830694138238	-0.0285029566924628	-0.00267771098951811	0.759664367185605	-1.2435878492914	1.49230645172993	-0.0276437950992665	0.441951402371826	-2.30164955116713	-0.807293098363933
0.491419866648278	0.600616448572134	2.33428219789269	2.52802473079513	1.09778309468074	1.20065700555243	-2.92243547316066	0.71264961020599	1.39492341108213	-0.134594679615337	-2.19033059626061	1.17164334208686	0.14570933752092	1.88331747901228	-2.16236070315518	-1.33613904318467	4.17596106069286	2.70871907155333	-2.81774166571868
0.154649043063605	-7.21013979864504	-7.12548397692844	-7.26228575745836	-6.2385173616212	-0.058221746749581	10.4152939691268	-6.30664453916092	-4.84721294681502	0.488205811704967	9.17629604165553	-5.83983067111446	-2.3986571629689	-1.76317289318153	1.61534972301549	4.44519657903224	-14.7474482394456	-4.41751581924599	12.9217583820234
-0.127697541051566	1.64448200254193	-2.07629689516416	-3.74138988119436	-0.398001848830482	-2.56788093448785	2.69737945058996	-0.364881001610139	-2.7158689924221	-0.297013019536551	2.9454380897594	-1.77843281270534	0.906987014065858	-2.91157528788662	3.23552025288637	0.781854786276718	-3.42073191639731	-4.65837600433907	2.15881886565608
0.61880781665264	-0.703354751984582	-5.28942281031614	-6.26478991686526	-2.73872946695553	-3.25501363184137	7.50101241176126	-1.00360218127892	-3.87552766451026	-0.980640186311192	7.15086604781369	-3.27726773468811	-1.40724460826868	-5.24801532697255	5.78101267423899	3.39603103643292	-9.61801441810355	-8.70475136663879	7.59411708043166
0.433880172065959	-6.26440232062242	3.72649621217548	6.90894199611554	-0.379741184388593	4.48701238178875	-2.07005708339958	-2.11859326208386	1.65307199046892	-0.592757154595764	-2.00198911280118	-0.481089131664978	-2.96225500314027	8.0505906979454	-10.1242040331473	-1.01130349890238	1.80390041796701	9.32064981504205	1.07884251069864
0.107507779947701	0.539331531197728	0.0446523028810203	-1.87061358866096	0.18107269377723	-1.53690991628463	0.815328871647254	0.0378630483086308	-1.59135837407265	-0.0793737982944362	1.12730211076746	-1.34469671643874	0.95799601205629	-1.23992608019007	1.59737352919469	-0.235099534293044	-1.08075013993924	-3.18628131491831	0.55481864431759
0.866634325364656	-2.05161070722882	-4.94284172031931	-4.98560535886543	-3.08494430269787	-1.97300379332746	6.96680238807324	-0.906598004011759	-2.58685730754245	-0.77971089052335	6.33901968603832	-2.58555130086763	-2.22561383993456	-4.39185408529048	4.66523060053736	3.53633182362614	-9.14839909617503	-7.11229991597047	7.43575542691534
0.814404980089899	-2.25067240906084	-1.40637742688956	0.866393959438673	-1.81951758104274	1.43098552477002	1.62330662926969	-0.975614522694991	-0.00141581244764276	-0.507215315196685	1.98411959364814	-0.491467709688725	-2.23576847030368	0.816661572825497	-3.11044275990849	1.75489640278678	-2.25764442225273	1.92485550253933	3.05652679498992
0.148134012905837	2.44239829524367	-0.896489637110021	-0.55944768429247	-0.0704130430785948	-1.05833391016924	-0.130630965643474	0.995968862972998	-0.403678064732904	-0.671725732484196	1.00615483006617	0.499701837372449	0.153713033198897	-1.72184645457093	0.652332554023711	0.651521962445821	1.63317696350156	-1.55092092889893	-0.761080378276367
0.117443778804916	2.94877386254382	3.54844860166552	1.13077354420899	3.02353391724804	-0.581989631489476	-3.93305442038371	1.71683883198032	0.826119357362509	0.256692650470659	-3.60011226827132	1.11674091056579	2.26600328556502	0.610242641934841	1.17432092659223	-2.98850976889319	4.79888752257798	0.159118968634351	-5.04905588901344
1.58935627925158	-0.614922018417035	3.64538380707368	4.95400062220352	1.93992951500193	1.88972792514235	-2.71086044386241	0.022252092388076	0.444768903945028	-1.33055026548932	-1.89037907532947	-0.150464357761014	-1.62260412548613	4.58877859200485	-6.52919268183545	-1.79706036240373	1.36739825540592	6.14385924441789	-0.8051319582834
-0.157953976769894	-2.57768212124648	-0.52586380516315	-1.72961053331511	-1.2816310084533	-1.45681690109124	2.36570130638996	0.508984571820662	-1.10767058678247	0.070371037737775	2.0582474345733	-1.71546335950721	-0.18894027741491	-1.70781187025905	1.58688184492273	1.21591151434998	-2.45234556953843	-5.20465603886522	2.41264829970703
-0.297312469551313	-0.395080125882072	1.90010639054559	2.76675028637846	0.636740330082666	1.51333432182599	-2.653343562043	0.390535288820482	1.7719686464378	0.273952954057491	-2.50002192900095	1.36702625498881	0.0953883508399428	2.2995810937003	-2.43934336451879	-1.02181714332074	3.96563308904847	3.40475545039923	-2.57933859452002
