-3.46782307401515	5.6672509857037	0.273166772282025	-8.93716169995441	-4.2454421473058	-0.158545995053894	-1.63999503815163	3.22552552534921	2.28731296187052	6.39558423056887	-4.8035403992414	1.52563267150724	-0.886141720952594	1.22449617685162	-2.5054387838342	5.90172569078081	2.42115608047424	0.233060297023595	0.420669659173767
3.09790702690472	-10.5853361848277	-3.19323331446944	9.81835327701861	-1.65303165068404	1.28660907200532	5.39832451884806	-1.86803407449763	-1.75265894927675	-2.29356192595985	1.50035772093999	-2.85487756284986	-0.586609177723698	-0.52561189254018	6.00020106291444	-7.87645370197161	-7.58553452739976	-2.6100939795403	2.23979943926967
-8.62671293455318	4.53510762546451	-6.83933071504931	-16.5913791893638	-16.2861690319373	4.44681363447594	2.03703506595251	9.07510118164249	7.22391295309282	19.7399806166898	-16.485761389993	0.94345597397464	-13.6762394999258	3.29836230209547	-0.662668005252446	18.8235005043142	5.59474766388337	-6.24481867773859	5.09609944606183
1.79987891643766	-3.85075534346472	-0.816344050339776	3.13394529468779	-1.58285465939363	0.495739330055038	3.26885945271427	-1.555913192292	-0.605058583212386	-3.02226860954072	1.43296671619309	-1.06419430567992	-0.0995807975900274	0.469456231571151	3.5463683232819	-4.72591159128572	-6.3205263189971	-1.90478318854968	2.1982115410016
-4.71925461682656	-2.92570832721642	-6.13993619512544	-6.65056598813817	-15.7307947170572	4.6625243109655	5.48829096234022	3.85659337503615	4.13068233849046	13.2160579324024	-10.1079341249228	0.0144426798587959	-9.88976707536807	1.94573998322045	3.85729322043425	8.14601218367937	-1.2746108195725	-7.70193330693418	5.70855996938977
2.35821868985308	-6.69716951729255	-1.5280681153493	6.45320738572364	-0.452732418031381	0.231374853751872	3.81051940601902	-1.61055900431016	-1.49766607350375	-2.98530319642265	1.67419811919912	-1.92698990772193	-0.308320410326028	0.12403023955136	4.30523849305313	-6.77586476497673	-6.25321190358875	-1.03616855152964	1.80042317456003
-0.568194934760357	5.90149231406552	2.59673192191057	-4.55644278047079	2.46988343493374	-1.30780231914226	-3.68730257672359	0.535693936364509	1.24556820091343	-0.340655730919959	-0.225697324762829	1.51428824718399	1.15106420563955	-0.390881060332504	-3.87649404248187	3.80550822558045	5.43724488886514	2.83478418474383	-2.05631174953215
-0.0693284941355246	-11.6233115959956	-5.99016127350587	7.00974850476431	-8.29033806290474	3.67227724447509	8.09265208486075	-0.872132643049832	-1.60759370777181	3.43994920968494	-0.677100147929776	-2.69419051483319	-3.47588555429874	1.01359873674957	8.11376268171591	-4.83429914054832	-9.57781838837995	-7.78642024310385	5.08273055501846
-2.98943375624608	3.67149575071227	-0.37722784036384	-6.63351956668185	-3.96313562517638	0.181529166655982	-0.704712475282385	2.78572833375229	1.51938214867134	5.71897719223651	-3.9861128038408	0.994892043842519	-0.770260112486712	1.18131874497156	-1.39048809635047	4.26433229467145	0.756350671498787	-0.475499008229862	0.725252800888065
-0.976604649003623	-14.5556350190263	-9.49062081367947	8.41329074810916	-9.18010682194849	5.35307477790158	10.3935547499829	0.358869196832414	-1.7650164696435	4.8603048168613	-2.27670987774408	-4.18924301651778	-8.4935698869811	2.13939874008786	10.1847884659984	-2.72989067494467	-10.6311292007804	-10.6390613997812	6.98450933683943
0.97659661148614	3.14824518319003	2.28070864202276	-0.440021192109127	5.10466199212969	-1.81230710285371	-3.29063229081106	-0.256467378895097	0.425604070684483	-2.85867983726369	0.839522254474637	0.486344150091791	0.349110374459784	-0.926866800283918	-3.13873085143275	1.25966092197487	5.57118315963457	4.18773823362425	-2.60009240975859
1.34863661303927	-7.23517168280101	-3.56674800610753	4.78262626345627	-3.31309889657513	1.59415636565263	4.83568005592692	-0.0448893783363404	-0.21459509431106	0.0494790607693059	-1.14155288441971	-2.2863931433909	-2.96193647991267	0.543897194297291	4.90332073971357	-3.48647842883104	-6.23748357609396	-3.12553608739245	3.02907422679341
3.33204100997377	-15.0078726672952	-3.68613794174634	17.5997145144839	5.24412585179599	-0.0680434242448662	5.70393445081215	-3.94429386293343	-7.44410078280857	-6.13384980917486	8.21047940865335	-4.79702869004104	3.35992900695848	-0.134797981425387	7.32826379178626	-14.5488986674281	-9.91089261493696	-2.17087846031876	0.910660152277393
3.89018130727548	-2.55988916570398	2.24213311061112	7.14243216981081	5.99334838689351	-1.19248747271744	-0.64483293476369	-3.76305515817864	-2.11460900739956	-7.69395798410117	6.05791728335098	-0.530045343148324	4.41564689898837	-1.87531220083549	0.349559265748059	-6.13701399685121	-0.686224937762596	1.97365768227594	-2.04909786518544
-0.67190627579723	5.62113719647027	2.31052898485266	-4.62975683058922	1.97888570954518	-1.15487895983309	-3.40729774873156	0.656632371424319	1.35968441599544	0.0225515493806605	-0.553730224668274	1.42674295185227	0.734922192316322	-0.30680906513148	-3.64349374080583	3.97934313143509	5.30249153342088	2.56198554614189	-1.8123097737692
0.139819143301353	-3.03483949765737	-0.780516609055785	2.64168069382354	-1.26192708157752	0.142633397863154	1.83868426218625	-0.450719208276137	-1.09066728920577	0.292052346089571	0.193373654720554	-0.509426623375705	-0.502419612135673	0.319007323999811	2.00185472835746	-3.49752678273948	-3.06328589200975	-0.429767112142788	0.879547383002983
2.5573824157819	5.48082867012473	5.18401556988277	1.1778671768375	9.62624352209727	-2.80657945907301	-4.58599766876286	-2.53195664382775	-1.98435822566732	-9.179338174463	6.36666658810955	1.33274210748464	6.5931056623502	-1.03961018757482	-3.68005492811782	-3.85322571790985	0.197211078489831	4.62706547777273	-3.70679392170722
3.07245192289957	-3.44795253499052	0.973175465377578	6.26013797358265	2.92877430914501	-0.0916559225542812	1.24219500445659	-3.322052299573	-2.65325949786788	-6.34433967699004	5.9818820368605	-0.76130056623338	5.9264780239058	-0.921998629014334	2.1748899981591	-7.17618451523076	-6.48918090290186	-1.30317830991802	-0.224442361024689
-0.538591068414214	5.18533121808145	2.29638817112018	-4.06685308209903	1.97240051461176	-1.13193271830756	-3.43739008489125	0.587769809812703	1.3281194102278	0.220538003700689	-0.583875673872883	1.41422832690161	0.86540247705014	-0.556314402621113	-3.64423349080888	3.76020264442056	5.6101268453471	2.72145609252572	-2.02307279099533
