1.2654011274459	-8.5972097643755	-121.448052231473	-133.369651202299	63.0366628852556	203.456854973748	33.9004481832309	-85.5584178496866	-141.635523384213	194.016748246967
-5.67622107978343	57.4590971976404	128.915055585924	129.913946966271	-28.1227534996527	-245.1930604397	-66.5241646882136	202.554137622297	181.850959681607	-349.457612568136
20.6146750722124	-129.468043364492	-80.8228897995049	-352.999717383997	390.905420138247	353.729758196919	-73.8004801842023	-333.256287562398	-461.020400848687	671.210961062126
-3.50905514846706	43.3797509130848	105.098530519846	133.697676617661	-120.933698329661	-114.200026980954	-48.5488583836553	229.767741333475	46.2034881574147	-265.45153741977
11.6034204110981	-67.6951279276097	-118.675468927173	-179.710054717801	264.231896472089	246.923478465467	-291.800250916655	-98.6318457610235	-75.1103553140128	313.918105530878
-3.98477265016834	45.9763556533603	77.2472025637337	133.229400409115	-78.8765702868307	-213.71351107163	4.31370682706291	236.533847772886	76.8423637130889	-272.367263197444
0.293620050126401	4.72397375013473	-4.63490400759321	-42.8014898734476	19.1012726205309	42.0498771369946	18.9433859014741	-54.9152938180479	-14.6847397665942	40.7133203469527
0.228774842914319	7.80743166316619	-28.1508418170619	25.5531262524081	40.6215805694258	53.3384631502816	-205.953017717893	56.5534437478113	67.1594976778012	-11.3576837033333
1.34799866062139	-8.50884475982549	-112.713618056361	-112.656081207122	44.9673649019314	183.269400125364	45.894666158649	-89.2163784477482	-133.843199975294	186.723339124045
9.94384708273805	-56.3936889697685	59.6927516913839	12.2529467178041	85.5498321815237	22.387956117228	-121.06310165305	-34.9302548972585	-192.528262891497	221.277627130125
0.43681816519303	2.22979899552323	52.4413898983563	13.0160627789765	26.9584938692215	-149.403568765313	78.2181153509188	18.435260552682	1.03171878208741	-34.666055705602
-0.533654038900347	26.7086284105068	149.630467297362	86.3543769788332	-14.6289435554286	-174.744111400825	-17.2360506892507	160.037341754037	-3.85008876498504	-205.892029758221
-9.62586834364548	46.9306810151239	-16.7024135567239	143.575891864316	-102.678575319663	-203.378072008218	117.237544581921	106.198549991359	22.9526180431801	-99.1533083276259
-7.69181253602591	62.2573722916961	102.404272006145	133.906280680945	-96.7477552920701	-171.757506865693	-59.2291153488529	115.224258150473	252.912445496177	-322.288469865164
0.615014160655037	3.11924049260183	-1.89110418815909	-45.4787872653686	27.5618627731275	41.3591109234194	11.4555460745625	-51.3808244396499	-20.9530331365705	44.4181899468626
0.327549565088995	0.194708648585629	-104.602922724432	24.7126293038231	-17.0581647321621	-39.193865145824	26.6084101956259	67.4300104675476	20.7002570533552	26.1028366502679
-4.60069598433149	29.6499498195361	58.7785802139175	126.033258669507	-245.378562381642	-62.9033160470424	195.972053122579	27.7366435703964	4.69760148400228	-118.809162263453
-10.7193281769425	75.1985444932614	110.699789942756	137.246199936122	-193.243501623287	-9.78663288132707	-55.6371357960622	85.6999385142641	187.961450923576	-322.279106009202
0.274384344252795	5.07433549766434	-13.8563655501435	-52.2025890823928	45.3349684920237	33.1759289264112	-0.821997271335253	-61.3800278865409	17.5698721894679	35.7022593122281
