-2.0862189515471	-3.35317140134572	-2.32991357482415	-3.21034266426432	0.153355361822031	-1.07649078803336	3.03587466026896	0.0109939307318516	0.107756868710539	0.290125028414827	0.192906130732567	-0.496291505689433	0.204301958766097	-2.37922275122801	1.13196363462214	-1.04863418986546	-1.12110280812754	-2.76779789429547	3.95561381848472
-0.836030392277628	-3.56979786348734	-1.00807777867806	-1.27450670863172	0.913236517844917	-1.13858583499489	1.50210596585942	0.493529450499648	1.00338671235655	-0.573574957563513	0.838134640846581	-0.855998882912558	0.288527756063975	-1.74704139949131	0.390397654425734	-0.434061571988139	-0.907037286464068	-0.482723447091532	1.83150644103063
1.88380497375981	-4.20586251483032	-5.85392275106441	-5.13718473104798	0.549693721001503	-3.04316663535203	5.64581634574131	2.10851908857893	0.0511432462343639	0.0716032283051604	-0.364696051689593	-1.61233553110969	1.51429735510737	-5.95084304305951	2.22062850570045	-2.89085241828119	-2.24878851275719	-4.4419234139457	7.19723149787366
-0.911767223704356	-0.286488302489912	-0.806353233938309	-1.45639740986928	-0.0963265438902925	0.134369669540776	0.555490387277367	0.745511236085689	0.142494410391536	0.61699487205338	-0.80106790553073	0.852611225752654	0.0863720686018929	-0.890712571480734	0.318488582299121	-0.435717744571273	-0.257140675744736	-1.11543495619713	1.07496919851307
1.29290953880351	-3.96186732935445	-5.12632003034344	-4.93605564365831	-0.0682508204358441	-2.95732326720642	5.61161674470464	1.61748818860684	-0.815225799195585	0.101918197940653	0.550464481580319	-1.12243437862946	1.45827841787105	-5.09937786511372	2.27136694969189	-2.56402773864305	-3.41885028173571	-4.72612074835665	6.91214264044359
0.421362364109197	-1.19431582351823	-1.06666233532212	-0.59494838504131	0.0869455079417869	-1.57428446195459	0.835393557885975	0.360089464813048	-1.16039796198171	-0.220465844336089	-0.018980694879184	-0.437691536742459	0.979640591471457	-1.33632561089423	0.886407133730453	-0.104540100278954	-0.610188437968622	-0.147340973402991	1.01258700793953
-1.40679284056213	2.37448298817218	2.15917487972638	1.51328502529219	-0.0936318590344942	1.97784447305659	-2.99225940037976	0.368554298660116	0.695800183014953	0.453644793484318	-1.42381741796839	2.25395899736192	-0.887207445910453	2.17167606508149	-0.183616618418848	0.684708228634398	1.92114846923919	1.89412516371396	-3.14697333545641
3.85028526867705	-5.54884677526325	-5.80916656952899	-4.0977293630644	1.02808551936268	-2.99676784285947	8.8769424014619	-3.29921421447426	1.1289941374128	-1.46453761774045	2.81379439229622	-7.59844484748461	-0.291511008207049	-5.23137630353273	0.410924869702317	-3.29980173334902	-2.83166811622212	-6.36140546598464	9.49754736557292
1.27186493798194	-1.85219884410833	-3.09230566872365	-2.29996513815794	-0.56861625648569	-2.88252812959136	3.56680725950111	-0.394896204460272	-2.76671995699303	-0.288980375707721	0.5919879362321	-1.34834380392973	1.38344333433786	-2.97152398885548	1.80153742731587	-0.814370329349489	-2.13380891496131	-2.61594595926844	4.06882744810357
3.11988845268773	-5.60321467657684	-5.03876740854302	-3.7292117409756	1.18244843964717	-2.83013460326231	6.71438426261408	-0.166190917559285	1.43631146730313	-1.96008448625918	2.26727911373228	-3.50247428699743	-0.106151209166942	-5.57698720823457	1.50014558256039	-2.58952305858939	-2.57961905779094	-4.20424409342047	7.60062049777421
-2.12635143238689	6.20717491129038	4.87725964157127	4.14821250593476	-0.15485148388935	4.26493032950675	-6.09924376137581	-1.66159558923677	0.877479888133541	1.06394672990816	-3.23049268027367	2.36895839500448	-2.05167794168069	5.20597918144001	-1.56936422269615	1.96405343647546	5.02136402105407	3.87091304959928	-6.82677227162075
1.64937483384748	-1.5982666306526	-1.86059745343981	-1.12908633713148	0.76484876569806	-1.00778445418207	2.39492140818281	-0.929066514973624	0.916293787300953	0.566524817529601	0.0232548829135331	-4.38805386650805	0.747419317289254	-1.15968406309235	-0.652523064724158	-1.69949088284883	-0.624797518483228	-1.81211037937798	2.46012733041815
2.36655779853944	-4.78077141525995	-4.64309286997286	-4.01933956394073	1.14809205011543	-1.51036876203083	6.65845277187705	-0.714537134932782	2.42791775003395	-1.29661208704305	1.74703848970968	-3.55736622337989	-0.869682128252828	-4.82228695779982	0.94497170064569	-2.96879597103424	-2.17573157536329	-4.98806469726269	7.62937203118259
1.31246697634065	0.56699698732003	-0.0752214185047162	0.713234727557145	0.447079781277622	0.788565965618282	0.226154287776732	-1.1468719116772	1.29992302542139	-1.06997956232277	0.098711412466726	-0.657340887264926	-1.42828470968553	-0.304835607338246	-0.753927103272309	0.150242757667597	1.48129013212433	0.146359324704533	0.13115316696261
2.27753291416553	0.0602858785167322	-1.58932842754026	-0.702133529622014	-0.0208838461265857	0.666523587021231	1.99219162643504	-0.802038938157618	1.92686262955927	-0.313275620262533	1.12267166672709	-2.49523170184074	-0.976082297196005	-0.613233769342934	-1.80620504189842	-1.15901923217915	-0.015380976740915	-1.96979091755764	1.96543098990253
-1.81680575780797	0.544160723954246	0.956553648707269	-0.478878521442591	0.364701751301344	0.929689505904327	-1.54463556676176	1.59851674937079	0.66322205959669	1.41167440095064	-2.06754543579318	1.82961349385604	0.353226243780879	0.549655507539259	0.706453062588102	-0.465285940609035	0.0215191642414321	0.395069338794737	-1.18677230525882
-2.56634859750484	4.62375261307861	6.30995000883565	4.43755466024459	-0.844655875830399	3.36936552849374	-6.18245023294773	-0.774071134645984	-0.330640874723292	0.624030461718399	-0.181685152967485	3.49759970673448	-1.18633067558783	5.84185571967772	-1.95123586095764	2.73781098889207	0.606133981121999	3.96509874733205	-7.56094342043685
0.535818646759167	-1.02695789604656	-1.82561512158797	-2.17119841940071	-0.0469048576153224	-0.289049370678732	2.75940753711977	-0.434741957487566	0.383430967525605	0.389767616213746	0.270635551375784	-1.33645783963231	-0.0936754628129766	-1.62299487417473	-0.00195055574472436	-1.32273425398662	-1.60960035953254	-2.9796616344276	3.19815021495355
-1.09019214418695	2.34646471986103	2.37556996173194	1.83113691340542	-0.119658832207767	1.8878238120606	-2.98650760357912	0.135017056625594	0.630341798171888	0.351451775083779	-0.993506296964961	1.81874328357186	-0.82987314139193	2.45301834896083	-0.386093653027636	0.713774279305636	1.58902760311449	1.99332038088795	-3.32907646954133
