-2.50134406498061	-1.71216670110153	0.752796779334421	-1.11472267601991	-1.10936332048633	-1.34392139528387	2.50088414235891	1.59414732497325	-0.951300273688109	-0.350957267222857	0.836514687389969	-1.635603316819	-0.134931949813511	-0.0856115115841248	-1.40566172286353	-0.869200580231183	-1.21803613522345	-1.63230363468332	2.61516015885929
-0.83323930544792	-3.03173307284878	-0.35136711347745	-0.579942893362725	-0.261271599206088	-1.16512727953002	1.71362341760647	-0.195630012536614	-1.20132492919599	0.0533811802872063	0.378515783423003	-1.03093148752231	0.363453803736325	-0.244371821939048	0.520930434916855	0.0824650041910135	-1.26079026100367	-1.02534555302743	1.28277747315503
-0.157522209969775	-1.72158979819319	-3.27183086371544	-1.42721735249779	0.84300544442262	-0.996496388309745	-1.34756560467414	1.2026765898553	-0.81179646976277	3.08264371763707	-0.753391863113719	0.877568687536884	2.67572780356457	-1.81240428367964	4.21348866212465	0.289575338966965	1.03631827761524	-0.540896994921852	-2.76734162793386
-0.619167804957849	-0.356013659379996	0.0451823928644002	-1.87974093932306	-0.00678895008490485	0.0791516275423567	-0.000704767068536967	-0.181770086414043	-0.444659723004713	0.366159358763055	0.378582362461512	-0.173096235800511	0.836896274759813	-0.376685196785228	0.468092554662598	-0.151251626718534	-0.402099230192657	-0.0798986318718736	-0.0576090155376013
-0.495506138838177	-2.42368592166888	-2.9035246024269	-2.08566893676258	0.472661459025495	-1.37852088682776	-0.481723079170707	0.870490276062296	-1.99645993739927	3.0288186861416	-0.280872277835898	0.764414952573188	2.42185740746772	-1.57627037775065	4.73466946335859	0.297539183947001	0.207778997623909	-1.30927123486602	-2.26408452387698
-0.368797909510163	-1.09188690385406	-0.313940391147449	-0.272537116864192	0.124184697523811	-1.67408016991093	0.379039121037343	-0.148518419809086	-0.821600092685149	0.444681814044771	-0.187290014311428	-0.466813662477932	0.594118458770418	0.00394437868505066	0.910423000957139	0.152195228793356	-0.166095701406643	-0.961034532882769	-0.0778841092909458
2.0996271039318	3.05122727256914	0.165777196567822	1.07927833219793	1.06237795455327	1.95690758402874	-3.36039659827276	-0.133260852233036	1.86619903735912	0.571932576005937	-0.964496605015868	2.43291716913267	-0.306049104818929	0.0581627785515317	-0.0570790516305727	-0.0526988549223198	2.05628905733064	2.04927043646439	-2.79781753251071
-6.2044611210906	-7.51076659800154	2.55585013918597	-2.50790993076653	-4.86471719758115	-5.28883654389815	11.5995740169411	1.46488870727373	-3.6661955292378	-5.16239151364309	4.21286499030183	-9.13831930710594	-0.683745575768724	0.58780318151533	-5.48404357044555	-2.06891500244409	-4.7910033885251	-5.16887514194066	12.3600920669297
-2.08620528849912	-2.58651800580524	0.049312130092921	-1.68010747069718	-1.39597392596218	-1.90541461895966	3.13370325739304	0.905764424951561	-2.85946383165594	-0.239228743588426	1.14506812159048	-2.35262686855469	0.550363182157024	-0.275366080627213	-0.27014214983686	-0.479784963972158	-1.86328307879208	-1.85110561956316	2.90834433389336
-3.93154216851095	-6.26949615521238	0.264024286731483	-2.37496756964458	-2.20330758133492	-4.06029389760405	7.53000471524839	0.659680257023957	-3.75949836026714	-2.75345826266237	2.55741477880709	-5.33894875833733	-0.202218805031666	0.500880738117428	0.00726114424972672	-0.473755168655526	-3.41682132251245	-4.27953808690139	6.61854767015979
1.4243496701431	3.38144579661911	2.37040257152625	2.76387836110503	-0.425728784419146	2.07463337983971	-1.05349445720524	-1.01113107460298	2.39804248808746	-2.80401413955224	-0.931989430661242	0.965075733566763	-1.70012905980954	1.75161235961761	-4.06386873756093	0.0464993922991196	0.717178413281678	2.00230864457589	0.736836183534655
-1.14911407268816	-2.09615856849772	-0.0774052518871902	-1.43137386314548	0.200402765960786	-1.10097522005249	1.31438682179816	-0.57135626112612	-1.47599791771162	0.581914068516412	0.62469346428842	-2.31679690801354	0.437802711700406	0.0231399630195025	0.958494142749865	-0.353633018027372	-0.984620566086787	-0.974008891248345	0.746244899251286
-3.39981999892334	-5.36258091371939	0.611866954887934	-1.873215761463	-2.04360204443893	-3.43448329647554	6.8615867445341	0.6490148782982	-3.28183187057228	-2.32462937906547	2.61762501187163	-4.54632451729577	-1.09299321648365	0.574667976667128	-0.311480467196125	-0.420781190162598	-3.15301275488619	-4.03066170027352	6.04949609357968
-0.317394873886662	0.580532312684553	1.83741298525514	0.63432956738471	-1.4788936300342	-0.40281889771809	2.14137979910729	2.07821111427545	2.11345356061295	-2.95858940879718	1.24994383575007	-1.59348730295633	-1.68931015628424	-0.680916589378662	-5.00608736340846	-0.927786642018503	0.487135188902508	0.262212084116421	3.68580777024889
0.0208585101018069	1.50022976311175	1.39169852636744	0.432336771997902	-0.890862016345405	-0.75259013359958	0.652970842076327	3.3769385164316	2.35693944858079	-1.21816386494675	0.753608001488696	-0.740809181375328	-1.6633657334063	-0.382653971360923	-4.96987753503814	-1.64319312605942	1.74762807381446	0.920530972320214	1.90799484838178
2.21036339140688	0.704718635649694	-2.121142824851	-0.557193070013238	2.64498676507399	2.46877891200062	-4.7528406442511	-4.07626483866842	-1.35245682247031	3.8986626702672	-1.87473982372677	3.84277581947177	2.08562101731441	0.179469403321317	7.35590386826419	1.35170484827556	0.218366590607362	0.488789154624648	-6.64129508267035
2.01695026597821	3.04008189368289	1.04833655307674	1.72960951778843	0.884568971791188	2.93413495040841	-2.4590349572736	-1.74039718244753	0.552934522908313	0.0237457639424574	-0.460888813164133	2.44440351097579	-1.47813022848216	0.853459643216025	-0.694854954806315	0.583165443899447	-1.17341572021358	1.54682237198303	-1.78655792083121
-1.74376397948578	-1.72627759277263	0.116025583315043	-0.805417438396276	-1.02027497207433	-1.55094869373038	2.43797402776601	0.32191094077556	-1.67426968589904	-0.606936476786955	0.683886690987278	-1.64080476151242	0.668470098630424	-0.173031063733137	0.185276437094513	-0.0854705459704968	-1.54034371252485	-2.74407241464552	2.12378302601237
2.00872818579569	2.87190034681165	0.290973519256284	1.0954614735392	0.919050613083763	1.78507380563851	-3.02628578480559	0.198788604095023	1.94846301072244	0.403467899992052	-0.910758072539577	2.21048404195987	-0.396854097195436	-0.0264003597143345	-0.449457673484805	-0.0996814678613502	2.01560696869659	1.94031424201794	-2.4422984503411
