-5.10347627115815	-0.804052217925213	2.06767448966819	-1.07263152964651	-4.02400118629054	-2.20367750775862	1.55100635515247	-0.905932235984692	-2.30482382023573	-0.018135371769433	-1.54445739875013	-2.76593814107997	1.24520536954445	3.76936667964997	0.184635815346941	1.28741281324924	-1.22634277629196	-0.141210705149505	1.708300814658
-2.90826900576446	-3.42615035837988	1.6813609058381	0.433338878212566	-2.84279506155744	-0.348743139255349	1.26413365858425	0.527215065981071	1.06405016682812	0.142935175580341	0.24974389965743	-2.04383045353538	0.187454647540207	-0.193829656593527	0.195106938170046	0.673937690780259	-1.31468022201387	-3.39418420517765	2.41628782655806
5.02900596747037	3.66692047458671	-9.12740200489475	0.85296924681327	4.16143305267443	-4.31920116560245	0.269991173578163	-6.37999486586504	-5.87348528133766	3.15031567371501	-1.07552893429146	0.819889780204226	5.63463405567498	4.08243422923028	3.63008978284044	-0.509851489985871	-3.35394764417323	4.67061289152618	-5.47376738369515
-1.33101819532721	0.245037255595282	0.000835444947999697	-3.61710343901141	0.441864294245924	0.158579408856049	0.256997851711645	-0.373326749717506	-1.31822908585369	0.210897004690766	0.719977194887605	0.449588705782539	0.123033855975578	0.420476231720762	0.231773799426446	-0.212519897231636	-1.42695717685181	1.2244880075597	0.483055033023063
1.36577436546141	2.85708616827886	-5.46999754177456	1.35555796764768	0.965119969965278	-4.83215968435883	0.522282590748589	-5.51286678275553	-5.59048004584862	2.98113212951368	-2.84692390254845	-0.726880848231433	5.17897797724926	6.06710954711413	3.19647633049008	-0.331798560469394	-2.71695975881493	3.74986988574359	-4.21271519316534
-0.69201668742086	-0.020783675323652	0.234517325063448	0.643132561020533	-0.771530461289864	-1.8726012700356	0.871357554833907	-0.435253960433922	-1.88207566703396	-0.235334779495162	-0.887622591481341	-2.00813208592922	1.31288696746364	1.36127571917663	0.00719711387214689	0.0421962697472069	-0.471508524519494	-0.489853296847224	0.434854513959642
2.31337560457062	0.418503359970622	-0.53431974328137	0.0615801962048552	2.05517788003414	3.29921075724025	-2.22197000804626	0.784499280861517	3.68810760863383	1.1527363088345	0.883776855951285	4.01813897712189	-2.14201953391453	-2.58640383747388	-0.1471127208406	-0.796975427956817	1.29912752033201	0.840848997684143	-1.83198450841956
-17.1576350489432	-4.81691548870032	10.2656133522333	-0.497954702964647	-15.470016689863	-8.40427481946897	7.86371300379637	0.310790982914467	-7.81079997210814	-5.25982435923458	-3.54438741766462	-14.5159423905728	2.82976145678464	10.0114559437934	-1.78138117776614	5.29610683791479	-1.22261580530282	-5.69981769625054	10.8559618217451
-2.87575294507217	1.20919534413976	0.482995805289111	-0.829113220739097	-1.99420099855414	-4.83234252540788	2.47096711758937	-1.98551176518805	-6.38343590362818	-0.98672326797688	-1.77353471159076	-4.61966896989862	3.11438155366818	4.76699827808744	0.0611211098096981	0.332104666465762	-1.06321663353546	0.658863208111375	1.24550608827306
-9.61333451614021	-1.27587637878869	5.21088349450767	0.707834554628303	-9.45721050730198	-7.76076193416303	5.93513074214421	0.654305222373318	-7.20337456720649	-6.25397561679762	-4.09016272861011	-11.8412562725438	3.34619740607772	8.63653069868209	1.11633911398356	4.32154931630061	-2.65122497509226	-1.42511202266377	6.61387100257737
-2.24144490482988	-2.83911833136787	6.1948331139875	0.35724265880051	-2.5397346941234	5.90235887752875	-1.72251417174371	6.04277154151466	8.17081779578571	-2.30899766308118	1.23534280495933	1.91605421042151	-5.93190916275148	-5.35500478384149	-2.8157944553754	1.31641436126392	3.02848141165439	-2.92788941423437	3.05097918668473
-0.542783278370559	-0.279073547605253	0.0464761907187463	1.13425191749628	-1.01730700101509	-2.26457147249025	1.23042030130377	0.00573516373559491	-1.81862146634732	-1.16465714612273	-1.17397434966006	-2.8866301517016	1.52206506376448	1.43136970953291	0.629674535328151	0.547452408243792	-1.2224307967168	-0.604570286926215	0.778803081045046
-9.2156161391888	-1.93063208220317	5.72391182573012	-0.024361358384797	-8.41763355905141	-5.02546231445595	4.2669428228121	0.360442944913243	-4.53676856323045	-3.58148356706077	-2.79016434608444	-8.24843088415684	1.63498047509887	6.67895503123458	0.184964355429227	2.71993534525214	-0.963477827689381	-2.11934735008027	5.58851283625019
-3.50561226970064	-2.59941597111082	3.03258143927505	0.0679586343452281	-3.92389939153465	0.94501208174086	1.42430439999825	2.4263333742333	2.15793444263088	-3.37529411295024	0.874682173603079	-2.36083114593604	-2.12162288021214	-1.09032615545325	-0.781779612686363	2.66871753766417	0.260043259156788	-2.44801602760033	3.93533214445445
0.125000638305574	2.43010445851682	-1.83600366747623	0.236535944440374	-0.229120370007547	-1.55438436210758	0.218793675266879	-2.21523220610104	-2.59746067260586	-0.492302419065402	-0.808510645117422	-0.157157359052938	0.850888034527553	2.55417741628108	0.197205255093205	0.991586315082459	0.622662604340759	2.66761659814359	-1.35821708123493
6.30053333227488	0.615631502133677	-2.3192173667983	-0.181050138399518	6.79013048528932	2.66063812270858	-3.07079089919835	-0.701761656300016	2.12512464504716	4.60711779103783	1.50251949655954	5.51037638196935	-0.424999699147694	-3.87997759779521	0.253661079853522	-5.35609346685233	1.02034038188883	-0.3172281688019	-4.0238818025664
1.32326932551784	-3.28811212296052	1.08128193046474	-1.28239733154198	1.17437988941934	6.7052543717266	-2.21046622419951	4.46647852556059	8.57932164113791	-0.378468667970247	3.11652011559131	4.37609750443815	-4.57956562668871	-7.53470877905017	-0.867762101337987	0.92434876925061	-0.330152092322338	-2.02833599316521	1.09474492164958
-3.46637508479674	-3.22339054364583	2.39294473329198	1.403614969376	-3.56603364694081	-2.27711925398938	2.16846444665565	-0.0543495180384851	-1.05909339504317	-0.292835331637104	-0.477414635674315	-4.09555581424679	1.12753846845904	1.26738257661425	-0.0975154382378302	0.20414822463317	-0.694989857149901	-4.1950053418281	2.98088168899296
2.45245676872783	0.650116610419103	-0.930916813457973	0.35697091824095	2.057413653331	2.9635732473595	-2.16744011014589	0.374865948293322	3.26812065612844	1.43694311358516	0.784912476248097	3.95419789521151	-1.76551112272986	-2.32246277503439	-0.301505345170375	-0.695567049366728	1.41489869480454	0.963626421800258	-2.09348603570077
