-1.35228805895163	2.07881434720814	0.509244188869173	-2.72618389178228	1.91945829659128	1.66459207773586	-3.12965524131094	3.41842454807243	-1.10810103911271	0.513203280151297	-1.11880103966341	2.04079673683943	3.77634795969737	0.745223473737134	-1.47524416629702	1.2006297419702	1.17010819765859	-1.94433849010008	-1.6057735822272
1.48994660188584	-6.18013219297029	-1.42973615432046	12.2164364426241	-6.92666842734958	-2.77008172077937	10.303684206124	-3.81214888036681	-2.3163455717221	3.77975692347084	1.8353588712839	-9.81241090370609	-4.64201205581494	-3.82026190781578	2.52601735850919	2.4183888101203	-8.68276290148461	7.02149000825614	1.11667458912484
0.830265639272026	-3.40914025465756	-3.7432392535185	12.6440949472426	-4.63008755482118	0.362147552237464	5.7096229037322	-5.49804355395725	-4.45608951734233	10.7572942829281	3.17644865061315	-2.34386162581703	0.523326633770981	-4.45379359308369	-0.647973012753464	-1.89628436063564	-6.43920315797234	2.12172654631997	-0.207532614697135
0.182789582778716	-3.59878796796053	-0.430490970861897	6.75809327019689	-4.37517472148797	-1.7978182931366	6.83534980101684	-0.937685191836745	-1.57237608838738	0.947791190202558	0.573192429030363	-6.8319504172039	-4.00880143075936	-1.32685222690341	2.37832752393044	2.06159079797876	-6.60921691115289	4.55310039503409	1.0376923470878
2.1803040871221	-8.07345711117135	-4.64230715417937	20.575901349661	-9.83727688756006	-1.89245216870906	13.2908128289385	-8.74715336635018	-5.91564333375633	12.4306193072522	4.79786593020754	-9.33691755257835	-3.42493831710423	-6.92498412617856	1.67110474563164	-0.380047564481589	-12.0476023912899	6.46565977984917	1.15274407813744
0.598064113484072	-5.62493242694604	-1.2100609788731	11.3300759002433	-6.03266328255375	-2.86810438268405	9.6044066776148	-3.06164901107056	-2.10822304266095	3.43229110042402	1.63225197395796	-9.66042293298115	-4.81399757676006	-3.09904583294358	2.40726626190894	2.41673900745763	-8.39019445368847	7.38410670296611	0.93917359626921
-0.819133942968072	4.95850831278188	1.63922993337629	-11.0698211936184	5.68263731932668	1.72236386781561	-8.18892904477346	3.46046413098438	3.0894653476342	-4.97784573617464	-2.09264202463563	7.52223220772387	2.70261092103006	3.65241686073995	-1.39245628135701	-1.9786511954756	6.98207572908819	-5.16533517091163	-0.371669381999667
3.98720560781113	-11.7804653007388	-6.01361427155872	26.6511950693354	-12.4876749566549	-4.28251282023111	17.6206931680455	-13.0363540181518	-5.6215571019417	15.506272007378	6.70244170394505	-13.6169999611127	-3.99291083889566	-9.85193008888019	2.10209731196895	-1.18060398933993	-14.1054579245749	10.4891085910964	1.79310412994377
0.373027601753309	0.221508151326008	-0.431352999645097	1.67359409443407	-0.695547042392889	1.72438136816634	-0.243177466635935	1.15132111459018	-2.50157323810291	2.69374915117086	0.063350308224203	0.613922273619011	3.90300508530685	-1.5812619522884	-1.12117666953121	0.999005984751559	-1.00230168644318	-1.79788479738732	-1.21505703853071
1.7563699071325	-12.8686178858169	-6.05879305969651	30.4890884243075	-14.0714722274499	-5.00235608008415	21.5303929303737	-13.1795778723263	-7.92743965210325	15.6367271982016	8.11479726405245	-17.1112969978504	-8.66390662360704	-9.23203243377825	3.98748234768805	-0.351980166603992	-18.1085878566535	12.6624607883413	2.69309663148974
-1.57391512001343	5.44571407329907	2.28639665350209	-13.7579875524069	6.11244985073253	1.08759653672859	-8.30791865365465	4.28710040775726	4.23036366602078	-8.20526580708293	-2.78147778061942	7.44711771510222	-0.132889415618457	5.67749827924348	-0.0682278949867723	-2.39486402980903	6.78162066769619	-5.2471703388089	0.701350249368738
-0.0565419956114477	-5.87014668479196	-0.888446462143375	13.213762973842	-6.89769499711594	-2.38470676082707	10.8232352682335	-2.11083807297963	-3.59966580219536	3.99191907143838	1.57872207646033	-11.1066972549196	-5.47747967899443	-3.44712189129988	2.47084747288992	4.6395734575302	-9.68463452839351	8.09531164052859	0.315517893652619
1.91579301543257	-8.49496531653084	-4.27549334021516	15.6269076868207	-7.77067149824181	-4.60309315465969	11.8837920087914	-9.52719836372429	-2.97751493092079	9.0148916979122	5.38476911151514	-9.8626600487599	-3.10916170496877	-5.3377606663005	2.42012406435121	-2.91508636190766	-8.95960316984459	6.99541914095664	2.51376933904118
0.860824815206577	0.431501169781461	0.848589401869038	-3.13968765117469	1.06352843585515	-0.675281578024441	-1.04101795613675	-0.190854629901242	2.22729491771712	-3.65368908102393	-0.285244728022061	0.802203848417969	-1.06404444669679	0.746596059125613	0.601868522328166	-0.91817222682063	2.15582022759558	-0.422431556766247	0.87008954130562
-0.449344002915463	4.20516319256387	1.43000280435729	-9.11432419409795	4.81725056126677	1.62264873994226	-7.11173235717654	2.70876503168231	2.65632745411999	-3.91869462004826	-1.76402468623401	6.56401672983296	2.50441139225307	2.75772232714217	-1.50085806716555	-1.29794585770615	6.47166288479805	-4.36011821530755	-0.595035497343331
0.311459469476876	-0.542105441603539	-1.35478552419497	1.32512147837561	-0.185947069522858	-0.743787697764712	0.842233156054701	-1.70659230185961	0.196099989660427	1.21882025482008	0.91950324888742	0.207432262731873	0.158743800411174	-0.348908375147581	0.542164634263285	-4.01659253450654	-2.36064092241585	0.190745965226458	1.22670900975766
-2.65534739591137	8.41856655270226	3.61951442580028	-21.0652861058861	9.215617806746	2.06153842683676	-12.5187835240078	8.8471597859986	5.12242678438661	-12.8982478426248	-4.67102228181379	10.3248035834906	2.34636616495865	8.15874872744297	-0.0909349589295523	-3.40097990162325	8.16895586480462	-8.41516942012587	0.680290422920185
2.11982424099902	-2.17108790421218	-0.767969924715994	2.86938599753803	-2.88037076021864	-0.438726917370656	3.13592390602059	-1.26262603372991	-0.976209909526888	0.666726636125624	0.625216004860102	-2.19928676835403	0.971176071462213	-1.93445085452851	1.08484264167904	-0.60435403541649	-3.12673008339409	-0.174041831320537	0.985249063994662
-0.833262360642865	4.4428682293709	1.79262674675659	-9.66762517223891	4.9435867287259	1.76989267463864	-7.25371478096317	3.5295939878109	2.44939973433505	-4.52230560822711	-2.03161400812885	6.36347218478781	2.36431207756386	3.1106941583852	-1.42292687082278	-0.503793045600743	6.54463740122414	-4.44767674089109	-0.763785078307335
