0.293343247335952	7.60609983300851	0.906085023634915	0.0187585509440622	-1.18491993253616	3.75990309612206	1.51128962575526	-4.0971390710629	-3.31725903477251	9.2924837752392	-3.72492059216668	-2.96581168600038	2.97579971679108	-7.20291521958451	-2.19654769621365	-1.13030755076315	3.03423408771531	1.98068234084663	0.918991632807074
-0.323552609053204	-12.5190971936108	-3.13936802622421	-1.14488781952002	1.9424109544793	-5.42419683973065	-2.10014115360616	8.07030074953415	3.70553849380577	-11.5352660299367	4.98681803713108	3.98920456031706	-2.54918939899291	12.2982543343113	3.774305138443	-1.18987830550732	-8.95749827063987	-2.13975908292953	-1.12170354551673
4.66757137424197	10.4568827997727	-2.21268560518402	-2.25999466258093	-3.47348706313851	9.69063540228085	5.700458062192	-9.65692861948054	-10.3269740431701	19.6531442849561	-2.55943979820536	-6.43758463385744	-3.76619621050345	-9.57766237800833	-0.388191308544967	-12.6885697185767	-0.481081110594587	6.24384218119327	4.79232790072057
-0.68831777222186	-7.19112426901053	-2.65349689140516	-3.10602081454853	3.80319853437112	-3.04006460370974	-0.965497557068248	3.82960960159853	3.16139473421504	-8.29278473754965	1.05226756023899	2.92761243777518	-1.34256959920475	9.40261216860813	2.64981197650347	-1.93479005642502	-5.49626607892625	-1.22287683874727	-0.283451720137223
2.92718066950207	0.157979973331963	-3.10476831054652	-0.131987458876488	-5.29900833379753	3.19056511218476	4.65588105925864	-2.76108302933926	-6.06592735059931	8.18350956069559	2.19920008576234	-3.4507636447009	-5.25402063120385	-0.503096178448123	3.21058320903121	-9.80350403811966	-7.49649329703135	1.80535113420195	4.0998102485383
-0.924414197071388	-8.78300893630505	-2.41030799625534	-0.619757720461182	1.23667374397276	-4.42317824703945	-0.855845487463203	6.2020222819748	3.24252996556697	-9.61057602882825	2.98985732371406	2.77416142777549	-1.53848244251796	9.41694789699221	3.37302652015909	-1.10208095793876	-7.36662921783271	-2.96365392875061	-0.170214529380657
-0.103069540168032	3.38983922747367	2.32208732520722	1.03147748203484	0.21039482676956	0.905471232779725	-1.28247710488213	-1.73530776109304	0.409857216337497	2.05821836222053	-1.40729131613551	-0.0198565203088531	2.02423469257287	-4.30301035069397	-2.60625136712933	4.23222172803861	5.46630732955685	1.26814163596917	-1.50465976990669
1.01065074470608	-7.38107468553582	-6.01396006908506	-4.32393990285653	0.99234092425855	-0.623040925199976	3.21662437370866	2.2299895927271	-2.56810086179971	-2.2178761513383	3.68221889362783	-0.358609742422734	-5.71407793485321	10.024605070497	5.90867061745212	-11.9716163756862	-11.4471009883562	-1.21340895509796	3.82833128205777
0.981752401815036	4.28202179565805	-0.155603106813787	0.0491242828521962	-0.714929421766473	2.99719559802211	0.292776956424574	-1.32247999969852	-3.41755318072307	7.50691547496761	-1.26301328448511	-2.1244164950658	2.10652531839649	-5.0074125379261	-1.83409147621019	-2.02442587480709	1.41973049981632	2.27531888605558	0.175819785055847
2.5172501289738	-5.15670140474683	-7.02561502498797	-3.45735063442064	0.570904161206394	1.66235156947152	4.84279604115639	2.50031934723131	-5.36235293588434	-0.643149453223604	5.50615541338142	-2.09644462187718	-9.2832200447707	7.50429702779291	6.73570144095521	-17.5972757850032	-11.3928569630618	-2.67995501474612	5.96251209889636
-1.30093162620063	6.20627627167752	3.27901681598614	0.366743649049345	-0.81490944178328	0.9658708155387	1.21485466996195	-6.44042775882631	1.8982345269872	1.64809557915887	-5.02335136865434	-0.468958996163741	1.51319884213544	-4.45715970132971	-1.64332567331491	5.30134594388672	5.69905113376443	0.362559938750474	0.115793249554735
-0.709338467508559	-9.01522723194306	-3.38386194929112	-1.05774747825197	1.58436260518976	-4.11855562209621	-0.451909621083917	6.73931122157889	2.70600159150919	-9.86414553341123	3.28475337416241	2.55108956217677	-2.14741336699832	10.108049800193	3.94894445677489	-3.18138172062384	-8.47737911155563	-3.30918999976758	0.432388753006486
-1.43232703321723	-11.2456335995309	-4.60815226292497	-1.31689584087886	3.43899886302615	-5.06832175374782	-0.932574820853799	10.3313376493894	0.836298792432813	-11.742994989557	7.48850169627445	1.86519880223138	-3.02904205934582	11.3169527371676	4.74260097816643	-6.26122145270136	-7.90930643850517	-6.46208330899543	0.99039911398924
-2.46820455078528	-5.42769280129871	0.670109124932219	1.97390609648988	1.4357709961015	-5.14987724325276	-2.47610421769014	6.1519608962742	5.1570970932831	-11.6091462937573	2.25119843877801	3.07384855565349	1.08582551860707	5.02035570339789	0.878523622941836	5.30938128483729	-0.200465712102799	-4.79051749616919	-1.75692597552384
-0.264354955726637	4.01184091422408	2.26097896912311	0.946113656804711	-0.102722638768616	1.076847787763	-0.700368221925663	-2.38130013136336	0.278638188812819	2.42862551962058	-1.9114161371899	-0.334715220143607	2.01990780793746	-4.4791999658997	-2.36765753164864	3.87133162165132	5.24483804267741	1.05959669100059	-1.0424864496702
-0.272184121986183	-2.61241121464065	-2.37617939361441	-1.30604896070302	2.37455378801933	-0.800358930230931	-0.116953813050557	3.56545048149275	0.122809814173421	-3.85180175917882	1.22267451605292	0.487392627477035	-0.837191703055661	3.70545871613849	1.53119233430948	-4.05785843967044	-3.12225560224059	-2.11641464341082	0.71960494354009
-1.78308632379073	3.25538017503149	4.05077857254626	2.64397546819604	-2.40457140771448	-1.32122085495455	-0.804476528254224	-2.84880719806712	3.32158114128981	-0.427242044308305	-3.65776990246058	0.617620199413283	3.55280382264071	-3.88521535710797	-2.31281229056562	9.21808170766165	4.41779844985043	-0.00147477408793236	-1.86470944613732
-2.82784556989239	-6.94614833131243	-2.08196985222395	0.512132428698154	2.86354374137836	-5.29037158473066	-1.57944102755647	9.42992845903113	3.77941715299273	-12.1166955375301	2.69994211430203	2.34997353229885	1.37834464944008	7.77578284967511	2.62296415603352	-0.400306950215005	-5.1277693560137	-6.73884652034397	-0.235574644720613
-0.0828910841916362	3.23789488093904	2.29578490598778	0.966145752579182	-0.39324739616173	0.866832988508595	-0.857115974877251	-2.35648383967299	0.326079555428929	2.47612916014856	-1.53788224623586	-0.140167678767689	1.76396108864458	-4.04102056589068	-2.2927175388532	4.16008953722441	4.80715713862453	1.47503907267431	-1.25899801201774
