2.81688754922575	1.69905717383145	2.04265087329567	-6.34771789166447	-3.13758676924898	5.93758791415604	1.59594855162007	6.13608965148085	-6.04485394796653	-2.50731533715671	-5.06117447304427	-7.38146117473319	1.35953397613413	-0.667193760817588	-3.31197865343139	-1.43448708488874	3.49477175769222	1.94879859378778	4.75216401762237
-2.54508357180598	-3.57629008867469	-0.41728925638231	1.48070611058127	0.882506744347326	-1.84162822047243	1.75245947919337	-0.825206662430308	-0.778951808740155	0.590804618043553	0.992028180602198	-2.55374048681877	-0.309287156376505	0.325898161308688	0.775348412288439	0.164919916005402	-1.13326144018336	-1.74945096593426	0.692850017394427
0.730618241183201	6.29589059731556	1.61283291858395	-5.82940835080428	-6.19830044680638	8.199322597708	-1.21327917358665	11.3198005874633	-2.73194804635957	-2.30251363026663	-7.90307905297255	-4.9681439194578	2.48695829904963	-3.35222518238334	0.369858136819932	0.0349112578827473	2.92450951237561	5.17561643486101	2.71917994968029
-1.03660029803423	-1.78928588411165	-1.04541705535895	-1.16898247560278	1.52732837944259	-1.70351790632037	-0.3960837217663	-4.89031937048224	-0.174210525936587	2.63117976817677	1.9105288396396	1.44971301103372	2.00071412759264	1.22112201677156	0.578913209778567	-1.1011406342498	-0.440887402141656	-0.943104852460953	-1.71407619990649
-0.678338827843312	3.69747089528971	0.287649086517938	-4.66686072642987	-4.31969505136467	4.91607682444396	-1.00006686978349	6.42158172701717	-1.82582914358339	-0.179215081193576	-4.60959687062449	-3.04284637335451	3.03702597492769	-2.03222119282025	1.28939777604622	-0.377877886202754	1.3416930894773	3.2435600821043	1.20897015246966
-0.704412946862226	-0.930934226725483	-0.478823298938851	0.862629378306741	0.872432499538473	-2.75955814062223	0.105316405102593	-1.67107400365431	0.129583095181351	1.23502312810424	1.68793108763308	1.6548204379064	0.291624961235593	1.29553512703474	-0.301800266296242	-0.373463982107707	-1.76019302386517	-1.53867289836866	-0.638618672728748
1.80892145857519	3.48168694371071	0.295805333168381	-0.542146989298855	-0.923295519810657	3.87383292248012	-2.52931359151839	2.09870558402358	2.21787663490344	-0.704690578676844	-2.38114346617056	1.54706957406999	0.206542422642779	-2.10588773608803	0.631024215323823	0.511066030301476	2.3278359473843	3.3567496331894	-1.68195195239964
2.95108022014547	-3.87459851577287	3.55924427363497	-7.77834778910067	-1.54946437615104	-5.02986141409107	9.8204776825406	0.03737759783154	-15.4428120628983	-4.32004272896767	1.67220095590457	-9.53645976074355	-1.58579988434079	7.93756331280228	-9.50533076015021	-3.42064819078992	-1.84044407046198	-8.32421829754342	12.9483540100158
1.14493264912818	-0.327825063449002	1.04551972586707	-4.17554967358659	-0.570715007289032	0.924960739186242	1.31983288603256	0.903257490566233	-4.89658461318052	-0.0896409567783616	-1.54869469724684	-3.19355395441744	1.49066158139576	1.99787195346514	-2.86806366806959	-2.14038317892776	1.42176659650984	-0.511925365276237	2.37954865964578
-3.43203235492512	-7.64147653727704	-0.769474248156922	0.674521457578506	2.33130113273578	-9.16196061718228	5.89199496602875	-6.68675289026698	-5.31807513929812	1.35163299950626	6.50855974344423	-2.36295778476513	-0.796012195094214	6.03541054286804	-1.45380003388993	-1.71073331834236	-4.37669196816363	-7.87652801538395	3.85221787789836
0.448224177998142	-4.06861830669359	-1.41872338804562	4.35433946515886	5.0217017193479	-3.20527969299096	-0.664614625043942	-8.82303516532114	3.89490468853991	1.7140511096701	4.86725839566027	3.88432289417401	-1.67403275538716	0.709931232894107	0.542921050501171	0.260987554505203	0.0341437106460063	-1.63016481040951	-3.71055879111345
-2.74916983705714	-2.92319834852479	-0.532040926345321	0.517604119901945	-0.224727228863535	0.0381616779398759	1.50018982199686	0.503920112353928	-0.677013998489123	0.311049733609822	-0.126662726920715	-3.7985084689859	0.238157884403236	-0.990281637765982	1.665546645831	0.481342752971019	-0.559075173486719	-0.618779623497677	0.934049841880656
-3.63913829396092	-8.25559967887799	-0.777345059781346	1.91560021524223	2.93971223009233	-9.9815928662391	6.05399840505774	-6.93575642746075	-4.89017118010397	1.31187391638662	7.0060538385176	-2.03970496556398	-1.45190111015375	6.33046707865343	-1.51373693494068	-1.57708641768006	-4.62351934092973	-8.32144597062101	3.63374208100555
5.61072341733788	6.12445302477913	3.82653847572803	-5.58077049959923	-6.74038151306191	6.3671142587325	3.55333360747822	11.2532992489265	-6.10292368431327	-8.33145765911398	-5.64573607863591	-7.56721704490937	-3.04126971031365	-2.44597757229119	-4.63136455358114	1.65113930309683	1.34460436582239	1.38558526560283	9.69938108017358
11.3851291104182	14.6225406881643	7.43515372267403	-12.3461446994275	-11.0267979059255	13.9763407873612	1.51020646582242	21.9460174616444	-10.9169650088216	-11.7155470822795	-14.0458765768746	-9.37653957957141	-1.80604872178715	-2.22522648114231	-9.8295724439839	-0.507944303195039	6.5349848581544	6.28504984788255	12.3360656227564
-9.16384844769704	-8.52111794355107	-6.26743702077362	10.0954898390803	8.93021849915968	-8.40120588962972	-5.41557000754855	-16.0962752146418	11.9444858042163	11.1305417197706	8.62259760402386	11.1686009405817	3.22987385020125	0.606892837541563	9.47540522497672	-0.0627208015300074	-2.9323429800563	-1.2436436451121	-14.4327358300797
-4.55058188160621	-4.48329618956953	-4.14180415551341	9.76234152031559	5.0125940883703	-8.67851561099202	-2.09447063999767	-10.996665112904	10.2128307506951	4.50475159903719	8.83535451420263	9.65503726527805	-1.47398232585829	-1.12396302140291	5.797406528257	3.0961061880201	-6.55950587620331	-3.28129161810454	-7.26401116653868
-2.00067891909234	-3.14694037769044	-0.728718713763506	1.27715773470446	1.29822479859535	-4.81642549254513	1.81445965482373	-3.24278727357103	-0.972946734682721	1.33786742468649	3.23320223605852	0.443193770894691	-0.113701094851699	2.1878588811786	-0.139029287674657	-0.344752873256114	-3.01569655487419	-3.473026472972	0.537423947923782
2.37317615614456	3.38649743405213	0.848602630313044	-1.35158323324021	-1.11166610544497	4.83705680692553	-2.05002280519374	3.19081629929026	0.920168049982776	-1.28769112516667	-3.34744257036698	-0.0590059896042432	0.137693865465	-1.95984283615293	-0.277476250771078	0.149436678682702	3.24439154476557	3.56929076370582	-0.75103812028054
