-0.786958424198871	-1.36311255682909	-0.148676250011082	0.685390226017905	-1.63757667254158	-0.373059213170112	0.414124376601834	-0.306748894847919	-0.894668266927885	1.69908300679127	0.00283881187335888	0.639653602476905	2.3910913994658	0.625268326189815	0.989623339709138	-2.20319693680081	-3.24206583132644	-0.809240904674414	0.605346737801178
0.632951805354419	-1.74360784227147	1.27446325311952	4.03991247254482	-2.9891031279783	-1.60104317947845	-0.433166821454873	-3.23723060246322	0.78812998717099	-0.845623553701863	1.00928280347944	2.9108555179912	3.0176127683124	-0.734046132434136	1.61681326280879	-2.16571755422387	-3.00445349069182	-0.242649529757109	0.548040750895517
-2.28544774193642	-7.51256620041796	3.01653243720293	8.0356383898641	-6.94774730058371	1.25423022857818	1.69346748298612	-10.8890427196339	-3.00604543970376	2.15189845880603	-0.846725448322025	11.4808676778628	6.90458137709364	4.29234583040658	6.26324118049823	-12.7658551429293	-10.120301041802	-8.68380755236972	3.72254606796942
0.642577275603993	-0.598506352383865	0.62158597203051	2.39514072707375	-1.66711274743698	-1.08307210248868	-0.13594605790127	-1.55112413815737	0.73796907783056	-1.06395762565958	0.53264788611155	1.35333502345585	1.5994711221046	-0.579238563833833	1.02643564536157	-1.08353172729668	-2.16939188720232	0.0486199205593749	0.439130197327048
-1.52062977289847	-7.83234629167793	4.03686097024325	12.02344901529	-10.407592448143	-0.801310114559551	1.33326057578456	-13.9519471304172	-2.3420190918085	1.5701584713247	0.901829020458429	12.2394463850346	9.10060067193059	1.72841567365909	7.69245348392094	-12.7913203613932	-11.1864101262078	-8.36728638929646	4.39924354689003
0.571616195301263	-0.173765610210312	0.690146290690613	2.36136970270739	-1.23152451503086	-1.2480123124893	-0.257542151545653	-1.19578623524401	0.713597337864403	-1.02877411598625	0.738873803192063	1.02629203907147	1.33846789088715	-0.824565180996474	0.844196624769184	-0.514479280907917	-1.95858434492721	0.16928000684965	0.318689019300685
0.385664537074556	2.65898790894946	-1.24521395703918	-3.83134676092648	2.72283317025008	0.882812205259314	-0.228118796129837	4.2129147813093	0.447288234064865	0.474061171386269	-0.478105916979646	-4.04754164974652	-3.36310334332145	-1.00564378639332	-2.40767097869812	4.10151553395308	4.21445453259652	2.49473266020128	-1.25031241883239
-1.01787870761357	-6.89294577909297	4.08177622014938	12.7679713069832	-9.0228963684944	-2.35581523189019	0.866288578745239	-14.4804787392887	-2.07181982190879	-0.0792658090997604	0.84434525937972	11.1812315055522	10.9614557112753	1.13341444315862	7.76458692665566	-10.5751613065773	-10.3060021822161	-8.81667530618698	4.50589339019531
-0.885040385758907	-1.89053274193028	0.247981140457446	2.02738999598579	-2.64183493043269	-0.198768610841377	0.681828787251582	-1.91694521210196	-1.27103078355352	1.93118310142256	-0.402588670650232	1.79247678128998	3.41365974727533	0.693552562049777	1.91467636939245	-3.43648181683304	-4.39276249440177	-2.13755480750502	1.26305759573208
-1.89712611058687	-9.36654348620818	5.26325491799975	14.1116916756756	-8.40799539600926	-1.45071634578857	1.3007594923631	-17.9313137721171	-2.72346740103277	-1.98335140162028	0.763656840021043	16.0760540898783	10.8745121927035	4.59988892312851	9.22443041332836	-14.745468568892	-12.1277627514403	-12.1858367480954	5.26662494978702
1.02264770816058	4.88232026006023	-1.87390676376477	-5.90016967252232	5.01677317101838	2.36305942591073	-0.102832066925224	5.83020989092523	0.765883919524704	-0.36139369963759	-2.12898854935289	-5.9903680225283	-6.16495328362263	-1.43207622448696	-3.61447793162537	6.49874242194991	7.18820879313128	2.67138412844372	-1.60463160455037
0.414745337193358	-0.864635873513611	1.2049395932904	4.5307569730093	-3.45073715905151	-0.79428664447424	0.462612491912324	-3.70469176379825	0.0475388898848305	-0.434180549104022	0.175281569290214	2.61060698704128	2.60819929279527	-0.961849421527954	2.53485600108771	-2.72993242465243	-4.09963655913422	-1.90549372094237	1.61096521354532
-1.02518389001086	-2.64672186056029	1.10346356093077	4.33413077628439	-3.34396953828144	-2.14313892559933	0.526906771961207	-5.51189400341953	-1.37122464854287	-0.415162270781467	1.84006400140701	2.90237590193293	4.53758957900695	0.56129606098371	3.14786944782229	-3.25289914345297	-3.26743864470231	-3.39481845288043	1.94136232793161
1.36350526275399	4.54746715678337	-1.10351070203024	-2.12577089980102	1.51407221230765	-0.399089116685762	-0.312943550987626	3.63126775052122	1.12896398463847	-0.466502041395958	0.318949455106415	-5.91323388467976	-3.32463758253575	-3.85042491398559	-2.02625893836574	6.44099093329157	4.99727191339728	3.24618509855632	-0.814082538867803
0.323308709749049	2.37238837488637	-1.19729819362883	-3.65330952041783	2.39366800390467	0.936247190481852	-0.125594554668479	3.92474793248276	0.386816722295785	0.513811281415442	-0.43022286671278	-3.70884331369115	-3.24696693291814	-0.835022554057247	-2.19870029843548	3.60623202727112	3.86022749783366	2.32426519726615	-1.12301151382719
-0.258941321816466	-2.28295230212647	0.919303838644131	3.11039223663314	-2.57167394772176	-1.03386341947497	0.0671028783157468	-3.27834569643995	-0.214831312022216	-0.392510780787059	0.722915709593398	3.07925371789745	2.83739635417743	0.579985691919872	1.85519795078537	-3.25228640585547	-3.48277215663055	-1.51309002794128	0.870143863324691
0.917833381317208	6.16993387203375	-3.35136718303697	-9.51210146030744	6.99211600262976	1.41170671235494	-0.514375841626607	11.3752804962044	1.57889821487548	-0.535355942770358	-0.810256444869942	-9.44092190628248	-8.4030105495132	-1.4400669433128	-5.74364142513297	8.61019809970943	7.1082133403464	6.52423127409529	-3.1638485619841
0.512235881648436	1.12695867278084	-0.19629842042948	1.3958526125138	-0.269721289820314	-1.62370168516878	-0.0375650519268635	-0.316432606278298	0.0961249356943088	-0.815762806016232	-0.203253077240795	-1.53396208214953	2.35713097509448	-1.38212688881324	0.678334621509872	1.41632550557468	-1.21592604589614	-0.414834925266536	0.624487406703375
0.316316139107121	2.25925705483209	-1.16948158052103	-3.65874671635331	2.40127928673367	0.824831096828247	-0.214374317247071	3.98019378689849	0.455454439051018	0.482703423346299	-0.277078478602932	-3.63056732378885	-3.22122261925048	-0.803314292038719	-2.26891085011091	3.5917189872066	3.8474887901761	2.5025913175065	-1.22748690438477
