197,93,91,293,12,159,342,185,88,215,141,226,117,212,165,73,269,146,355
249,58,60,119,25,290,285,180,100,310,299,224,63,201,250,106,238,30,347
128,199,39,273,34,277,357,101,305,260,125,302,214,54,271,9,6,266,339
274,240,264,27,183,79,286,70,53,303,127,184,284,71,243,288,162,44,295
331,268,8,270,175,329,330,61,261,56,187,275,296,32,133,13,2,203,354
200,110,174,140,137,152,324,103,89,298,246,153,83,196,254,156,195,59,338
42,35,316,40,267,19,223,232,43,359,292,24,278,353,348,124,142,33,164
52,49,155,225,221,190,361,173,97,134,123,317,15,241,92,258,151,65,360
115,113,228,191,55,233,340,132,216,335,118,109,218,47,208,282,94,102,247
314,326,29,114,222,231,257,5,336,20,166,4,248,313,253,239,204,158,206
297,301,346,41,179,182,311,50,112,161,210,176,320,138,307,26,3,87,281
172,186,327,144,244,148,323,10,75,265,234,81,85,189,245,149,131,105,322
163,252,77,181,22,291,319,1,262,280,229,192,72,235,168,157,315,328,74
341,107,279,135,78,18,312,217,122,356,23,263,358,62,136,37,64,84,306
237,28,352,51,202,11,283,171,90,300,309,38,332,147,31,259,219,57,308
68,194,126,255,139,82,343,188,287,294,145,351,120,167,7,80,213,169,205
318,345,130,98,256,129,178,16,104,111,96,349,86,154,333,272,95,69,198
193,220,304,67,170,99,276,236,36,227,108,207,334,76,177,251,160,48,242
21,46,150,66,325,14,143,344,211,337,209,17,350,321,289,116,121,45,230
