-2.54161294676372	-2.04262623510502	-1.79370674541897	-0.690869524073613	0.45665274670284	-1.06453916315688	1.87235356793453	-1.51792115142174	-0.247948100058948	0.224593684584487	1.12411603186452	-0.303089908685876	2.02471277577425	1.10365480335936	-1.37717963700778	-1.4286172366911	-1.73269470577738	-2.03251634700455	1.9964848257506
-1.79567494625997	-3.21193917723465	-0.306298934766731	-2.17539264108377	0.833375380756067	-1.08744013781452	1.87902239020706	-1.62558434127551	-1.57386790498192	-2.05626370682717	0.750143184824091	-0.423570112027981	2.57265821717345	0.874560540335958	-0.426709439227307	-1.44499269230146	-1.69866072690176	-0.486632224033141	2.40573857052019
1.39079831906317	2.5201580667996	-0.773902747544687	-0.458397841325901	-3.50078116264056	2.6073625391324	-2.60728734034538	-2.94511881678271	-1.61423247469429	6.55729541759942	0.676544711317704	1.35585925121134	4.34107626290393	-4.45835683742543	5.55547835179994	-1.97503816688314	0.358751600119221	1.36913685827399	-4.79712296661324
1.70269590936872	-0.146768228453011	2.01531299137269	-3.68207061783428	-1.5568343659683	0.208261435701144	-0.112715794535567	0.300220772714938	-2.95701685461491	-0.375077737006537	0.587030914634886	-1.33589894418584	1.2006955957067	-0.759787546763394	1.23250457479122	0.333099694407733	-0.19316180777005	0.0410077417501613	-0.150833826620087
3.75843497870978	3.49970582805275	1.37437749149407	-3.07446235553064	-5.47695585229752	3.18922198201373	-2.77391930036233	-2.03235234830897	-4.16364641516956	6.62792368763005	1.34079800999835	-0.862594777832431	3.90442829489741	-4.91403011205672	6.50634280045317	-0.822257807953449	0.355663753987784	0.840594937635294	-5.08258948618261
-0.623691568409023	-0.819053919374027	0.214490113236538	-1.20283761189229	-0.243090192712637	-0.871030286489224	0.38583822973383	-0.182735482565697	-0.992011846739751	0.218635312726031	0.0177294176940872	-0.651448558496128	0.440045092003906	0.052456874398192	0.784661427502271	0.0870209140776856	-0.534882096325476	-0.432054236813658	0.337330453231752
1.70862983191649	2.06695855316351	0.351980879790694	2.5057733504415	-0.0141420110510021	0.797115815565885	-2.78116526829878	2.43297188263381	1.64165084017695	0.472901759274362	-1.58258273738382	1.87579691281078	-1.49655683579979	-1.46068916859686	0.59359697430373	1.28455109304242	2.4603168361949	3.59204412329989	-2.80674492083506
-6.36063150724315	-7.58906920205395	-3.6514249404025	-4.06072218738328	2.58899328325239	-3.21177740221842	9.13595188432107	-3.03039512420273	-1.54566474100369	-6.0278346324647	5.33598567865883	-4.00775199846868	3.41985017209454	7.59449368498644	-9.88891386140515	-3.35623596655902	-6.1108477842084	-9.02561657667224	11.4336134465706
0.902410005033419	-0.893895656454136	0.804965353271176	-3.62320290998765	-1.92849608559902	0.375893134797688	0.941775396535884	-0.529499301289236	-3.39746629979323	-0.106717539585901	1.81495929615976	-2.02998094753377	2.60788539493252	-0.278846862602951	-0.0141788757700463	-0.521562138151588	-1.27408202625693	-0.951023194292022	0.976896461660433
-2.31663652660546	-6.37630858251689	0.364573578921297	-7.42389911117571	-0.169174842118233	-1.62635244192589	6.18932157219669	-3.70839606927096	-5.63570574398083	-5.44967208251004	4.33021917401581	-4.13596707931323	4.58947487498516	3.67006824832459	-2.03141806272229	-2.72734179632624	-4.21450350837753	-4.52160307458441	7.45766592609314
-2.58078760825417	-2.26812722001892	-0.795487925365551	3.71032126826327	4.84566721109725	-2.9764533789345	1.52577927217232	3.7310453603921	4.26984140792856	-5.97688749367296	-1.94026360671804	0.738740250221459	-4.97584483990615	4.29405010681822	-6.10488697633919	1.94616861982986	0.536954301089221	0.331586268698284	3.78126339525503
0.256980624645622	-0.200442333275639	0.979896582148031	-2.40050957619637	-1.4335379078368	-0.178663867749122	1.299584734073	-1.09846837222401	-2.36826580883266	1.0384716246733	0.958432282624867	-2.86912307201138	0.206899297978086	0.268562189598943	1.172070335818	0.0659079223636704	-1.84167807916303	-2.77403897077935	0.89112684343283
-2.37045246072981	-3.37141104538657	0.0808420996096688	-4.86183868249009	-0.696411867317962	-2.1204754975047	5.72390666808008	-2.36355006530688	-3.52427175568932	-1.96132835508579	3.4884308957672	-5.4108692503312	0.174195264585867	4.24319014782434	-1.77202941891188	-0.689605146728042	-3.92355347929766	-7.35156163605278	6.22539142142663
-0.945776996926893	-0.846857367684963	-1.74248518522292	2.47426773121115	1.94389515243137	-0.847334897813428	0.833528100662624	3.46943118463747	2.54903899364914	-3.42844962651077	0.352367063100714	0.582650712608645	-1.54452765155683	2.67122899616767	-6.86348268960186	0.88922982262309	0.602297182977372	0.38903582235764	2.55721595832731
1.75613838446828	2.60086622860651	-0.998368355696421	2.19091760663727	-1.20763641615375	1.4744927047946	-1.75902331355984	2.56621098769835	1.40155019838104	1.10432897088303	0.463464812039588	0.814171001985813	-0.817118190789735	-0.604291618089097	-2.56503876335468	0.846240844260024	1.80021041997994	1.27435963419411	-1.67261225230853
0.990851404914929	1.19717368561122	0.855767331186319	0.161964158607772	-0.58491154838645	1.52552900076459	-2.57742038303238	-2.68332292628224	-0.297239827441196	3.12693124276934	-1.64884408269884	2.35024173120813	2.15778522489203	-3.65323809339559	6.23861854379486	-1.41667614002388	0.672743836811311	2.80112997792505	-4.09237005897664
-1.47112958731366	-0.520209496414338	-0.354654278906085	3.30521866150243	3.17485283082542	-1.44673879752353	0.0469925520370091	1.72601843304018	3.35347896764484	-2.05490116825501	-2.26579009003994	0.915533407442654	-3.3225497906465	1.62780100201848	-2.40579881313871	1.0676733260275	0.0520734177118169	0.324999675408909	0.890307736438696
-1.21557356261278	-0.125434309582297	-0.185410204341792	-1.75505162271473	-0.603071591569052	-0.820199278966961	2.45493826243902	-1.44266559460706	-0.798254077159835	1.53417488072972	1.31083683161199	-2.78109333058166	-0.763503278979528	1.72892812603313	-0.654958611515909	-0.222590400004275	-2.38158036894786	-5.46727764202503	2.04670484582682
1.30180629769368	2.12725764718927	-0.0484354302126419	2.85049494219637	0.166556520169228	0.63784768453649	-2.46310859405646	2.4581414459741	2.08502642637421	0.740274186775952	-1.46579528499653	1.77065732519105	-1.75324501151431	-1.05821925578188	-0.0793397312841871	1.26926875212363	2.21370137671834	2.84016671168437	-2.47570075975292
