-2.57450336313413	-168.564308882365	-9.00357862243539	82.9103942903176	24.4626763182414	72.9475346938399	-233.588827634245	-29.8028954765853	77.058600908653	191.369786097676
1.33682730314414	194.597667641222	26.8035663151788	-0.872981707354243	3.94361250312273	27.9614507419437	204.655792880064	-25.6945161464588	-133.549550308968	-294.02433082646
0.999170552559618	-396.256280913894	-70.3359185750394	150.959451023347	-11.8969167526833	-46.4652300229881	-268.811602382713	77.8144307416657	105.477527493459	464.201692685896
1.888013713657	166.755547100502	31.9023244158771	62.5225870914842	-0.326955490278209	-74.4331138980286	91.4141832695661	-12.29160620024	-147.455495494007	-115.018190763441
2.2052510777468	-357.084982717565	-47.1411485217617	16.4943315148554	-18.4399070712085	-22.7381738523002	-160.103191145141	82.4360326217847	81.5874879119595	428.06933538543
1.74264076274196	59.7912989786677	-32.6964415638013	-22.2317241267289	0.182423092173151	46.0453563482739	142.615911033109	-9.8451902528867	-88.5655900268179	-92.4109416316648
-0.60131703708606	-21.7094518055954	-53.360111538673	5.37582239605524	10.9684370583935	4.80073437623537	-24.3150639474328	-1.90183874258684	40.6886581393373	49.1433720454223
0.466368100236985	-75.0148624947934	66.9532379807421	116.391975665428	2.42296111244861	41.1336510613633	12.1639339396656	25.529276593566	-51.3393981584424	-133.001741121955
-2.67775095817667	-87.814761989657	-41.8175998571351	59.4861300493418	25.647420087021	79.6910967638559	-94.4141865541037	-36.4983616959406	68.7531303380317	35.0715029353238
3.51888543280411	-278.534191051713	128.144968764308	23.9203349208134	-28.8688968953821	38.8966969760617	-43.2536953582633	114.009344753563	15.6680620256956	32.6201677856518
1.07512954244839	-13.8621511938052	-47.1168755684301	13.8900486445732	-6.22369906432479	124.655918715121	81.2674159618252	22.173604482639	37.1773034793577	-204.187690619571
2.34271223870296	140.200058414653	-4.39461948808439	54.9115240701648	-3.93230271207559	-99.5303756413156	113.486268951107	-0.959990099292504	-137.582898306362	-59.0902513860523
-2.6058255361885	17.7505561341143	81.7839776283508	1.14254366268168	15.7242278901365	13.8506250595926	69.8576555176904	3.38254488021443	-25.0864905470323	-170.773855913552
0.551346438343049	139.495190774278	-30.3691143366122	2.1769241583261	5.79877137766609	4.38291743981606	109.214061637249	-7.90868044548115	19.4476484364815	-233.913763699225
-0.443554642248395	-23.7273073593896	-60.8451011632884	19.5887970602869	9.82263773563285	2.0385373857581	-24.399292668506	1.211613256908	54.613175634913	31.2918130224606
0.0714687461137766	37.9808807761564	6.160299454191	19.526813112951	1.23838835404066	-83.3970904690058	-62.5648023392193	4.74192691106953	91.7088735165568	-10.3877708596484
-1.02585079401816	211.533817112988	-28.3275809966815	-43.1233980830179	11.0859052992175	18.6012957103567	211.344156949409	-35.3844226612166	-180.811698469125	-152.948737831332
-1.85109763937996	95.940091599976	86.1067689690895	-219.66938519298	23.957950576264	150.377068492089	132.531867571967	-58.347939287174	-35.6102386764284	-168.519964725707
-0.536073218036202	-23.4723291467073	-54.8426729384955	12.33980511549	10.4804339361573	8.15582464881611	-11.8762153111037	-0.575365688379237	21.3936315750391	48.1405869985721
