-2.48845794506985	2.1671284403091	-0.550596134285293	-2.35924283157307	-3.85091110963048	0.173735227274757	-0.02261271915593	2.69989844261105	0.160584332006465	1.50555729371642	-0.0889309234405928	1.02061025421799	3.66576606067941	-0.808142898969595	0.595484244365309	1.37500738418552	-1.62607003899276	-2.39021647486284	-0.626885715010239
3.70352952974793	-3.92716398342484	-2.21892361316229	3.32670109826335	2.86658042078721	-0.215129223323507	2.02974352755301	0.719274994056185	-1.35572499836396	-2.19135549184126	2.33980610106889	-1.05241588296499	-3.19089010460815	-0.813866901313995	1.41008921598655	-3.78656305524842	-4.81742725205737	-1.0208306036436	3.02341392005879
-4.86799959112403	0.801012712592552	-3.85450943778683	-2.15238756949931	-5.13361695584575	1.02792008840291	2.82762107751343	2.333953005297	-1.74973925160778	0.877711099684085	1.41498026286585	1.37290468829824	1.70722899565519	2.58353976752884	3.10751036567149	-3.04949843394023	-7.55152340743194	-4.42714192638987	2.32038953846678
1.94826204171964	-1.93843515217233	-0.507988353590726	0.597945927395654	0.586613239609955	0.525461742074194	1.81881822607468	1.14080897663673	-0.899373290301682	-2.43062026765425	1.4473703686455	-0.646311541511126	-2.70662137857778	0.0812308006875435	1.72896614119167	-1.41801262623247	-4.75452542756244	-1.04876942697817	2.16564906282189
-2.83781418809673	-0.544359019359142	-2.39549577745492	-1.4288791942366	-4.80794530149239	-0.200817627050172	4.52662115668753	1.29793938598552	-3.04444178804516	-0.816672709740278	1.55964094783811	-0.180943166740089	-2.27066953520243	3.6021821961363	4.91448857685678	-4.58763024557337	-9.87750128116481	-3.5847488403952	4.28603145917991
3.40002259338441	-3.03812260114098	-1.69993226372366	4.37539683310361	2.01037314907968	-2.0838904095808	2.09444984217055	-0.788987996980374	-1.67066084765376	-0.2774096724748	0.457636294322867	-1.3402447160466	-3.32513000944754	0.0538567237713363	1.58211338960389	-5.54533475488444	-3.85701347432899	0.516007872606227	3.0642123641686
-0.673566904851821	2.14765219445126	2.11044941463837	-0.763436330253364	0.215173131755997	-0.151421713837937	-2.30498869490136	-1.32093129524682	1.70737104230659	1.43616571867005	-2.11684655504755	0.529614105435059	1.73618792412543	-0.434937758952238	-2.14762050911399	2.76094162264686	5.6383706146184	2.19369143034261	-2.67900861061715
0.53485094700888	-3.6366383446865	-3.17553380474834	0.798782794766574	-2.37604352499092	-1.06782614805409	5.67238516428643	1.85673488943889	-4.3810823454083	-2.49268798532591	4.18062993840867	-1.61996538499554	-4.34797449006061	2.00506042451813	5.74940799165706	-5.9447678494435	-11.4183132233939	-4.43472892806057	6.21271899325098
-1.40306718049382	1.91457388443283	0.124151726348318	-1.52583619353093	-3.15286445925469	-0.585001285402987	-0.0371170422386289	2.49051451550302	-2.15266596366286	1.76417029622168	-0.719549606498671	-1.05305147731002	2.2857337520371	0.706841452121464	0.702253561088344	1.54308987262306	-2.23266526324596	0.0345233919154637	-0.5119984404121
-1.13996303397106	-4.66919853261754	-3.52817575447939	-1.93603393601741	-3.38319253880845	1.38955335606153	7.86939812340038	2.34725027582484	-5.68148022215608	-5.89631963512595	6.4479306967811	-1.79156356889346	-7.33173062868839	4.88704274662867	8.01276383424243	-5.62482964532695	-16.3295162128226	-6.39332883926404	8.13563362739164
0.270942613204125	2.22165482298654	3.38023990618267	0.687705389123153	1.06415657258901	-1.45291246430298	-2.42636264201437	-3.83471668495763	1.66440392313206	1.74379397564976	-3.94788894602369	-0.0939362441453184	-0.459056967780597	0.637956426706579	-2.3697846992626	1.37995798209229	7.24594881516134	4.77703329638155	-2.65119022140046
2.44332871876098	-2.10167008382129	-1.04134205691724	2.45585761806993	0.942941399455492	-0.789928944364291	2.00859498547218	0.429646433695559	-2.82785672130343	-1.00720030800091	0.415485867283046	-1.978336582057	-3.39899025918638	1.53205017563895	1.86030400901171	-3.23633090140983	-5.37564433308486	0.983709881204938	2.58268132993368
0.245069203165878	-2.23437158408958	0.0356642901072135	-1.97000332801273	-2.57268558797682	-0.676865925519787	4.02071197585389	1.80172135582699	-4.27909118473551	-3.17094525433254	3.93136726716462	-2.55182699748391	-3.8854437446688	1.78808608320939	4.62068206985442	-0.81437723579392	-7.53412767962556	-3.14453472338742	4.05907904907392
2.25901332888686	-1.55026476154565	0.433134494415896	2.2708845795489	3.67207492798674	-0.34989834534182	-0.906971772830428	-2.41317874678112	2.31110324514365	-0.539928892754526	-0.0921744838793543	0.649955341631237	-1.13279865898272	-1.70524605135975	-1.59459960423706	-0.996945031311572	4.11975957247608	1.01204598886893	-0.355744889839837
-0.660117935782531	1.88581145498736	1.68432889668383	-0.574937035055339	0.354360545968053	-0.0327891475687469	-2.16906055235474	-1.22579488764353	1.7405466524043	1.34653551933546	-1.8305164120815	0.671061682767555	1.75898109222104	-0.545088101111996	-2.08886401654217	2.41136551688136	5.3189386269554	1.85372115544514	-2.48262917514251
0.948528870519969	-1.4914593732476	-2.01267322214157	2.56726382969909	0.143968744626439	-1.60632747402999	1.35967288981363	-0.385541193075422	-0.54935148712843	0.710138607701577	0.380772322575808	0.0177290811827984	-0.696801139823486	-0.522010443035716	1.0421569433618	-4.24135201261647	-2.27587551257409	-0.967072958397662	1.88073915813066
0.881349887474281	2.10372250659213	3.01779547332029	-0.132830767556112	1.24759133385402	-0.276319616990846	-3.14174195718177	-1.38797989013432	1.9196568584092	1.04963191006268	-3.21285119173723	-0.0304953860649313	1.11882202513003	-1.06096254909243	-2.9889065257028	3.41557105964511	6.13823202585071	3.71154380846519	-3.40829892852945
1.45748707522884	-1.86786961998481	-1.67833857149883	0.866170305903839	1.06796873845418	0.418102771572242	0.549173872090837	1.56927352735309	1.28106935773183	-1.03666968911831	2.06577659184458	0.989281981508024	0.747357617927134	-2.86331118099019	0.201565455911993	-1.11360043857855	-1.5801118953399	-2.93697238484093	0.976204067182602
-0.965656310924916	2.42312343620512	2.29252109266424	-1.14239050455588	-0.191982057036013	-0.0649183713562968	-2.25684098628708	-1.24209405502913	1.69749534426061	1.41066908182045	-2.23647135028923	0.574131298583927	1.76368152976	-0.232602172042796	-2.01893259756593	2.98528784089373	5.45957825558669	2.15259528905915	-2.72342653981675
