118,107,61,153,88,139,345,108,105,60,232,238,81,339,355,90,39,294,334
196,154,29,227,26,148,344,301,125,27,97,77,40,341,361,130,158,127,360
155,272,116,275,85,140,193,113,37,157,169,214,172,47,349,270,2,300,357
184,182,104,243,53,115,306,195,269,14,102,188,106,319,359,200,69,68,316
170,289,83,330,22,242,307,161,138,141,76,225,98,204,348,124,1,271,258
261,207,3,240,30,219,331,176,187,33,94,299,51,208,352,171,65,267,297
190,41,24,234,121,230,336,311,137,150,260,305,167,128,197,25,156,129,255
111,183,87,244,7,302,354,38,54,86,50,329,109,253,358,13,168,333,353
268,181,67,217,112,231,325,59,151,233,63,249,146,277,293,62,120,132,202
308,286,57,312,23,206,321,55,143,160,45,263,56,178,342,131,80,248,226
221,222,145,276,78,259,292,211,250,266,4,290,42,323,309,93,12,164,119
16,179,84,213,48,209,343,199,241,142,144,101,75,310,328,228,71,163,303
256,273,99,327,17,284,246,103,189,218,49,162,43,340,324,96,34,252,114
123,315,52,337,159,212,356,326,194,32,36,134,6,117,351,298,9,149,285
338,82,180,304,5,264,165,287,79,198,95,174,147,126,335,15,152,224,320
288,216,91,291,10,191,322,201,133,237,21,262,72,274,350,35,58,247,186
185,283,28,346,70,257,245,92,166,136,31,317,44,279,314,73,66,278,205
265,239,19,295,74,192,281,210,296,46,18,20,122,254,175,313,135,229,347
173,223,8,235,11,215,280,318,251,220,64,110,89,332,203,177,100,282,236
