-1.77442781663458	3.19174643249419	-0.101749430685924	1.01247481630328	-1.15720387186576	-3.81871599537662	-0.0469593175752792	2.5192806156797	0.878563429330764	3.92601752263285	0.207996183549073	0.804200358464495	0.606154948188333	-1.42463638942526	-1.03160123890911	1.39259321400461	-0.482182191695429	-0.533512031010968	-1.61333247469889
0.285427955576901	-5.24289183186052	0.307992673318458	2.03290551226058	-4.765972727215	0.33972059213659	3.07442098904649	-0.0142714340167511	-1.25973014148553	-2.48592542916675	-1.6792195383816	0.412053671132844	0.87290189468056	2.53382996807904	2.60462923394328	-7.29649596228272	-3.80467147432771	-0.999633628475177	2.75946772351096
5.92494911123953	1.34680020489208	-0.772715107012855	9.03355568600539	-14.1414037214394	0.113384569059377	1.50717307712728	5.63400097746587	-4.60380818639946	8.82386211585023	8.35602687904742	-2.02906990690879	-4.33743845534792	-6.05883074768083	1.90205059452911	1.50442975407761	-6.66595668069752	-9.81816505948147	0.258908216199632
-0.697946065714216	-0.592840273553199	-0.97741235130676	-2.18638843714067	-1.91143240687361	-2.29560267977937	2.69973135685931	-0.739821823736986	0.50690187409601	-2.03941326758852	-3.55861761702398	0.550460398115488	-0.309048708034564	3.62003827784458	2.15666988825453	-2.8375286355891	-2.93426396652637	0.108928197803945	2.32423845764189
5.88361556425998	-4.35859900793371	-0.447755468718521	8.97189201925869	-15.1050080077492	2.22908610880445	3.41229287936088	3.83445349999564	-5.7909004033666	4.62097307789198	6.74088212787152	-2.19966046769482	-3.08345299446161	-3.00055170457656	3.93893175390406	-4.52498716127111	-8.23176171452876	-9.28833936110939	2.86350072149768
-0.979946904051379	-1.58267733583237	-0.954951772489565	0.148291330337617	-2.62382778779924	-2.02605916725803	2.82181822100464	-0.15408386117881	0.900667401538391	-2.09108118555694	-0.806853267184929	-0.14380340350524	0.0567947496184236	1.74337310139722	2.02483774202459	-4.45092111011935	-3.44586181882996	0.690286314830862	1.92189994921494
-0.108095878910772	2.06892476205375	0.274337677432735	-3.04237641618709	6.03023897290385	1.55993437362742	-2.8675438363288	-1.27842103535315	1.07732705110886	-0.653561329123274	-1.24687093012847	0.136247810307679	0.816647190901017	-0.230582161377795	-2.16907650505896	4.57081263314911	4.2374472709119	2.36299038718134	-1.71992944608653
0.86148829051332	-5.74965020666143	-0.520409559922084	6.22619223846269	-13.8118449403781	-2.24912496042863	6.80175823469816	2.12199320165303	-3.93340566948711	1.43180273068239	3.26860115996124	-0.765411700025223	-2.37046473960231	1.57008315925639	5.75214784601244	-10.2303566054367	-9.53191562285846	-6.60093759806386	4.91989002824028
1.24899191903998	0.961451087989907	-0.0893186412882969	1.31246504290687	-3.72302937662089	-0.901799970200087	-0.156517248755105	2.49649385089888	-1.78629302234429	4.05118472630058	-0.500955769093223	0.250715043825628	0.753698123748779	-0.53130509129184	-0.130012204542952	1.52702352387307	-1.29827149884893	-3.2045753680632	-0.438960574163402
4.15909467824583	-8.21822610415645	-0.0164075322237895	11.1888763362638	-19.5090912342378	0.736771978689493	7.74881610211072	2.89668826033419	-6.67035217747049	2.5802166971385	8.24706489747756	-1.95777605413953	-5.35307147314603	-0.91442523485711	7.33646206214608	-12.1182660301124	-12.1830409865894	-10.6291639420939	6.05985962385359
0.670019459958898	0.772787227981148	0.981570879669853	-5.93194370041143	8.46212277352204	3.95189918864024	-3.19325460621361	-3.55932132125079	0.212409982061707	-3.25484018871454	-4.86958461584552	1.01165952645543	0.0658948123132465	2.74382806599934	-1.71366012660899	4.62908720968331	5.29014741984583	2.51346376755786	-0.53331070414903
0.679683621983306	-1.59409212595163	-1.12688642503575	2.19557831515054	-5.93515986251494	-1.760816191765	3.09453484372221	1.02263382619326	-0.0873726969422979	-0.52669908510172	0.736699026010465	-0.588563865639766	-0.66680480501741	0.457513440587234	2.42846305497409	-4.22028430977181	-4.74359907243497	-1.38891872360636	2.01084963194678
-4.37213948055127	-3.23820082765893	-0.576587519759537	0.367850920567946	-5.07584398932809	-5.16601693336861	5.95604425835998	-0.690328131351301	-0.690306343987472	-1.19045314659422	0.332356620351953	0.201160852774133	-1.30343281412702	4.04219713900475	4.22032173969131	-8.68835473286946	-5.40265580604321	-1.36797033403697	3.90235844642335
-2.82127346526079	0.0639866290393053	-0.233410016822809	-3.54970084049931	6.97057577357995	-0.192910871206426	-0.702715440028871	-2.80147830914755	3.21668019577947	-4.61368336257032	-1.28642664874072	-0.0361159063998716	1.28028615212429	1.21385794630303	-0.961353339282153	-0.346314941977962	3.03859870504403	5.55748438655786	-0.437911091616007
-0.261848093277818	1.82330474936628	0.322174657609098	-2.45943227342305	5.65123516235563	1.4523839985472	-2.65102272872122	-1.1306810443903	1.13952020604253	-0.641653748457827	-0.717123142915096	0.0855303336949893	0.744480223549732	-0.522268541220025	-2.0694836999387	3.9591587394306	3.91668611998536	2.37657178802961	-1.69582588633111
-1.74289645363673	-2.62388839934249	0.665866431699384	2.02304715567084	-2.8841195311707	-1.63569478290239	2.4427656534131	0.342518451698314	-0.215249116454826	-0.750213760296692	-0.387997635189099	0.901531444983114	-0.0116957415501528	1.17238661963333	1.45856073989282	-5.62686911532185	-2.53663947229138	-0.397651933096654	1.31268465284092
-4.53191073839712	5.57244757982059	-0.433152916058939	-7.49381869762302	10.1377097291228	-3.778321378166	-1.8480028866086	-2.57634996933661	5.05918799141012	-2.77996536737043	-5.69563713354108	1.84180825686036	0.639974332285369	2.3646081283831	-2.56530528242214	4.37683196580381	4.622485273696	6.40671510195376	-2.01215599704612
-1.47606697480736	-0.912008773361406	-0.47308295090452	-2.87139900556321	0.843628608672109	-1.50240038034148	1.01427608950038	-0.708626352014562	0.352524284265936	-1.59053531726591	-4.09032277520392	0.636465912032378	1.9414287768995	3.3643107130186	0.664139910509823	-1.65708180097258	-0.490507963732657	1.14401697884723	1.07225112503988
-0.526153873302242	2.11553883175003	0.219303168560162	-2.50051991147624	5.93045851444225	1.15315953371585	-2.68882676643731	-1.10827753459174	1.46994836267485	-0.654977396423684	-0.498264919663346	0.0211153336278165	0.788136100303321	-0.732884629817803	-2.19658413675791	4.07305982964849	4.00592424351379	2.7160739616153	-1.86385184573543
