-3.07463311819378	-0.9395326293971	2.99224262922705	-0.456734120283475	-3.96621247225465	2.37102743877439	2.4452990148344	0.875118133994036	-0.173256298293879	1.2269491377531	1.95715255881836	-0.392106752134706	-0.144374970902557	-2.41770463076101	-2.36692669378338	-3.31889569469089	-1.84986909987983	-2.12619976608743	3.7582815679602
0.194160642207798	-3.15669085986663	-1.07359164533042	-1.6701370318055	-1.33321668139108	-0.566764045330554	2.08205981919192	-1.72957699294969	-1.91659819226273	0.0888900594781266	1.09276847267324	-0.335243331551438	0.790183039597859	-0.814332570691469	2.08372382587608	0.978221613271287	-3.00887587193347	-1.66009462012019	1.74632566473184
0.343271449684289	0.640695618635498	-8.06229574390873	-0.150052387196816	2.56207815750633	-1.19931667241201	-2.4301479877418	-0.348360168347131	-1.31751507567659	2.78721258539318	-1.40697691298375	1.8810640603449	4.57646052205684	-0.393886748735603	6.32447334304998	3.03715408578733	-0.531971889699079	0.278696578723256	-4.91791725369747
-0.242778000393144	-0.47547455528516	0.517918057906964	-1.34126084487603	-0.910158287536294	1.0064022792304	0.114064530121166	-0.850251362452346	-0.641611893611731	0.720149121341047	0.367103929972483	-0.434415268609933	0.914217338136789	0.128573958392078	-0.206284679178536	-0.593147302979813	-0.961867992603132	0.635127881738981	0.18855643731297
-0.274363677498729	-0.324735181372837	-6.73504545853572	-1.58847331139497	1.57732959258828	-0.700593825613965	-1.98339602656301	-1.30655387448883	-2.02156365438716	2.82002184136624	-0.792990721809398	2.44747604918786	4.38859738951516	0.635504949383506	6.41232365826311	2.76623971969253	-1.61422589337614	-0.479577342954467	-4.33484560618789
-0.414396454765585	-1.03026124201595	-0.451165679394531	-0.650615094618969	0.0427006114685753	-1.16532330953139	0.237689422850783	-0.0041205592447362	-0.778434447767491	0.195857564162063	0.102830517313373	0.550509621398161	0.276560552741532	0.792013921856029	0.783911038868247	0.757827090394934	-1.17996316668011	-1.5586438201177	-0.0152697664311106
0.654654010848724	3.39608181033662	0.235883493379522	1.58761044039678	3.00991262699335	-0.777932763524411	-3.21691416399485	1.56029563198171	1.83973115448553	-0.484454451237936	-1.96996946996337	0.907431127320991	-0.801543370571904	2.41803389854126	-1.26820560483362	0.495961276464317	3.42699245835148	1.84783111265942	-3.40800704467732
-2.18004039443597	-9.25168283031795	3.790026490739	-1.43572484760739	-13.5089751509081	5.81134749618263	13.8546958200767	-2.44338753545229	-3.04050876513085	0.0831815027203096	8.51763673231678	-8.81474502304337	-0.103964468646794	-13.4482532851847	-3.2585726840389	-7.60267362025114	-7.9925116300184	-2.85754247336673	17.4158747263294
-1.24537257962633	-2.47816910708662	-0.146813579141788	-0.897402539763996	-3.84589008317214	1.819969699666	3.37521239940345	-0.586899703063424	-1.31768233741631	1.25329153570211	2.2454599142369	-2.15832982024102	1.40986425005622	-3.90206794406309	-0.129987391321922	-2.13298693156546	-2.87955047767951	-0.910821324143094	4.01077730667595
-0.622216503100777	-7.24190919592203	-1.69979118079702	-1.94355698824364	-6.4573445284124	1.04302584802256	7.86695739861458	-2.80530196703105	-3.51729690871264	0.156597451946637	4.78843884755216	-3.22368598577092	1.1184120875398	-6.27861855728415	2.93805377897101	-1.20205602217864	-6.19067723627012	-3.63535501581111	8.38924179395096
0.709648816142899	1.22831983537259	5.73796818947936	2.07923626545684	-0.0499565773985395	-0.136588628743954	0.696195182800675	1.62851823248691	2.36380675044582	-2.95901890394646	-0.0914974466744241	-1.71638815861507	-4.3759269973356	0.346545441868066	-5.74897881969107	-1.81035117834538	2.55919853434417	0.763683601251364	2.59341426619969
0.065632156479154	-2.36058584910521	0.809063959156536	-3.62677303851516	-2.03404331054544	1.41924865585398	0.825321417549638	-2.83061940473375	-2.09678434359147	0.791198880330315	1.20627060595986	-0.466490838746516	1.49281463217389	1.12330698775243	0.807837062626071	-0.228577046445517	-2.79289561905883	0.564124971235252	0.725091288175882
-0.985210179339772	-6.70492252426796	-0.749993069672382	-1.43734467429428	-5.98891625540718	0.623994632483592	7.48593789462161	-2.16356068683378	-2.98390907481272	-0.288423474453074	4.49148161420656	-2.43438120711615	0.14275631184713	-5.51014093098448	2.33931122052402	-1.14562004016824	-5.56293948857474	-4.32884859384617	8.16919273702444
0.376168755135108	-0.560449045570689	0.717772976959715	3.8671143429866	-2.52031665870595	0.644016855236148	4.16717447479749	2.0631696367306	1.5873779811514	-1.57852052551449	1.61006442228124	-4.2003608983945	-2.07054334622153	-6.67780209578309	-3.16201637743809	-2.75269540768066	0.840682015495835	-0.0182325779456658	5.83075984650593
-0.580877712984045	2.80106209009339	0.906537400339971	4.05142543854119	-1.14456872831611	1.12991248615969	0.924685728725002	3.67974549417297	2.62516383512779	-0.176015311355068	0.411860802010287	-3.75018280812903	-0.989973139308962	-4.17771094591001	-4.73572805462033	-3.9043215511792	3.18830625555979	1.9346182436668	2.51212982476555
0.449255934274656	0.609294224765154	-0.469716799227509	-5.7029999745511	4.6925091613924	-1.54462513992259	-6.52202663410698	-3.81196554838258	-2.13206259821145	0.975206633254171	-2.87461538277269	7.22288916069677	1.65271734865153	10.9243284423528	5.14090367898718	5.35070529222308	-0.833342035816241	-0.118335516162155	-9.15240172779491
0.881976865185023	1.46715768104574	2.75597187501792	0.370563568008377	2.50935349551134	-1.50701540930485	-2.15073467819742	0.62438934127765	1.181630718838	-1.56857638365463	-1.76652875336596	0.959880972613041	-2.14326683441886	3.30144711650077	-2.24275265073398	1.04452747996774	1.69673759941016	0.477253069526869	-1.91952096561035
-2.19598112832637	-2.19334900691314	0.490235521467952	0.293873450767379	-2.30638238283873	-0.48803266887769	2.81214429574435	0.965322339992404	-0.708804910769189	0.353905017606685	1.45160621828599	0.393340505541605	-0.4830858304042	-2.24255760140041	0.121692008902393	-0.741922047876832	-2.41832555575992	-4.14751664813328	3.31710132358779
0.643737985069598	3.24906688862869	0.13254287965929	1.83403362834451	2.69265959211322	-0.622002920814235	-2.77981487848418	1.67130475352338	1.87538968404488	-0.450276410317374	-1.78838724327597	0.521015722235633	-0.756578114557314	1.64650508315961	-1.39518014145564	0.261418715539256	3.31023969893094	1.84046376321928	-2.86501746960389
