-2.92548528634407	-0.709961814802232	-1.05582777629773	2.52071152228206	0.745817753161631	-1.17181286206817	-2.46460476542923	2.37118691642126	3.38760534903642	3.81654750120659	2.00454493760709	1.66004341447005	2.78172436647855	-2.68304169572887	-2.18086126662429	0.297131474620421	1.41402424928364	1.03638475363037	-2.79669106605772
3.89151458621797	-5.86553051723422	0.34202709535216	1.74254217156274	-6.40073081048645	0.670389281876257	5.65980960088835	-1.68899300360887	-5.25816727312113	-1.01015236794861	-4.05203789696671	-1.72161848402291	-2.40046749116877	3.48322494192966	4.43856476129289	-4.01964992128946	-6.00962961073481	-1.20267864836698	4.27003804590416
-3.44419231282048	0.118232482686807	-0.986822400957454	5.81624072305615	-6.17387065013736	-1.81628955577546	0.363845121384259	3.70627314416722	-0.991307074243849	7.10080638381622	2.58753902164534	4.05681663174371	0.469039595798644	-3.0272088472602	-0.669538270639947	-1.05700390406837	-1.55897577699989	-2.11803298277601	-1.787427236093
3.96217392790812	-0.256713848390717	0.461341874797412	-1.76880991612046	-5.28220722498183	0.0597786258281596	4.84823283936257	-0.899652449091034	-5.06706829715765	-2.5143015358886	-3.31886887978452	-2.1360680126597	-1.61021319289396	2.91956753534609	3.81458653023525	-2.04298348999154	-5.6758484662065	-2.31327135729033	4.16408036539261
1.29814521808492	-0.643624914427321	0.0929417459007347	4.4020071655012	-12.7870569588892	-2.52001074638166	5.67323820395218	2.30228283427916	-6.86438527344485	4.51763903818504	-0.765658441854377	1.87189816909411	-1.33967383894009	-0.563771101045077	3.18332999598802	-2.42260636365923	-5.46084146627939	-4.92702671342322	2.34565354352468
2.62096136848886	-0.728441222756286	-0.0639980880292184	0.259804771632492	-6.03403423523671	-1.17719124732285	4.15530515506564	-0.00351624107435455	-2.44475024995488	-0.947531189747429	-1.93214079315696	-0.989560824917367	-1.45422059851898	1.03445420565303	3.09015755387396	-1.68027554736128	-4.53113645047827	-2.32026225201252	2.97328020365211
-1.38991445482481	-0.212807946698013	0.513373714169535	1.10078484089572	4.01838031979352	0.0933225500750914	-3.65432753517819	0.106582134300127	4.30061537862314	0.723090195319936	1.83245127328755	1.47297552325723	1.01925103306952	-2.63724551490603	-2.98190849964732	1.9171432026044	5.43289105203341	2.44308296009781	-3.15900513346832
3.10872418796693	-1.20641357924263	-0.514361028044693	-0.781694376010294	-9.84628630940153	-0.192280554750164	8.31151502299102	-0.447285373631987	-11.0166144627555	-0.133259600989415	-3.90123176270574	-2.59303204003063	-2.21483097399582	5.74889006853306	6.44517662020203	-4.17616287089152	-10.3021226680488	-5.36004268293998	6.6272352582308
0.467945300199879	-0.557818884576803	1.29925254389915	1.79443870506278	-2.1631972224494	0.27094121813248	-0.969129782479058	2.02192554390507	-3.10586132295033	3.91160981045272	-0.259645352082018	1.82041079299535	3.11987110089864	-1.81846511244012	-1.70284139840497	-0.25029829444501	0.962421280505964	0.773037373510149	-1.94631068534385
2.28940052188175	1.37482899166316	-0.799251449683306	-0.878101083375498	-11.3624454261137	-0.473915349887857	9.22827491654497	-0.297448053371994	-12.1197625091023	-0.111721275506877	-2.98152989088012	-1.90443803588311	-4.16559000949801	5.98293992085093	7.1471227334455	-3.92038651008356	-11.3387123399873	-7.29408601405218	7.36195824601671
-0.410797565246966	1.55578025294032	0.633567046431515	-2.62136347006963	7.1763576067028	2.03254255492316	-3.26304294796019	-1.83226991613912	3.06240554758427	-3.13256084106159	0.664152482174536	-0.372952744456036	-0.703743822303292	0.189002221113103	-1.94285141377275	1.75385858257918	3.81395240059982	2.5417134687267	-1.33503854889913
3.38150964392324	-1.54657442633582	0.0954068513166897	0.000307105402621133	-6.93574074693251	0.0424392874664332	5.54537997676988	-0.480811899021495	-5.55576362961131	-1.0976732994128	-3.22300449081254	-1.44787606816091	-2.10093935405144	2.93412378258266	4.28169040673203	-3.10230257802536	-7.01767882735109	-2.6478129057325	4.33344239340901
0.779667465597992	2.31970522970748	-2.0182801742326	-6.74206755125407	-0.495889283403926	0.501817847349779	5.24225161228367	-2.06504326767755	-7.13634508803945	-4.39469927252136	-2.70591075835937	-5.64215120056835	-1.31921828382848	7.87815354300911	5.35532658034068	-1.85772076570026	-8.32764223248385	-4.29891911522218	6.4552651296179
1.8008033296027	-0.685260338949072	0.581452170307687	-0.309078514936736	-0.706703711602486	-0.782376724901154	0.845383833936431	-1.26682701938199	1.22192611186883	-2.19800212921181	-0.557684132910325	-0.75397447348819	-1.2118918001457	-0.28002398745241	0.64243325244027	0.706905822973226	1.46533447679755	-0.0910712234746924	0.673330099825286
-0.971908398231017	-0.14519207179211	0.747917354830226	1.29447115042417	2.96371632464826	-0.0668210608591804	-3.22507423959899	0.223120114212782	3.56949499722332	0.926249719050459	1.65772522900396	1.61513024028942	0.963250083613711	-2.76557084756285	-2.79812407863004	1.85650615053728	5.26579669150319	2.11315292050659	-3.00263646332772
0.390075295270165	-2.36414712582862	-0.211923148372219	1.69470906036996	-2.49230064814522	-0.131435821422424	1.44657071299141	0.00266546793519562	-1.18242266425006	0.901447479600089	-0.779465380038372	0.0669746005150549	-0.469577988577549	0.438760314860596	1.01416943786601	-1.41619298871571	-1.76032605158099	-0.372792575471619	0.728361093436973
-1.38143786467515	0.515850180110702	-0.850995871565476	-2.36805598541541	7.4325896636534	0.900842375010618	-3.44470586825881	-1.19203666771221	6.17573673122236	-3.11946297194832	0.80347531973576	-1.12559372597726	0.208541666097354	-0.238822804283931	-1.78365995789528	1.22589755098183	2.31875889558253	2.74780670375552	-1.42504156949672
1.53875031966578	1.09138997162962	-0.649744304575845	-3.01674585402668	-1.37876796887264	-0.424121450400274	2.36320225295299	-0.172175766762733	-1.97525061774665	-2.1313915043693	-1.74220752742875	-2.51099852847559	0.407794122456543	2.27290959114243	2.21248477720518	-0.860489997051175	-4.14916576030146	-1.51995606909236	2.62289511707998
-1.22669550608999	-0.398117229807579	0.666144189348832	1.7492987447283	2.9248125668911	-0.241128661876517	-3.42150652510547	0.358285984217474	4.10622761808582	1.24613991789682	1.89436749401865	1.84643697612915	1.01602046427696	-3.12593070107898	-2.98451083020922	1.89760196191584	5.56250706414395	2.22304151263985	-3.28388924053097
