-2.71155903721678	-0.932914835762899	-0.356253685511913	-2.38870004643462	-0.883796089100797	-0.0805197900830881	1.01739901087547	-1.56064990005934	-1.54529535575965	0.795222364236069	0.409415552657314	-1.878005183612	2.6718449477219	-0.295555821477537	1.19783034427796	-0.547543531910413	0.188850530318563	-2.8431413244023	0.690849232880593
-0.189570366330248	-2.58988014763112	-1.04994245089986	-2.64578465013683	-1.34349854752012	-1.42055845601206	2.19115826234899	-0.585262659936621	-0.793376332763316	-0.306583937447189	-0.457184814844382	-0.408679434428221	1.32290249104087	0.42188584591047	0.947301210363959	1.32989304140247	-1.4081542087047	-2.52362340395023	1.27944725933305
0.716558676801557	-4.50946688944145	-2.46739161118189	-2.54061468675995	1.01067103763256	2.02952954027166	-3.8790051277882	-0.845661938052065	0.0665655001957469	5.83490836702356	-3.51882036719477	-4.17157071194689	2.77981646042274	0.761278366253031	2.98441354168377	-0.568639327185451	4.79203395556739	4.84151496437166	-3.65985998336189
-0.628229973518115	-1.72093206930652	0.312160561695624	-3.21567520022631	-1.17401879822846	-0.277526926920892	1.06430168618036	0.124039450972672	-1.2971694899959	-0.0860638308924208	-1.15719233044348	0.656019666640797	1.53176068317032	0.394071537315956	0.82976547343152	0.687973822235153	0.500824134310166	-2.72550717390827	0.0913625361393235
0.576488352641172	-4.28822735561598	-0.602255499373701	-4.62579560791981	-1.13608071643185	0.635019498164823	-2.39760338638282	-0.151989932337918	-1.72364049613797	5.81015808783792	-4.87973542068203	-1.68790043638548	3.3476772585255	-0.106584277834797	3.65750971191021	-1.19327259734964	6.30873674756516	2.47444172176266	-3.59401099346965
0.387708485832919	-1.06066284231153	-0.116180960524893	-1.01762054767451	-1.82517338876243	-2.51292930765122	1.98693298395677	-0.348286946454711	-1.0043184401261	0.772999618414646	-0.780940640349044	0.192396181109636	0.567806306797838	-0.962138533331192	0.938928806461151	-0.255060370304673	-0.601349343999503	-0.870711991835044	0.962273004415605
0.664165642110416	1.14875969351607	1.69850244526868	2.98277086042947	3.43858293372619	2.24443025498	-4.40138333588878	1.13817211763436	-0.356200657278362	1.44871685671659	0.565538993157764	-0.533242396328056	-3.10932786375775	1.58995954558564	-2.16580997285969	-1.16335772572791	2.15053907210558	6.07325853396267	-2.42030612925192
-5.33351986539711	-0.940065420006043	-3.57221872238796	-7.30222434268982	-9.42316786774804	-5.98484044971199	13.2172445698607	-4.42777137254893	-1.33650439698167	-5.85191192700124	2.82408619353767	0.796240749985054	7.80327086264747	-3.79779738117871	3.72030997183312	2.8704281410326	-6.11752375998433	-18.7409487181823	8.7297962662858
-1.99308260022057	-2.59262969452111	0.519145270076461	-4.74427543233997	-2.73474546887026	-1.98123377693763	2.67398336365847	-0.982748934841729	-3.45595759980825	0.894671040440171	-0.83916618156748	-0.13821577177429	2.55256717355039	-0.0988136192666815	1.64163154833874	-0.0432529666963817	1.01167850751061	-4.06780126422428	1.08645713186254
-2.66863311903339	-2.00303637604562	-2.70253874171326	-8.0069259977958	-7.84484992696923	-3.718842571171	9.97469559930639	-2.45055330891809	-0.0190388606202612	-4.82421788170239	-0.553777840871687	2.39048678173877	6.87537521020432	-2.4815617598085	5.15320991734074	2.540104765318	-3.26795808682456	-15.7320910481227	5.41525546288394
1.32210178448308	4.26719703162298	2.4201724228965	4.41802157071695	0.631864011139113	-0.975425361920501	0.756509385287511	1.99451891271098	0.497944862914818	-3.87701049643939	2.59863105354103	3.9218817101969	-4.58966648064217	-0.152094108767501	-4.22552968517623	0.558339953614156	-2.65583924269204	0.527606938429882	1.45318921772938
-1.64662777454798	-1.21402472247982	-1.68184792920969	0.297252009638294	0.91034443989257	-0.0249869339068086	-0.285661868059801	-1.91373678809167	-0.273784453631493	1.73069157580633	1.209395792068	-3.94021005416113	1.33239996564673	0.0685571314521221	0.416035299037604	-0.437377945876142	-1.24934985528875	0.950319085795537	0.586237038853076
-2.12289025483771	-1.8526838185106	-1.80566346261933	-6.5717702063455	-7.35245862821452	-4.87318170819593	9.75834615344102	-2.25993594363953	-1.11469808798981	-4.20813455103075	0.104837985120099	2.35347654951653	4.96222541903851	-2.2017394464401	4.12497239336011	1.98640333052371	-3.42913431350028	-13.3376493206446	5.64307325098261
-0.839658937876666	2.72089625625993	0.774683185652758	1.28907086052836	-2.09592402166651	-1.82710617072793	2.39610649145544	-0.045453946353017	-0.881710948403824	-1.82222840723964	2.08782262297877	1.8724924301077	-0.695355031184582	-1.59418357200329	-1.93201964025799	0.0810529109524743	-0.537877550963473	-2.23087613563241	1.95539274736847
0.290983718601709	-1.49444647769399	1.58951976003936	-1.09658746855532	0.716627561188929	1.19010573889924	-3.25470517283365	1.1633209667862	-3.16318060698478	2.51261697545959	-0.721427372127533	0.263678668523351	-1.72161984955716	1.88684990233509	-1.80853792973537	-0.113049558202305	5.47304529515047	4.40002174460658	-2.66296649314434
0.591010487084478	1.17280500947963	1.06488479735204	3.34554127768031	3.2300008592028	0.953572425956808	-3.43204924596524	0.0385127919105742	0.952733876715133	2.82910325339243	-0.660258358879056	-2.11873726497665	-1.23854128760526	-0.226284762733698	0.665389228062553	-3.02171120734847	-0.177595046512802	5.39754333762971	-1.92166807666146
1.61936642167473	3.38900078905969	0.594028566974601	6.51875591061912	2.9871967620476	-0.831064464615092	-0.166209171360902	0.777926581538263	2.52586625769762	-3.00139355901306	3.04942025413142	0.427365461693541	-4.68852222673159	0.165425407019383	-3.10545305062482	-0.200766818771769	-6.26820354102125	2.86998054977265	1.71608031506855
-1.7400472603922	-0.341168265678292	-0.691264437413067	-3.84531918409204	-3.29367083449937	-1.1021243495594	4.09138658790979	-0.843073322220999	0.0338706688886177	-2.24598579613905	-0.538671732824079	1.31372995586773	3.63708113891774	-1.36668347711775	2.1805195253322	0.86006098785711	-1.55172160039608	-7.81009439045196	2.06421990874533
0.926521728933191	1.15179931759096	1.83445066095993	2.17888607072427	2.30227312499466	1.5670205983455	-3.36616730156861	1.38955699463612	-0.439334360527818	1.02787894269981	-0.00288443432898645	0.559993969456912	-2.66627663092564	1.06558768575478	-1.83096399171757	-0.898064471038568	2.2167593243411	4.6577070357428	-2.10357874968095
