140,56,67,184,101,61,345,158,114,44,203,226,74,343,344,117,41,300,356
257,145,69,260,52,124,355,189,93,27,150,106,45,327,361,94,151,134,336
179,293,72,185,96,86,240,137,46,152,217,278,138,60,354,221,2,318,353
315,311,164,42,51,115,357,225,190,10,146,79,112,287,358,245,59,64,248
153,296,65,305,35,210,310,173,113,85,88,302,108,222,351,131,1,292,251
271,148,33,281,30,155,298,212,215,48,133,214,26,172,349,147,70,309,316
128,97,14,191,111,263,342,291,127,141,265,219,180,192,199,21,161,280,234
100,186,54,241,13,329,359,31,57,78,84,337,104,299,360,11,162,255,328
233,211,159,200,91,223,340,29,230,201,55,275,119,193,306,121,92,102,213
288,276,49,286,38,220,321,77,171,149,68,205,37,182,335,130,62,264,242
289,202,166,313,90,176,312,132,231,208,8,320,34,319,338,122,7,123,197
9,154,139,238,75,105,334,143,261,87,178,188,24,295,324,218,95,250,333
268,290,83,317,19,272,282,82,195,236,50,169,23,348,331,116,28,243,81
110,304,73,232,99,270,352,332,228,36,63,163,6,177,350,279,3,196,269
341,89,170,247,4,227,175,239,118,156,98,207,160,142,347,12,194,246,308
284,244,76,229,17,167,322,198,120,237,32,294,39,297,346,53,58,224,204
206,314,18,330,22,273,256,103,125,136,43,325,47,253,326,144,71,254,216
174,209,168,323,15,80,285,252,301,40,16,20,157,274,259,303,129,258,266
165,277,5,181,25,267,283,262,235,183,66,135,126,339,187,109,107,307,249
