-2.35186395331657	2.34011969730784	0.723802280821371	-2.04941655107423	1.67602575865303	0.317201922225398	-2.68656398403571	3.44560107870954	-0.566631448430488	1.963172359631	0.0801287559682233	0.430891819438847	3.08006377162394	-0.995336877455433	-2.68386726879884	1.68172866910092	2.27600515788956	3.00443570771237	-2.70423381318557
-2.59918347426095	-8.27119727636068	-2.00352951507021	4.74489241695858	0.620475311084889	-0.79085760461615	4.91148437769392	1.19160604176594	-0.0895389369730584	-3.88092730931618	-3.32249179638559	-0.927197621082153	-3.05098086811499	3.08699671403386	4.25407904527969	-3.93977656222983	-6.09309686586149	-1.61375031347694	4.62774278815695
-0.442680804630008	-1.37125983594061	-6.77641723472917	1.20374265950069	-2.03912782110372	0.935248598109586	0.448180607974791	3.87108063877421	-2.33167274886667	4.32417689807507	-0.147479782193258	-1.19398976842038	1.27602369622899	0.411195338776764	0.805697348877061	-2.49972340895781	-0.646437796407952	-2.20316703046471	0.0153255473783815
-0.657840199093879	-1.39337497054735	0.0590764964324109	-0.779870099197282	-0.464056056751879	1.67054653522723	2.40758554139197	0.160735615017719	-0.406434436043384	-2.79257475014894	-0.748116281982117	-1.95111391247617	-1.70048243684059	2.67364223605377	2.35197118846223	-3.95240029509917	-4.90896598446741	-0.0592602277112597	2.50049118292962
-1.6885864220453	-4.18126161726452	-4.42210855777865	2.49003201542557	-6.57167688602996	-2.10158274533717	5.12136503501763	0.857594491164587	-3.29007547688442	0.340587071174669	0.328936183043389	0.0870298783122525	-0.301820988140815	2.80576064342213	4.65258810102388	-6.70487126621458	-8.08386054728112	-2.75849131324581	4.4591621553778
-1.43396913526489	-4.76208623186236	-0.223121557836275	3.38814643107804	-1.72595587140439	-2.31137319261226	3.55099430142013	-0.0937648141712326	-0.022903274820399	-2.68922602193939	-1.6520620901521	1.03257645577102	-1.26015880640734	1.40800582912732	2.84562442327465	-2.4827282298152	-4.83591608921084	-0.525882201907121	3.21749328692711
1.25693015362821	3.04153003606163	1.33868799926486	-1.70803435507098	2.0287557678631	0.883891237129327	-3.01249181326936	0.359092762383676	1.15705893144866	1.13311629866109	0.698754812396563	0.207638162671243	0.520303697304655	-2.15611870646425	-2.69304525253295	3.07468340995869	5.21130424720522	1.39131505735812	-2.83688114998519
-2.85419748464803	-6.50124869021248	-3.73849932491549	3.91932997536946	-3.2152759078546	-0.93333724390429	7.01199462905211	-4.34710191030935	-2.94986020799256	-2.50733216390942	-1.59433032007973	-1.54909015215605	0.094184613598713	7.17260320753309	6.59363255795904	-5.23383059687244	-13.1815367272579	-5.00849345625768	7.11188378379367
-0.246628866312042	2.78954751899875	-0.541829285100837	-2.05110556040441	-0.43631320043951	0.496163707999638	-1.83428407606038	2.05894698150338	-0.939613617037197	3.23023258130609	0.612509467580349	-0.0508718009525886	2.89649421762938	-0.750089665332426	-1.57484291607468	0.273073368862253	0.292022215959165	0.830776531288751	-1.85738782878398
-6.90075393390907	-11.7534485549164	-4.80812399020862	5.42829882708893	-3.50027252093114	-1.38288504045126	10.0315481147201	-0.574256108130605	-4.26014665382647	-6.07682954762741	-1.96085998217786	-2.24928721868812	-3.55722027371067	8.68317634656171	8.95497443592014	-9.59700355212957	-13.8877392323173	-3.7933015966774	9.60516535814713
0.708712855012549	-0.0323301785698105	1.29354691889055	0.579427710373321	2.97746402219344	0.388106733203544	-1.60337234002171	-0.45117806265802	1.88023181334961	-1.38505386436662	-0.560175978340862	0.327640007252475	-1.50831344305754	-1.52186681439468	-1.56594102041065	3.00169782760259	4.68160013536665	0.919500295851257	-1.45272241310956
-1.0889231402083	-4.72221264501664	-2.42920837085932	1.49850993522936	0.515966890793653	2.15408962746682	3.88103733209729	0.497719484715954	-0.546955287455518	-3.02916734939068	-2.26028666294683	-2.97437416517861	-2.65755864940446	3.9577761504305	3.84636432191399	-4.81653768401322	-6.50686230333715	-1.92110033628457	3.94568251897808
-2.4674676057556	-5.08958568920201	-1.56118719644974	1.84031206129707	-1.71164901712265	-1.02663336699536	4.44308758390178	-0.702772286599424	-2.32330814255167	-1.24969624954563	0.179969700063751	-1.28365030044783	-1.79240925693507	3.38691072693189	4.09000389072891	-4.43813310826843	-5.6110602985641	-2.88625912704152	4.25103046843029
1.00039875196156	-1.55177334150173	1.19518643720149	1.24480924811564	0.131306957450405	-1.03951058123219	0.543272637501198	-0.133702178814243	1.25027668641919	-1.45519128064048	-0.127330669864065	0.714741102722047	-2.30175465231389	-1.30190224809031	0.319868263015789	0.111250502434233	1.8319077429848	0.0672742233494092	0.373505935271731
0.719450477570521	2.37990443113772	1.40092160426038	-1.30593562323921	1.77367054724045	0.436631671691415	-2.55915371002743	0.510452965894269	1.01720358423918	0.72091999095808	0.587256163884295	0.449634194968652	0.411621043613734	-1.96807127344305	-2.37735262768515	2.74697447186653	4.71546885122097	1.5322828074896	-2.4506526773288
-0.555076333046601	-1.46891740830449	-0.508478229910043	-0.35978373153193	-1.86880405089942	0.127387300913318	1.99248941178543	1.29090769705374	-1.06373256441933	-0.649643845774927	0.186423570952032	-0.921859382109349	-1.39547661984012	1.0210013603176	1.86676545942582	-3.93299962183004	-3.22648548556186	-0.483610951900013	1.76801169611066
2.08308122519906	4.51978183374045	3.86172126718532	-2.22829240473396	1.85554408453665	0.516338255714853	-3.21190822260098	-2.50881046857944	2.02297283920428	-0.381237145378515	0.357340392325838	0.924194166421454	0.919365997195653	-1.98548582534411	-2.96856387748913	4.04511043868224	3.17850743448372	1.79073884136852	-2.75637113124903
1.41768188971236	-1.12287072158545	-1.2416287934193	1.11501568946788	0.0766246510648436	0.472536608446865	1.05261247706583	-1.5661180998435	0.187407973141346	0.780695665386825	-1.09814821712855	-0.877455793003666	0.267457932164467	1.08330038214344	1.27630111926591	-0.465018841208632	-3.22712373212735	-2.47313933110821	1.22454448254992
1.17838450060546	2.73383837515977	1.16712995351647	-1.49728516481618	1.65958196203266	0.597586244502635	-2.84815403719775	0.808482605403437	1.06975421620879	1.22393187492296	0.734136973187415	0.38186247499594	0.375003792756442	-2.36491622150381	-2.58570529641598	2.74237619241691	5.26854693917602	1.44002548244646	-2.76533151852604
