3.70935079063424	0.990611620987037	2.06277514266936	-6.56733577570241	-2.07343394002226	-0.237266514242791	-0.00836048663572697	1.85990342702868	-4.4665962194271	2.37577030035833	-0.298973964457623	4.60156602707175	2.10905475044463	4.27394067343773	-5.286437943844	2.76348875570921	-2.75570928807414	-2.18540744146851	-0.142696058557323
8.91768277742487	2.77648287056599	17.5161674385762	-14.997269760926	2.86136670600422	4.02725469877026	-6.07722545195877	-3.77403141613715	-3.07587153709032	1.34371786991731	3.89156982051012	9.81698424965068	-1.1365551404972	8.72222353008855	-15.3933557400489	3.83412648228139	0.0938152959052445	3.72530620898585	-3.62966622905734
-5.88659760212427	-2.62934143286792	-19.4866070743083	10.9035529930105	-5.71777849485625	-5.79862943707032	8.29131986109867	6.64529371563991	-1.92956030903324	0.672209569658266	-6.95542099742714	-7.27688088846426	3.74915320514413	-5.9362453526437	13.3748059632001	-1.17160068765154	-2.83797842112849	-7.64805462087255	4.74832890299105
10.0946509007394	3.93858933854909	18.9778775753628	-18.3608177370743	2.31816336417116	4.17617107839098	-6.22399440227093	-5.01826794989167	-2.82292256942959	3.11395135601302	4.76032463037083	12.1699950137714	-2.95987655519395	9.44394045638748	-17.1740174883423	4.39898462863625	-0.531456944393092	4.1620713459379	-3.33496954799498
-4.56777562306277	-2.60397644112759	-13.7577718217445	6.52551558440863	-5.33557726459765	-3.72375875182468	6.24359843189541	5.45130043648079	-0.607274683083277	-0.284590368221055	-4.56953111884942	-5.36328391368219	2.40627722690309	-3.68200772688564	9.62721069644338	-0.943856654079903	-2.31803737493412	-5.71305539719911	3.63674245000395
9.22676008902259	3.98005022294153	16.3147252070875	-14.8595725425641	3.33816827478442	2.37834815300634	-5.92854361060543	-4.79325782412874	-3.73744675702813	3.07991310498991	3.39199272125792	12.0137490447444	-1.06334077441811	7.52730195550388	-15.2514849464081	4.01088389652946	0.300228988895991	3.79772815399456	-3.32802882630574
5.24437383823187	3.96486406707202	13.4440997985132	-7.97359727037586	5.12292742894508	3.34658505697089	-6.44979647130412	-5.5081232837231	-1.93558359897222	3.40472572109494	5.65228622316025	6.73873490378741	-1.97200602996475	4.75137938290626	-11.497387627883	2.01603677335577	0.8516880267637	4.58718045861798	-3.73253102244843
0.559880573737438	-0.140400218518481	-6.10056281202367	0.998508754445644	-1.48332433408417	-3.33535799238117	4.09278487283023	0.805377417451972	-4.29025399403553	2.50819903221358	-4.24856355083174	-1.09962735375769	1.65944026826547	0.0546096892237624	3.25692032772995	0.44443681474074	-2.02613473324925	-3.61603799933552	2.72437800860476
6.10223915702563	1.65989447486749	1.33916363074364	-6.04750677543312	-1.72752847993227	-0.361533740233702	0.972042513985592	1.89595304032029	-8.45636537984011	2.25447168666257	-2.80657058182791	4.47419361217056	2.94234650816011	6.20277966818794	-6.2245956614202	4.29734907282028	-2.7829203496721	-3.63261851958995	0.140810642383526
-8.36546999657282	-5.18982719091154	-18.6077275386419	14.5987926213191	-3.65358253531021	-5.70350325460464	8.03730199676265	5.3777848080149	0.260267476127922	-3.65669950058487	-6.96518364064731	-10.9007154688395	4.23274509251616	-7.178819741803	16.6010763211043	-3.51653502167903	0.545551283845298	-5.94785176474662	4.58513982228018
2.6463343518747	2.21853455611893	10.7682440374065	-2.68750543352309	6.8355011128423	2.14266406187657	-4.81323461061146	-7.53803563570894	1.8106988120737	0.945970075201903	3.1538200842583	2.14412119711461	-3.78928350303077	0.597150863559474	-5.26222633037008	-0.825825536498262	3.1564335887547	6.0115892791537	-2.405643157249
8.60739224913088	3.16101847199175	15.9657517333973	-12.2681123270037	3.32387861597252	5.39697611930427	-5.4056001133842	-3.46051758732182	-3.32362408665714	2.59053235195023	3.67012396655	5.71784858773727	-2.52272688946701	8.40378464755222	-14.1312100070007	4.05096276732573	-1.04303516769828	2.88485802574016	-3.41904102316565
-5.50905070366684	-2.14287940065521	-16.5262909460049	10.4495891722197	-3.38308695043197	-4.59494654651993	7.90592598919652	3.55307471024048	-0.104466643002227	1.9889537230132	-5.79441974748829	-9.45763921209274	-0.0226351398276252	-6.59524540278854	13.3525122713419	-1.12151509865626	-1.17147325239656	-6.31137518198399	4.84670286063096
6.95068938473149	5.16443667195702	18.2383801994485	-11.0353878383397	7.27252054452558	3.70800051375972	-8.30979235819209	-8.12727922315704	0.102506259744867	4.7372520346923	6.83744454716181	9.27465236994787	-4.47247531917259	3.90343279851628	-14.1945604285525	2.82381686238794	2.71200544643941	6.65433075725704	-4.62847064727109
6.16686294316174	4.16034382292409	13.0908955933597	-8.7570242631263	4.41729925040184	3.53377959085887	-5.80038750888268	-5.07297175541382	-2.9356316836285	3.57702523060811	4.95799493433783	6.7919231957289	-2.30003230050322	5.5603058189128	-11.96518876857	2.94903285951979	0.613940395757805	3.67138876948117	-3.42570310211377
-0.383411988388578	0.00579376900713457	1.45982566750125	-0.930973727860369	0.732344972379876	-0.107430756166161	-0.726850919705608	-1.68413196823255	0.0747182344646911	0.327685449269937	0.842918717671441	0.68110087600731	0.527191880223109	0.955964241086713	-0.420669664194878	-2.11306897078329	-1.64707137628821	1.78679259910143	0.0483604471223065
3.6178660485913	4.08072986697331	15.0459846905654	-7.79330753058009	5.53130383613902	5.23633001158229	-7.64141878857103	-7.60006748837757	1.56799069544527	3.1573283960572	7.71378887427189	5.33026453342068	-4.16647049937333	4.67848873480723	-10.9039098314028	-1.35127586694531	-1.63115482661149	7.87986474053496	-3.83253848651473
8.955881278006	3.27320194218883	11.518511626279	-12.8142321532095	0.582127052784791	2.79159233482211	-3.4072478691799	-0.882473470936809	-5.37581973418768	3.15572788112791	1.55447130787963	8.49321114916071	-0.683501558641552	7.65667265325775	-13.2678064371323	5.96904732035535	-0.842435468452386	-0.143129642647679	-2.42530540366162
5.3681007306945	3.72853341697621	12.6583942711447	-7.57872092638215	4.78453974731723	3.2267459666794	-5.90021828891438	-4.88659646767324	-2.19039431038933	3.18318979223731	4.9226103747916	6.14945298757941	-1.91220606633365	4.58403270369456	-11.0216711862766	2.47741116824104	1.04805743267888	3.85848412101734	-3.53254388146888
