-0.133047273900529	-0.151758980545852	-0.170060056828299	-0.0724044664449356	0.104840826779626	0.0279358819883459	-0.187563071755883	-0.969943527364039	-0.381335457253793	-0.197584323441357	0.833598616209339	-0.274774897028815	-0.0628417041548281	0.177432366316184	0.0202897097338208	-0.00750831786604889	-1.27052648583927	-0.135768083711846	0.506066679009457
-0.00273169268297168	-0.0512290435682897	0.0111941000277251	0.0332302235537241	0.0223102630282836	0.0117077951235591	-0.086598770512064	-0.202038537163562	0.0255916203981028	0.00351773552404051	0.0172942516698246	-0.0269380593581943	-0.0521095256283739	0.0979179340717663	0.0221795648443121	0.0176405309944294	-0.130666877002932	-0.0170958260920322	0.0918413601977027
3.46705336911914	1.24578920367898	-2.03488461980254	0.410913852900754	-4.52540375008897	-0.301961341252313	2.18190160837001	12.1153457268601	-2.35166067831579	10.6300056306009	-2.23600228835907	-0.154022701242554	5.25199871826711	-2.4254344058549	-3.86484770517347	-0.500190698188842	14.87522753757	0.011954066594154	-10.5955547917903
0.0602987622043336	0.0517625402404037	0.0458863055020087	-0.0508975058953014	-0.110498183144354	-0.0212110956079405	0.0381065186876657	0.297705821805572	-0.00478355081392081	0.10046486011132	-0.250307989950917	0.0673860984582998	0.103203878323007	-0.0139990022915581	0.00824786153034315	0.0740463253881887	0.486166617710884	0.000573458727019663	-0.257325553817779
0.174232344110858	1.4537094130279	-2.7222480504893	0.826328753147127	-5.07536700838684	0.0836695047111956	4.42267785367732	11.4791090308711	-1.66351457414289	13.9638863511645	-4.15256328370685	1.04210089706622	2.0707879232655	-3.56845528059568	-1.61337885732698	0.0779027989425733	15.9265258034226	1.32440789393301	-12.845517352481
0.0445575968550969	0.0383971179730231	0.0914589981662137	-0.0144534292338092	-0.0539797095669302	-0.0471279015195792	0.000829044696652637	0.268636669603149	-0.00384857093381921	0.0659923729019165	-0.165269861169946	0.0681339701701963	0.0183189208532967	0.0622510021658969	-0.0744110564805893	0.00962474626219677	0.329822413502921	0.00026090473608289	-0.13683323802399
-1.6078385351323	2.10665960205575	0.229201852939267	1.84320702724618	-3.90411936826378	0.580441317340507	-4.82969223376241	12.3788966162367	0.738967428678058	10.7850145903221	-13.0052521472981	3.11822091649447	0.405930912817025	-0.926070486386788	1.1135394334977	4.42196871469577	28.9768917177781	2.0049701822764	-7.18767776470942
2.12250184285886	-2.86978587979528	3.85507419378037	-2.09215088249621	4.68698527519975	-0.132432202394034	-2.10656400397083	-21.1359266827854	0.506234309072473	-16.2792235324151	14.0384183923106	-3.03410675055514	-2.23094694843505	5.06407847379572	2.54330499360438	-1.96513753441775	-30.4855994282025	-2.75828106759455	14.0989493631805
0.15068320716555	-0.164210541079351	-0.195946162192768	-0.153861174241654	0.0720495726925422	-0.0124342761396536	0.036616467988772	-1.28975140815905	-0.542572198549005	-0.429434176222512	0.830335079428835	-0.25743267954364	0.225825080725557	0.260147488168381	0.0604402543487261	-0.016479963980915	-1.39136103448019	-0.286684912089145	0.291593294458658
3.72803466653786	-2.0230768868275	3.1165848404391	-1.84595121015359	4.7598658911849	-0.416972559658221	0.948984482510498	-11.8205694271455	0.556314553134715	-11.6993132793322	13.7325467638508	-2.88187949862492	-0.656435283490954	3.98306222151276	0.305886197599922	-4.00088922840351	-23.0913911838088	-2.49473958051339	7.26042934196292
-5.97994682352157	2.07565572829831	0.189432813715437	2.30340654258667	-3.54484317972166	0.694329341017519	-3.11970743096357	8.33646756988898	1.75182360241159	3.3516487922887	-21.0083300154389	4.39121035969691	-2.3023195616243	0.0381006862266905	3.32613696727835	6.29589963996946	26.8398693024801	2.85764599334818	-0.699261160647188
-0.0657224109047508	-0.000462137178799317	-0.133732097875799	0.0245477250697663	-0.0487652724978847	0.0348379483300828	0.0003157862812484	0.107178263817911	-0.0387352126656287	0.0472986268686733	-0.0674765054060957	-0.0984353106764052	0.113295879296219	-0.159792479441343	-0.062203974626558	-0.077969248935196	0.169394509417755	0.0380646604550284	0.095984760133187
3.91126693688907	-2.10166174931348	3.933735549747	-1.57357877251233	5.06218223485277	-0.418240983266443	-0.952986804084211	-13.3895801634045	1.02726636950766	-10.9117362579248	14.2918202539677	-3.10671506081616	-2.03727746800256	4.94483141881555	-1.03530832118546	-4.79851068120237	-23.7437921926965	-2.33082924248137	9.87350754549245
-1.65265836653002	-0.0130878764816854	3.69836795146689	-0.342174986985322	-0.789554974780791	0.423788483480811	-5.73417274099434	-3.60681254166373	1.81648510713029	-9.75358715985892	-4.26521137576136	1.2461158465165	-1.92079974763738	0.266746924270908	5.45595795639852	5.20318364302839	1.74209829436493	0.2567253167958	9.2799563798788
4.28460220612077	0.436329495459173	5.2633789419877	-0.4590156028608	-5.04218863070018	-0.349053929658418	-4.06468356096008	4.16544413845025	0.603752402997209	-2.53387560658242	-5.0816181655738	0.649290471886839	1.10123981537538	3.35433952509319	-1.4701581064833	2.96513453550355	11.1937138841241	-0.685637046596893	1.33386672576614
-3.433125215041	1.05424147775162	-3.63921322045641	1.52448322985672	0.777621262131077	0.525303279864391	1.34318089560182	4.26461254846846	-0.231177346098537	6.95572510514982	-5.65003449312647	1.12775757293543	0.256177043906755	-3.19607664417436	0.467264008598707	-0.332464440783275	10.1953168167621	1.62001962892357	-3.71541793082169
-5.35711222439964	3.27086336664272	-2.62370086400755	2.64096966699496	-6.99714652152639	0.630302618382887	-0.381599869245527	19.05787808177	0.0838265834851669	14.3568931496189	-21.3557834396144	4.86608598942384	0.289131278342544	-4.89520579908093	1.34535181644016	6.49907402946975	36.2865334262914	3.78041782972155	-11.1020923651383
0.173015086610957	-0.0998776337129729	0.0382606824173362	-0.099670547611832	0.316734631480695	0.00413708225671406	-0.0797215615763637	-0.649742933002693	-0.0405063830832401	-0.546734741492719	0.437930994906193	-0.0821125170625798	0.0117026368730064	0.26880700375341	0.132360654990167	0.0129235286074921	-0.884943599430705	-0.18202907962342	0.23771741415814
-1.83354629420585	1.93335029975421	0.755725377862225	0.829132517867509	-4.97542278576892	0.572108757286841	-2.28129426371792	10.5929899836935	-0.25777009824683	6.19272673756301	-11.9564889980483	3.00394572666897	2.16387476081802	-1.93060061812863	3.27911811318331	6.32152844529689	25.0965098353606	1.69240035408296	-7.76631927130377
