-2.59303330497828	-0.0317393518622606	-0.577803219818245	2.01635245813266	1.67823929863487	0.442878601154785	-0.0799935198702437	2.28810357428825	0.0465232861461045	-0.136899813718331	0.476137734221525	-2.50576289632827	3.12376742249795	0.883618897081703	-1.16780128621027	-0.162106763073008	-1.96119853776456	-0.787676704692385	-0.751151011887557
0.998315258607328	-0.356472424995683	-0.444952302083285	-0.784311943032322	-2.34067761065965	0.260971568759443	1.97323457981535	0.0366129549167367	0.136638977788998	0.107773866739966	-0.785327647067039	-0.237944934096189	-2.70752447546977	0.23673590698763	2.37655770283471	-0.707060349918181	-4.01683094768613	-1.38281696887475	2.34504580714679
-1.52776892503358	1.49828797340697	-5.01944218945879	-4.15222726938788	-4.06229295834123	0.212215503094574	4.02517610996514	3.50078451400458	-3.15498854423491	2.26522713326254	-1.28683033266793	-3.52391726374991	-5.15584456827517	5.05264988982199	5.19303844757037	-1.50215895579676	-8.8555346026874	-5.72434017162003	4.78313749801331
1.81854373387269	0.999290069969479	-0.0643386940085993	-2.92515643694283	-2.08554175444682	0.149670776501838	1.51118387478021	-0.520680547038313	-0.874594321136019	0.108150900307687	-1.50467283170494	0.59287694136909	-2.32759310078833	0.454052107415566	2.35088564059287	-0.495643464299225	-3.1728091938421	-0.599828952276781	2.15778450194756
-0.343891720906582	0.98643670125271	-3.6302371362702	-5.1686503834964	-6.11322019771328	0.288303462588771	5.33027502439716	0.906042606073002	-3.5713656863256	1.81910956625404	-1.25105222531719	-1.85029895277462	-6.45556000487416	3.99130783333049	6.82460929642713	-1.30624626527788	-10.6782650837288	-5.63064738866557	6.58377628092317
1.17739908177965	0.263226442820249	-0.267988704095799	-1.18769610389209	-1.47279449763207	0.155866787378965	1.11475604970205	0.131210332562315	0.0877714137480531	0.0742776663192584	-0.994962434042852	0.0946007538223119	-1.93939032119155	0.216844242174482	1.57804458123101	-0.322459975403218	-2.42215714753655	-0.675785885476639	1.46898943984772
0.0758924740838415	0.0456477243192258	1.15983957892244	1.57213885631671	2.73492733867199	-0.283630239798566	-2.70956980263379	-0.204009233287288	1.18985251070653	-0.272394469419756	0.4175711422417	1.19060569499167	2.62524067407972	-1.31513157441106	-3.07694119787148	1.05243135927309	5.4147586122666	2.40074086011116	-3.09986789832717
-0.194453538217168	0.336790771362464	-2.24673373503025	-5.17845213199169	-6.76764932556189	0.42467041430776	6.40495610410794	-0.82616560713263	-4.11634591962487	1.24670763419339	-0.56388524621236	-1.56178213656019	-5.94020101809656	3.28876703486536	7.64638583094595	-1.88692459792664	-11.9328576916837	-5.40800596517356	7.66201517870748
-1.63253197611752	0.472944101002656	-0.724843083666475	-0.101497278691423	0.440889681969488	0.368087172906219	0.800622230072197	1.63426348197428	-1.34827130833621	0.383576214652274	-0.134455852794473	-2.06492520842557	1.99895432626093	1.35536234067836	0.306734397973478	-1.36485396503454	-3.36075060205518	-0.905714416304262	0.469520301307958
0.336059071585534	1.15405214698333	-4.40149802125158	-8.16127797230354	-9.85137787712154	0.419284798685771	8.72204502815391	-0.67010173129347	-5.4708930913311	1.8179722619893	-1.06648097480576	-2.15556007098566	-11.2753722335748	5.32342031654276	11.0866711022365	-1.96404517471853	-14.9368273177692	-8.33511019224806	10.7573117011559
1.44747643917901	0.424951174713705	1.60850911469914	0.622491126668356	2.29223183977281	-0.413907177205141	-3.18317661596467	-1.33429888213811	1.33574332798101	-0.436663676227876	-0.071471282823262	2.73510719157761	1.28864819633604	-1.97508740291424	-3.02825358027267	1.52235369708636	6.91873208765236	3.14605745743432	-3.24254305525746
1.11630604310469	0.0853646376470386	-1.28623557927863	-1.88576100317963	-3.18919996055676	0.428186688619448	3.2416421452882	0.672358856822133	-0.480941278613141	-0.0370433892509247	-1.12123637866814	-1.55677104026795	-4.33619948659703	1.27313913940638	3.83131127542535	-1.60573859339125	-6.11585281038415	-2.66534285073609	3.70039888061604
-0.341493569326302	-1.80103751993648	-1.52075646396177	-1.92513149458941	-3.97684925540487	-0.551579326940734	3.7124700224601	-0.900933816917335	-2.05480613658256	1.23200982249626	0.940296627824105	-1.48682587816934	-3.2317296810341	1.54383661272486	4.28616228185535	-2.27068346433396	-5.05284399570203	-3.06482634911264	4.14718508260302
1.49734154811408	-0.939575352506549	2.58047595279157	1.18798025028603	0.748688996570907	-0.226847060661506	-1.34871936727578	-2.72835297585216	1.2942297169256	-0.909989446200794	0.611838738280523	2.57236156559955	0.917121263471621	-2.64748678111572	-1.48603205588737	0.796259765485167	3.97084805631686	2.53998108756363	-1.37873680453084
-0.143180240282292	0.0162093092167668	1.1202450984723	1.67600907134718	2.49558128659876	-0.140526889068325	-2.30558710849469	-0.209862178122116	1.10925814338561	-0.439530482170505	0.532152294853072	0.905530905055638	2.351048946441	-1.19468439025625	-2.75292814804589	1.0241719540192	4.64503821676456	2.01002377457716	-2.69921995955664
0.568941080568522	0.092454863243683	-1.11391035206201	-1.08140705766857	-1.09448573310429	0.071563246081785	1.1889171935245	0.760720025402245	-0.999626349075445	0.726497016082392	-0.610172311163764	-0.954545994745462	-1.78612245078246	0.971625830417216	1.58902086977702	-2.39667816819843	-2.15715727428917	-0.818562222624655	1.22420491020953
0.0893639523579827	0.0766277774263635	2.68816841946223	3.13219316635414	3.85452660797594	0.159512050734294	-3.78905264273536	-0.919225384245089	2.17536111835128	-1.47206207202055	0.25862084852585	2.04116887522539	4.33239572960113	-2.89582702125368	-4.73516610596957	1.87307251468601	6.0673425095805	3.775358708509	-4.41194259368317
-0.421332475128586	-0.928427883905364	0.398339626650373	1.37609983757495	0.172263994241745	0.131080338136994	0.489383118081503	0.428798600760842	0.793028714045341	-0.483111079653467	0.217226654671453	-1.07031511576957	1.08980597879168	-0.43135030288533	-0.0958320676791025	-0.446494819956059	-1.56929051710822	-0.195236845506089	0.171147973727029
0.0202105397605964	0.00750020094672903	0.991710639493294	1.65621088942417	2.6796190729768	-0.236834144052445	-2.53833329757573	-0.0161922964206808	1.16924127113495	-0.270181657992894	0.440301553128887	0.906781373628535	2.38517685050436	-1.17650286530859	-2.92645092313871	0.787133734496978	5.16053708549562	2.20670516820662	-2.96845076053247
