-3.35081324549823	2.54990490692624	0.635591390446057	-0.793442131697439	3.28244948805615	-1.45098346363263	-1.95644910822984	2.86540214231882	-0.749370600277376	2.06409039288923	-0.950449275570819	-1.42488696778457	1.16902426378436	1.15932210542766	-1.89746610264785	2.85452392031708	0.159382043894926	3.95299743434322	-2.3258462520272
3.8747467334975	-8.1665230920137	-4.83997490924102	-1.68355877196488	-3.11472622429781	3.15057763815364	2.74949266432181	-0.172081064521668	2.16737161847665	-1.54219229933565	1.8288009315698	3.05464783206658	-0.834375431202936	2.68918735777657	1.43116620852313	-3.40551392283915	-5.61676082501264	-5.00427520949871	2.38968465428225
-7.1269177824768	-0.000794215571492618	2.68288001462258	6.38148148767403	0.153094403081005	-0.287696796688558	-0.417285041600692	3.56465659883577	-5.9430351133424	1.27789603663196	2.43504461302228	-3.69296801370088	-1.61750145357364	2.11464487175549	0.944191633232091	0.0450487257710881	-6.87107325326794	5.22675101420981	0.60915955949801
3.37453200794807	-1.76213879171198	-5.40006150593018	-6.8888404258631	-1.4440493293921	1.64587121091584	3.37921343617373	-0.199786631138851	2.32776655471734	-1.31680242523873	-0.892647996579489	2.89332523057236	-1.48092836881369	4.07427280453971	1.75946424139031	-2.07087321124655	-4.6564873409891	-5.8994696806908	1.83358462114473
-1.89772780288503	-2.55834795892724	-1.59826222476327	0.253534158923304	-2.970159783855	2.57937470128016	3.07303687670041	1.74889783530519	-4.46081945746538	-1.50208821848961	2.10438830323335	-0.0917215071176736	-1.29238242306654	4.33280468545225	3.37103647099845	-3.48183210837486	-9.47953571766991	-3.79493458683183	3.1974376204058
2.73522080597907	-2.22881376400385	-5.1611428383392	-4.03970749519547	-2.09248672787494	0.38970886384352	3.23945063749193	-1.04228433453634	2.67549159096103	0.268917971993405	-0.607328030429962	1.84190229084219	-1.70788476581832	2.59122858278956	1.77328020354368	-2.62260895412024	-4.2192888315894	-3.84290630156448	2.1088396793111
-1.18431064530311	1.16076441884591	3.6835969016845	4.50799989455252	1.65506783529166	-1.66431178484325	-2.86718309979062	-0.441032054212082	0.398053776286146	0.969727187218958	0.130621229728078	-1.64074445388859	0.697725657518625	-3.72989548529636	-2.06717677483025	2.34117360936864	5.45560722553253	5.14093378149785	-1.94576958079015
1.26804789376229	-2.80920386609589	-6.19916888621858	-7.73846213795912	-3.12437347234527	3.73075370000456	5.42846965480511	1.20475472702255	-2.2686935184015	-2.09438895061627	1.01569129468116	2.93255833306964	-1.2719025891953	7.60092138876746	4.21594647409822	-4.36793535966653	-10.5670081522434	-10.0536455771879	3.95710118656825
-1.84467011682207	1.637039997721	0.0289166601386883	-2.47145868617188	1.95397843303795	0.531232821195602	-0.900959624387461	2.90561738583928	-1.71573398073199	0.290143688342242	-0.779737449017442	-0.118453863289686	2.10086085292732	2.09396485935675	-0.782134905886377	1.31092943185581	-1.60043587117796	-0.0299528739710961	-1.2957357194027
-0.979819463975169	-4.00371648895764	-3.52027001152335	-5.342103404652	-3.41563912292278	5.37019867112583	5.4277542164783	2.75705802585431	-5.84736324602166	-5.59980257567003	3.42788888235924	1.6809084412129	-3.16748454044821	9.28649910779736	5.14210650309569	-3.72742988826954	-13.3015910615969	-9.02108649745662	4.64340414817037
-0.0627824374663552	2.5561470413217	3.4317445722263	5.1466164213418	-0.0698773383798696	-2.5411200400415	-1.63878212952425	-2.73851912599991	1.09707248462085	1.03975928379696	-0.590467263953947	-1.8423403796468	-0.634456352387236	-5.13576101218062	-0.81186881625899	0.792293012446117	5.83803721367397	4.32929678072228	-0.675660862515493
2.13492922794401	-3.35336034367733	-4.9237168542762	-3.48693344790939	-2.51354207903002	1.33438310875188	3.4919143079667	-0.0671012999533795	1.40606387787622	-0.788017991958962	0.150292343686028	1.6555335311376	-1.84818381702906	3.63919087409504	2.24610276177208	-2.95209949692346	-6.45600077217088	-4.04924666729135	2.54811323856159
2.92789576970853	0.271085973076429	-8.3630032132833	-16.5931771550745	0.0484722541631554	3.19030330368507	5.21003403915155	0.913703059055732	0.256152279882675	-2.74570303078263	-0.761994696989162	4.90447864874221	-1.21169502678205	9.7227537632263	2.71591640770991	-1.33490008635042	-6.05369161106106	-12.9230799116634	1.99138852855071
3.72291306360756	-1.13866016731092	-0.636748845176042	0.465820779564341	-2.01420763166925	-0.0216038871751745	0.736348552191633	-3.28110360298883	2.54029170116396	-0.161130176944424	-0.34642990883103	1.316300920552	0.285321817362364	-2.83439324909847	0.481350869812555	-1.77828885158935	3.20402780623709	-2.36798606823861	0.957904271751141
-1.11823014580524	0.845177044245861	3.07798986367123	4.02941217050896	1.60227739051141	-1.66481703422807	-2.54941335767185	-0.458131771295058	0.648841589596074	1.10429820575871	0.201058447346959	-1.46051127337874	0.291354749862334	-3.25486492711089	-1.9513761497102	2.22350800953444	4.94333148784223	4.88529365320802	-1.78832440188374
0.305590221473609	-0.828034947686334	-0.517367859018966	1.09050933186155	-1.65352279581438	0.552435269664836	0.851508905962041	-0.341521163444786	-0.742445704387413	0.271612728484048	0.121386350689096	0.136894939772622	0.404358322975058	-0.212420271132145	1.02244882473716	-1.96139689619792	-2.13098580178036	-1.43839521265509	1.12234637564199
2.04369558929199	0.732296580947691	-0.295838688230506	-0.0196799341017222	0.516096849881536	-1.6681433510024	-1.06431395921297	-1.85839642520566	3.47579832922068	1.07887561157822	-1.6519112985086	0.270495162999593	0.27293513287337	-2.87914298184167	-1.49471882705039	0.746123059341645	4.38607294333456	1.57650121041298	-1.20449273685526
4.55106130193742	-1.18866631119843	-4.60355825214756	-7.88585768119094	-1.30979155423831	2.82108864089672	2.40593166285388	-0.205803560961956	1.52800170224218	-1.31848604592282	-1.49407099794639	4.0523809683048	2.10867846670876	2.74263069047101	1.18260244271976	-2.45505918680693	-2.36624440307864	-8.80251413818125	1.12554405308848
-1.23178709094633	1.54528484159037	3.20135293405566	3.61683269728805	1.86522338447694	-1.8205830075591	-2.63588672321757	-0.380907350043756	0.606282820648346	1.07934247131372	-0.0860195388555174	-1.54375328795218	0.357540303226754	-3.21248063694578	-2.01772973159224	2.47892221704894	5.19905731710052	4.9647839717769	-1.9555980916075
