-2.23901216327873	2.90888692124739	0.161475212560463	3.67635961230662	-0.42602400766064	-3.72740046985933	-2.50284220181567	3.10934567448886	0.315227157859207	0.733697771545332	1.47106780837342	0.671269901982497	4.39807757330002	-1.25326643823581	-1.63645060327946	4.7073114573201	-0.892693588744049	-1.63619462469979	-1.81235197022399
1.9828869662613	-4.97947181409027	-2.21600015054531	-5.9070062223828	0.913489208759025	5.68625737050599	3.46967583677701	-0.980507834118169	-0.959640947921184	0.822878979155125	-2.73955381927647	-1.47755837077753	-4.07734188140462	2.78856296338016	2.12745625439656	-7.89756133829082	-2.57207543512499	2.82785347393792	2.47571074786545
-1.87373548882265	-5.87263286148034	-8.3569364693319	-4.88878719496061	0.664184084531078	3.65276928128511	1.75361321644595	1.17614530735686	-1.1402004061276	4.00993383047332	0.320083471711746	-0.156530145262495	-1.06775217600124	4.24371805217048	0.876945885777907	-5.82671538338931	-4.36101735629093	2.53986100215366	2.05718227824902
2.13794284979601	-5.08687617228324	-1.10971922553226	-7.48497774165428	-0.307341138066975	8.07905015548581	4.34155368524282	-0.235044480059153	-2.68451098308739	0.309442148433695	-3.76951147536851	-2.42986494008784	-4.00512864155986	3.26638820830454	2.60864741178634	-9.98525794842038	-1.91233690755562	3.02360864611469	2.32493477022017
-0.491981420462695	-5.62606989535581	-5.15751907371777	-7.41107855409886	-2.38570734336781	7.5819882653413	4.43752704794169	0.35397699167997	-4.14812848290059	2.35130857692734	-2.22787108060068	-2.0107155514054	-1.8395252046924	5.01605098695222	2.87658476836204	-10.4787569997837	-3.86057165113965	2.33247440490877	2.78003285671225
1.70399433947712	-2.15442212920114	-0.870559801703571	-2.66658174664579	-0.0511670770449659	2.09426469997511	3.06720077261376	-1.17964480658527	-0.548744930152108	-0.182715087356058	-1.87607610626464	-1.76263831967494	-3.15993440625614	1.79035508367751	2.41664140174656	-5.04223058871003	-3.42263581260393	0.716492375596866	2.53978445995217
-0.177838275491617	3.77119006615902	2.85631025401761	4.8106132570081	0.228968280237551	-4.92816946848504	-3.13814348202022	-0.279878393005266	2.36963038365689	-1.16023528669614	1.82129353275835	1.65809554835833	2.5594233745796	-3.24695036043585	-2.02235142221345	7.13204287185664	3.17968142938566	-1.79072175885362	-2.10520915079347
0.0117262292262966	-8.68580307398747	-7.17980135590197	-8.89301589492199	0.632124462748368	7.69441128449972	6.04853342660704	-2.47943671916305	-3.22874178029416	3.66719157672958	-2.20587927069672	-1.58592731695507	-4.88835281246437	6.69621230938187	4.08106654048911	-13.1636921830691	-6.71056180322592	3.5659638750435	5.08912581495274
-1.89545548564348	2.20275375495992	1.04851532031344	1.29785436675656	-1.7556062359056	-0.533236736826358	-0.750204986855205	3.40746950745398	-1.96199256925621	0.496842324857959	-0.0233290270313221	-0.671087381198253	3.66147441127585	-0.147587723978384	-0.476116014699407	1.02045294135713	-1.10556049702766	-1.34957238340388	-1.28796069585763
-0.157436102228949	-11.0990178885385	-6.85768013993631	-14.2648647273149	-0.988881781499881	14.1257402830264	9.05494024013255	-1.55851857405576	-7.47371422531942	1.14981490882996	-3.84379091769297	-4.10002816478733	-6.24841212154417	9.61301161136671	5.7109809208475	-19.7747003030714	-5.68451699082255	5.47333382172159	5.73842417082262
1.17688136415556	3.85963568036377	4.5182062402693	4.17345570975629	-0.376225701313076	-3.9153068810032	-1.75247265411359	-2.30207700761451	1.88705234093294	-2.56431650297425	0.721669863424822	1.0690941865046	0.586393913013046	-3.18485726655124	-0.890780865051576	5.29866626187302	3.38807713950618	-1.87964287475743	-1.26444935845382
2.01422415260522	-3.78538540544456	0.138329432985158	-7.25017831100871	-1.75022700675256	8.20379964777486	5.2461183338626	0.726660072935033	-4.20217692687772	-0.630454298126837	-4.22533747463018	-3.9340974349615	-3.93421155573689	3.51392727824627	3.50177050515546	-10.7611524643463	-2.68801541380694	1.95473615103079	2.58645699054307
-1.07995796020809	-5.00702416026185	-4.24650394695839	-5.82985043463039	0.204010020859745	5.48607128161904	3.43915573524383	-0.115981385847325	-3.42103820380415	2.39239446836136	-0.641435298318268	-1.61373228931624	-2.8080268478626	4.34805324236089	2.16186717429316	-7.84461076646311	-2.56819807444298	1.82654343678843	2.47520174770368
1.68003144552799	1.84528186333138	3.47496178670483	1.47085898565509	-0.382849872699041	-1.24798088365859	-0.306106512810474	-1.87820786828567	1.00952728155887	-1.76994985951697	-0.264026718683656	0.136600707948338	-0.618742339842064	-1.88563794782307	-0.00666234593824316	1.96170340811696	2.56543680971039	-0.902755920747978	-0.375058228381496
-0.184200132633568	3.32259453624004	2.75471609454842	4.16312437424873	0.279559171156901	-4.20019839307565	-2.83063279032961	-0.234461417498592	2.01674534303443	-1.16648723692544	1.59036526053914	1.5054651021125	2.36141329620739	-2.89843972209893	-1.87716684971782	6.31629752379319	3.08394659611107	-1.48189940691723	-1.98979444846731
0.0848861550138115	-1.58198384067463	-0.85330285203864	-2.30131701271226	-0.528575301208695	2.51095027254971	1.71375772236911	-0.0299100777431913	-1.52929773128576	0.476461141560151	-1.24519360757505	-0.869747569359337	-0.938732171657749	1.56780961672949	1.15421090988745	-3.83967117495432	-1.9012317191025	0.677475755223742	1.03017458006671
0.403659666823559	6.20493504713831	3.6273690288237	8.3097590128021	0.119853286429351	-9.03971894311711	-3.1046144249066	-1.37470220352059	3.7861322211886	-2.42975646873569	1.90126487014577	1.41185314873282	1.88127577703683	-4.20733619920006	-1.32228030291052	9.22946532330635	0.0866304464277438	-3.57642687844371	-1.24617124958642
0.39605158600468	0.698181138762912	0.932656984372478	-0.35808101533849	-1.50114895566511	0.725163458357822	1.08314471071153	1.06159678202851	-1.20952276081626	0.177186404470493	-1.19379290510874	-1.37793964030353	0.110470987717842	0.221908350204199	1.00426566840022	-1.63068150318728	-1.56223309466262	-0.821141038420629	0.453856393900924
-0.208242833377976	3.82919019799072	3.59228851263071	4.09575899919685	-0.41022404066172	-3.75861840109376	-2.70578224626396	0.116391740373647	1.37910514522792	-1.56969051565396	1.29011493054357	1.19353242551934	2.79696168278793	-2.98266273940376	-1.79008642522528	6.09951282970515	3.44915790281378	-1.70439988052115	-2.23658438059212
