-5.08072593758984	0.670012917207638	-2.14446054943845	1.13036047554784	-0.131817545064273	0.153221748495376	-2.67227294727591	0.269649572360656	4.57444647144439	3.29234744126708	-4.33780969110965	3.27125757858916	5.88684322188922	0.710661674826142	-0.819197518604724	3.65209287112468	2.30053973351357	-4.2732780796835	-1.78860313185062
0.406377402587854	-7.58708588955111	2.91653600768008	-0.259820783417936	-0.0984046434499248	2.20244302835675	4.4528333599086	-0.24075083069647	-0.391039173408615	-6.7947463964044	1.72625001986056	-0.316494879100674	-2.97038509331819	1.14410182956598	4.05001902484582	-6.42178269823458	-7.19818740943947	-1.29975200666209	4.40894654546594
-1.44683301349945	3.29224821694379	-6.40035470617984	-0.559801879251332	-5.01150058744362	-2.27242958805365	0.610194747134159	1.1203732999868	-2.14910654499127	5.02148003835515	-1.52299729047327	-2.36743167809959	2.83340267403054	2.76759437673562	0.749893460619745	0.0379369814179995	-2.43769539560674	-0.246445160528433	0.410120275256077
3.09893147210752	-4.01747841683182	0.612342189789842	-3.34960721799495	1.67989971607639	2.91926693492684	2.7934703847373	0.8792814153541	0.479412590762706	-5.98101292242312	2.93885231836663	-1.34025909261061	-2.5997548497408	0.941686807593783	1.93045961566457	-3.95902046239274	-5.0466936290469	-2.1104398555759	2.41564718438755
-0.726071026460418	-1.56220588064455	-2.67439302473854	1.47874371423578	-7.63257587292187	-3.23998484277137	4.35111080475895	0.117156346854145	-5.14564918621934	2.63792936276217	-0.645181506811049	-3.41194277654964	-1.49190375851574	2.59398778244262	3.81306704453675	-5.34366649814474	-6.34551992649375	2.77362531856285	3.9308954707393
1.41399299157014	-4.39097498008688	3.04388642827907	0.527984335774732	0.213882417042754	-0.0237071513779767	3.62846954127056	-0.761915217637153	-1.99403349215351	-5.17762622276819	1.41075305325216	-1.77054653673736	-2.67329140053462	0.206605146727753	3.13060415664162	-4.15808592305163	-5.8908796502518	1.45629036541231	3.5253973481195
0.105600665440287	0.244275506576578	1.71676459592677	0.103616942733893	1.61521599625401	0.800885025741052	-2.989435177579	-0.354740134720682	2.86373780851721	0.539048704337263	0.072922625625663	2.20442832784637	2.32234711976537	-2.38240916880311	-3.00903590812403	2.03410801297807	6.47226513746094	0.548394037259024	-3.01238550626885
-0.800361976828448	-2.70073219822327	-0.561727200511388	1.73075532335489	-4.22266433257676	-3.43431684649066	7.08788695067299	-0.714286964305813	-7.81529055861886	-1.38184709823785	0.686013623344026	-5.11644453382092	-4.7284976079607	3.86156105535275	6.8668254013342	-5.66207949530424	-12.3979760246682	1.78315887023962	7.06506040870096
-1.84547141377184	1.96249170516137	-1.91880080039779	0.203819895677949	-0.0134505787577766	-0.512441168137496	-1.2512831312162	1.16766530226402	-0.00895376528242764	3.33654933264761	-1.51238975056001	0.253891273772268	3.19465791875099	0.60357869633097	-0.74930129682231	1.47539879184933	-0.62306775942875	-0.904684155085212	-1.07935653604862
1.10691500839624	-2.43280438409777	-0.777022628890997	1.76880744761934	-5.22681243918211	-4.46450193609797	9.91099614300841	-1.11420162203654	-13.2743342036793	-3.03414971860582	3.61984101278556	-8.36537921308455	-8.33998990638949	4.86007638895175	8.6310064294288	-8.50474272851402	-16.6023129670488	4.79970668895948	9.36491351138914
0.752494913565812	-1.25764518551583	4.26032418015172	1.96160637999309	0.362034150679726	-0.722224764605297	-1.05926792558877	-1.77675239513515	0.997439058126048	-0.892939041965479	-0.136234119654421	1.38145835766159	-1.37780179450662	-2.85985316923207	-1.22242518041807	0.471767277350523	4.95773079308159	2.89252542265771	-1.03378700540205
2.94622763331896	-4.22338555589595	1.4416544314663	-1.19938438146612	0.195161439435026	0.682013141759853	4.83261534751415	0.113385037413522	-3.59297954557093	-6.32229070717527	3.16225470198042	-3.47127273392456	-3.40495992367644	1.26012368518985	3.70081719954067	-5.778386975513	-8.86582182340953	1.31740186868593	4.35325907037597
-0.00668225762812735	1.39315755995541	-0.318516037213364	1.0030676609775	-3.64731402966722	-4.56777640089989	5.32941063352373	0.131331501073936	-7.95229656110929	4.6198703832033	-0.470572188375892	-4.52479732592429	-9.27968048333278	3.28841967682752	5.33333344513036	-2.17856343179776	-8.53432433911897	0.74584407398267	5.45971259653545
2.33943313353235	-3.4354933545261	5.01770200250186	0.611806404624916	1.55336366668617	0.713516229384304	0.753936962383307	-1.06934057409477	-0.718918279254609	-3.8899466561325	2.60815056491883	0.122021668469642	-2.43732088836107	-2.35371376962905	-0.230665651855503	-2.60759526138648	1.32845292443091	3.11097028056848	0.390636644550426
0.824906442642835	0.163672609631187	1.52652221548242	-0.314468749338686	1.31536854062485	1.01745400843194	-2.82285814483354	-0.0282069193264101	2.27985627173912	0.503709877221307	0.830695666318376	1.79676879462462	2.20158732596248	-2.44345915512294	-3.22773591019468	1.19259866223363	6.30556919134293	1.17158330401565	-3.0747637450149
0.0733714989932999	-2.01073721646708	-0.173141924818798	-0.113642268995404	-1.86114792975179	0.826192736008879	0.47279843570091	0.715095896384293	-0.177983672532679	0.154244367349882	0.535459668002141	0.336369139287399	0.549204358211149	-0.00270206944857762	-0.0550808987264678	-2.88589514398702	-0.529902567358226	0.59745594678492	0.12764967801717
1.11807171622584	-0.13348033488184	2.76163119040599	0.021211968106444	3.46864425204698	1.68819517552465	-2.54158620039271	-0.231299488474008	2.40090104835956	-2.01870889384236	0.520741065480117	1.97583811305139	0.957240022516721	-2.65240466538346	-2.71027793514446	1.46593498547163	3.9191955778565	0.73779173457249	-2.55841794599317
-1.21764816802012	-2.09711701085303	-1.07794264752928	-2.22176755952876	1.75279943905052	2.21226130943775	0.764874499869507	0.695506258547155	3.81762812432916	-2.15161403761939	-1.30401456742679	1.21534497074722	-0.304351610724638	1.88625933936362	1.78824234837586	0.552504370132326	-2.91407302928712	-6.33509540641744	1.36262796118609
0.494914051552177	0.24545829503951	1.44929777301473	-0.164631664603117	1.31333022573728	0.934148079430775	-2.9776475402484	-0.138328730706723	2.6240347062861	0.615166095410898	0.467063696349953	1.99717670138835	2.47958005945079	-2.4205988107037	-3.22393892764453	1.56406972738049	6.52429425412939	0.916433302952141	-3.14602140672737
