2.20444875945273	-2.07464133491785	3.63756030568636	-3.80741720626413	-0.19808493527732	-0.480222714799048	0.920618072926047	1.77529644833341	-0.680094728599311	-1.49703214492772	-0.667477911365282	-7.40533597236785	2.02970171977137	2.22964311532689	-6.19150562941332	-3.83956785430012	3.25195113914608	0.776769896784	3.10110695329679
-2.00555267420142	-3.0032373639594	-0.291417173167299	0.452860639901236	-0.00233555083824477	-2.16256771642518	0.866935575509338	-1.22561300671833	-1.03231938002309	0.162729856080607	2.09887092643161	-0.607405270957289	1.11455247212103	-0.615128730870598	1.44568724576497	0.613270545900349	-1.8267622781195	-0.538328064970121	0.146249888485413
4.10120053161783	-0.779523413924167	3.2123663323725	-1.88584564501742	-0.427482455201893	2.01361729948317	-2.7886579937345	2.65623640900555	1.21042687716452	1.77109981497125	-2.76111607307437	-6.54297451490483	3.07081960378857	4.2078921827706	-5.96677098823639	-4.65785251869878	3.98774942213981	3.71184773717606	-0.805045299531621
-3.50032094844632	-0.577576825266065	-1.66367264049306	-1.00345980540625	-0.672248716592494	-0.968990362131473	0.696055341665099	-1.15780710271069	-1.24538501701082	1.00445292182921	0.259910340342582	1.28513771993777	0.637593564684889	-0.909226815476566	3.48215117385798	1.80404117220848	-1.81481508755608	0.198732644176321	-0.542739270384689
2.62676698197708	-1.02505353951904	1.78824370950515	-1.69148453992487	-1.49390114318494	1.89663346057903	-2.05524165908176	1.42292084263274	0.358668586232167	2.47161965720863	-2.17327960368046	-5.44823852984877	2.75958968296651	4.00045209980513	-3.62945018871661	-3.02615230763304	1.56022600666787	4.01523071400382	-0.873032545491011
-0.734965622828573	-2.02893316338244	0.862840651141195	-0.36452031207656	0.606896559039055	-1.72069162959622	0.357373301822699	0.642418312410721	-0.178923807924633	-0.68771969784436	1.05203606764784	-1.13061217345738	1.02558208073816	-0.614994930337596	-0.457707311755716	-0.736789733662966	0.23713290260072	-0.249756741338247	0.360405882563214
1.35102374119986	1.2681749816271	1.18413330942293	1.11004236895241	1.47741999507268	1.32534070127007	-2.89100851354646	1.01812757342582	2.26629002533305	-0.0154385997414224	-1.66207582332996	1.16455668529325	-0.199611952867215	0.0412858699248362	-0.797769314597669	-0.640614570015225	3.93976277709046	2.14473896948531	-2.80814779660877
1.82352898808694	-4.23884587375161	-0.0664852273674335	-3.46004406666095	-3.43574465649163	-2.24869692664146	8.79587400741472	-5.92226225377738	-7.02799654725367	-1.4349658898692	4.98222821093779	-11.4616984610442	0.733603305759512	4.54889486446925	-5.87303574684629	-2.43080387016899	-5.65655384335895	-9.62874738316809	11.7840301174709
1.61773664820727	-1.54915587354809	1.24128863018477	-2.22318182236637	-1.17401353499239	-0.137882970158327	1.7052766941772	-0.451646109455725	-1.72914251987349	0.0439765388854028	0.250011321396937	-5.72474981753011	1.40802658672008	2.47032288195616	-3.90174228923064	-2.27748868853324	-0.293375538402964	-1.27143999878893	3.25406030644144
-2.16392899336718	-4.05515542819465	-1.96977852131279	-1.31402043776471	-2.46230035448567	-3.37302234088136	6.22616332276185	-3.71384402414584	-4.84960989699928	-0.579783087617566	5.0819848086017	-4.02899328615078	0.577703701018336	1.03107840699092	1.06728716188857	0.236557040943035	-6.53228200322037	-5.99884389252907	6.42513066344917
-3.74376128814639	3.20821242358983	-3.92021544052957	2.05468496287695	0.425356273700203	-0.0530141375104698	1.14915824291563	-2.83166376903895	-0.458617598730569	-0.412408948806586	0.679491443480963	8.01385303137885	-3.40310865020991	-3.68764241710567	6.54066724902361	5.08159715391779	-2.79656870825669	-2.81526579528475	-0.977716825531409
-3.06346992219421	-2.21733699958211	-1.95150988254708	0.440227450807505	-0.798287077106899	-1.35259618386271	0.737124719773576	-3.08858666818755	-1.87153848496249	2.0361691486427	1.55039913493499	-0.101695872969566	1.38779326144872	0.189343788027952	3.21248315327379	1.56081041327709	-2.94782149297868	-1.05560428558783	-0.466432426520002
-1.78950530882555	-2.25182341605648	-3.36477984115516	-0.353127243728906	-3.03737816837435	-2.06196115594954	6.18698486208194	-4.70609798053733	-4.91411282140278	0.292160224500702	4.60811130377152	-2.23440489704133	-0.516424613762954	1.2250849063879	2.15563240119194	1.40676808483743	-7.92396094368392	-6.59873129959211	6.14425563489971
6.31202157349689	0.77154944476038	5.06819350949956	-3.26048266063982	0.66796534485015	0.715804798347353	2.00047857491176	3.37923231905723	0.456823891577368	-4.96571472878554	-0.850105182339963	-6.95383314782075	-1.15510301977391	1.69686452674113	-10.1552845408213	-5.02393878726192	4.99118291583182	-1.62535869953707	5.88213624470074
13.1625645707945	1.83761209332866	9.59034713794868	-4.49621597048895	1.09029217456386	4.5592207820423	-2.17921092712504	6.1623923286953	3.05805231998134	-4.06477542721222	-5.05414267348223	-13.8076868164381	0.720970663012924	6.61631010937985	-18.7931735107734	-10.5589986071763	12.2057416515181	2.49242852369643	4.61984804204054
-11.612631444153	-1.10476088180097	-8.37659232360689	6.55026884722187	0.911531205308559	-3.06871812033109	-2.90244885035537	-4.4980883702121	0.131492070648717	5.78684068446619	2.78178128097121	14.9453695204618	0.59372718213571	-5.92584894387396	18.1683622221689	8.86712382770594	-7.44386374243927	0.620254154978629	-9.84224709813927
-4.90811289441928	2.63445994542607	-5.97664464390783	4.40913742965225	-0.325771601512258	-0.554537907457792	0.79992008665095	-2.6694631566055	-0.413442024275334	1.42759978585848	1.66778756768514	11.3290668575362	-3.36403075491198	-4.9247536298807	9.75218007347846	7.03189853291621	-7.70264250556313	-2.31781181649023	-2.70787521579465
-0.769313933790408	-1.45751185635944	-1.23042401255014	0.662686555396409	0.200694099384576	-1.78479990271835	1.84556677849946	-1.82362142344178	-1.77860780811117	0.590373650121566	2.19792654752186	-0.9702450999802	0.864932084391135	0.078560297692339	0.266147603640935	-0.476160501832708	-2.49064417324758	-4.9605776003888	1.9694692745202
1.79538982770868	1.03997440382675	1.86919759736381	0.561801269943447	1.46893594829606	1.29265099919716	-2.73541617768409	1.48773273790553	2.30386454125639	-0.492806635698345	-1.78214302997907	0.229679077379064	-0.103792067919484	0.211885338142927	-1.79950321402571	-1.11445283154773	4.48382016966616	2.52601793329485	-2.32122602541692
