0.86968347021422	2.35730142401867	0.22394674371791	-1.23698676641221	-2.21683629656835	2.89835053356606	-1.99176485397774	0.0367040074796066	-0.328166277691135	-1.17208115379038	-1.87538890958135	2.2794534035343	0.0649091269362749	2.37455740218327	1.26730436444255	-0.861710208976888	1.60964254204848	-1.01123686752642	-0.84022106217639
-4.47668172586599	-3.82286345196941	1.23432464750044	7.29252390360461	4.60751822041888	-8.72436556272514	1.56239238267175	1.58316843530918	1.41242888077924	-0.500697849701725	4.59259616690205	1.51254574646205	3.26303971887628	-2.83910627100599	-1.88609019607292	0.814706043120138	-9.79398785928039	3.09412080127875	-0.726273318918999
4.14793290879684	5.34706018901665	-1.40975775168774	-6.11128034301518	-9.13564128256323	8.02597438046021	-6.29916930517918	-3.49373622158689	-0.899634580723839	3.03095051977509	-4.78195841025246	0.243162220094273	-0.659572668881253	2.89376637247335	2.61387029790753	0.678805930192391	7.56827409945983	-2.34064259197654	-1.26326027115471
0.733877872547799	-0.450686389291391	0.0709768503743575	-1.510007869407	-0.761121352574314	0.267640222977295	-0.522744303281193	-0.611291211940107	-0.358870744761854	1.07782727305991	-0.134716764796924	-1.26392331565551	-0.16935039995389	-0.344101877420187	-0.095435260408248	0.396325884669714	1.59215474570056	-0.475304940406728	-0.00998652803539102
2.5997528177928	5.97110625408151	0.395837820037605	-2.78426776330393	-9.34541092203325	4.49918695468245	-9.49638876230011	-3.52851035709097	-0.514434219260444	4.07722488290729	-3.05959112414942	1.43105827336802	2.45749540275215	1.37920705091432	2.18530668173339	1.58450524362763	1.98282823640506	-1.33608630518083	-3.95069854955763
4.55796477122195	11.371750407303	2.5154320494659	-4.61909007615778	-12.2132661282605	9.65302807469094	-13.8169007576472	-2.58356806677322	-0.871965890484213	-0.628192036501329	-5.88318613113919	5.95190703820236	3.32674880871633	6.53669730503175	4.50786389732073	1.18225621506155	2.58456802682943	-3.06801199047011	-6.19221816166242
-0.717839485946596	-2.27499847121769	-0.553402688884265	1.09671514143059	0.861927004282993	-1.16518829483236	0.97378061872741	-0.203465615845934	0.307470915127367	0.519772245137886	0.798696821588676	0.0339271806584733	0.398773939321586	-0.94196870968573	-1.31550810411536	-0.0444073562381293	-1.2413873489505	0.732340833236938	1.70523987732342
0.402791972569838	-7.63705233743074	-3.59026614539091	-3.18475099785656	4.04856639680645	0.960034955206488	9.35256799097353	0.14149119340616	-0.254466972950156	-0.0967208060509916	-0.606452224087327	-4.53469329933731	-4.56460395742687	-0.576154882903416	-1.22448934519122	-1.80062448734947	6.8879203755159	-0.0396896225259411	6.85128359822634
-0.00936302296910278	-0.0853452594200305	0.0787955480035285	-0.0118737294054712	0.214445504528821	0.225845199468537	0.194880391186003	0.237464933132136	-0.00852662705158525	-0.587805700071092	-0.128553448989565	0.409615930962477	-0.0329305045041556	0.406482870475552	0.0319735211484703	-0.227971914987007	0.0159412423446384	-0.0734003159053375	0.187971760887466
-1.0873952719555	0.256477737566412	0.443436582860318	2.80868441195095	1.64815508986456	-2.6681659156491	0.885544123587252	1.02624834620727	1.55145999200271	-3.90138387296277	1.97232496363593	1.58684260171949	0.954010029445058	1.45696611481105	0.343356493687898	2.85333651670133	-5.19246872920719	1.9652789104285	-0.0607512932935208
-2.21386795632513	1.99329661363736	1.86494645116278	4.77735396471291	0.102771598475293	-5.04352958394094	-3.18865984915135	0.0746916408898579	0.817449950325704	1.36674683209549	2.45000254119046	0.597545824862667	3.269858090042	-2.25550138676204	0.30127589731146	1.78921006472912	-7.37922893903226	1.73384576071873	-4.29360518364867
0.698476018675982	-0.158569422124286	0.657365256429671	-0.725149545222517	0.702320636923327	-0.424739381032028	0.668772415549063	-0.507763618271204	-0.0574587154780014	1.01921972362889	-0.0360324834039786	-4.11794712923243	-0.129380929505076	-1.43297018706742	0.864701529862782	1.2116497419726	0.0977755631238209	0.194929520257954	-1.0771471143644
4.81082883333695	6.90375301514328	-0.433106224574335	-6.82599219483444	-8.80267565032016	8.8963420850636	-6.87203576117025	-2.91325798052736	-1.1462348579411	1.7462616862522	-4.95820818056711	0.343337396442985	-0.884361892546754	3.57146225976181	2.9327050704533	0.826651724400687	7.80436818077247	-2.94344437772044	-2.0933539683058
1.13689389966961	3.23961376430339	0.495023977815852	-0.580424400266087	-3.51572370013737	2.11287952141353	-4.42302961794493	-1.61692463506608	-0.298963290238552	2.65996375190453	-1.16242428247925	-0.183860616276673	1.22212172183002	-0.726710007603475	0.37745291189794	0.480379321043871	0.0227887661853163	-0.516194182296225	-1.93167990407282
0.0632359872456583	8.84140648271232	2.3403430138537	4.09242568894255	-9.17203856245837	-0.858047366339939	-14.4492740669884	-3.60668663584657	1.00387226896824	5.14256492167464	1.00177052609726	4.34324121792999	6.84541159355908	-1.64121474676388	-0.0405223696305725	4.558251094172	-9.06995185298806	1.30377012716156	-6.79633008376419
-4.06521520529568	-6.66498203320163	-0.38616647770813	4.19971969364454	9.59734883212325	-6.08812011479518	9.21846669801496	3.91411536109148	0.082882937802097	-2.48749348005941	3.32812831273282	-0.0464883773805234	-1.88071917792612	-2.39725945253951	-2.56275706762757	-3.68581403983808	-2.39074539704307	1.12041300143406	3.09891043017972
-1.65927927697609	0.142217013996117	0.149707325796962	4.66719341087169	0.97499007204743	-2.96464084219326	-0.121566985504625	0.126425126875221	1.9819351916432	-2.19196929330337	1.97768560913237	1.41159673441583	2.24040580904617	0.0461448382925506	-0.117594059768701	2.97202025450048	-7.57458374990827	2.89163328360308	0.0400819410363242
0.0809597042035792	-0.0374034407590891	0.0929865691965892	-0.234946744190636	0.211100038911923	0.320238803834142	0.161095374753669	0.279811219249335	-0.0852496870604458	-0.619469922330838	-0.100414922912988	0.489260593279734	-0.160173572072799	0.457399310217547	-0.07442839716771	-0.272807908621435	0.307877039733113	-0.212042053794654	0.247953735130081
4.27596610792797	16.4051772975136	5.05714574691358	-2.439928200696	-14.0851182456498	8.08267551538406	-19.118700876906	-2.88498259029194	-0.730532894297602	0.54383935936616	-5.2409208955834	6.18915552364028	6.03485992409811	5.4857233434427	5.92453586247434	2.87994322488876	-2.07103632360465	-2.78245920395593	-11.7297267822678
