1.62434231459361	-0.274283816014993	-0.231951222054209	-0.536055767262301	-0.781253810122092	0.0660204731642355	-0.116124126618765	-2.06247591653221	-0.744353783884096	-0.655118882600966	1.09389568292173	-0.63690088114498	1.84070089665034	-0.453443518096548	0.407684744184518	0.0552651750545377	-0.826120131166194	-0.577870985604924	-0.133964064965386
-0.0717694512878477	-0.0155504252004644	0.0690804747681474	0.00488131304018132	0.0776475323612478	-0.0105310410362838	-0.152434863864836	0.0342750172250563	0.0375793064283204	0.0348850596128193	0.139766466470531	0.0201309148330248	-0.0507165827258234	-0.00577163982191739	0.114011239279881	0.105324551699351	-0.0166868146017028	0.00469668868642592	-0.0772648758997909
16.9555597480111	-1.33286363516746	-5.15309593466994	-2.73677727939233	-5.54287503387713	0.643925854193675	5.43426958883574	5.44035196761922	-0.672341373923526	5.3260552374229	-0.438311356973333	-3.18978326917727	17.4365354062125	-4.70238138807409	-5.58285012278494	-3.97609849358186	15.9545900918853	-1.79942858637292	-13.3238450493889
0.0565199547528246	0.0155121965008365	-0.0762488514590362	-0.0237368240090141	0.00279886524953705	0.0115468468931547	-0.289303482150758	0.100942917843518	-0.0371633650582566	0.221636057506366	-0.183525193979003	-0.00509142893530838	0.271551400675464	0.0736980824448601	-0.108192709218203	-0.0358941975804356	0.594143193677033	-0.0183265727620571	-0.102156809552265
3.13396773588925	0.322386288308095	-2.16458354918294	0.58957386518407	2.60712570718806	0.0827385377738753	4.98790622247988	13.3348519403203	3.30590094382867	7.46265348350117	-5.10095156109596	0.851764393822911	3.63928798108678	3.41012449992976	-5.77962625132212	-3.23699519811129	14.8507334373534	1.30265592858786	-13.741262135811
-0.0705229518381011	0.0228545822224146	-0.0265651399652602	0.0495104136997828	-0.00701912599120058	-0.0052884683176648	-0.101410361318041	0.399873179552503	0.102117838029348	0.188481034415494	-0.113423875232576	0.0685608305092228	-0.0752263306427194	-0.100047353813868	-0.0678054897436122	0.00907888799998583	0.374700820968911	0.0699656965869067	0.00822356096910832
-18.9778030287699	3.87107709724774	-0.571207829012185	5.61990626321935	5.01374160713489	-0.422979111188609	-12.6573002764003	24.0408513629625	6.09307626813925	12.7031444226136	-16.3397228996511	7.40340365141941	-15.0820179761077	2.46914555482928	-5.4364036135269	-0.537078329974627	25.7714781876215	6.18144647999351	10.9898844315564
15.7368939971685	-3.49155855386296	1.60763258665462	-6.26537081816205	-7.22946809252655	0.623717796426805	4.23196075251603	-35.4907237106591	-9.95721807029509	-17.03314946375	16.3472093438028	-8.01157742945548	14.6713918187054	-2.11269169279692	9.27682754391197	2.10752633413478	-27.4873391312206	-7.51395041661641	2.03186553601189
2.8251755019294	-0.374161844087697	-0.525941699168541	-0.843059664986444	-1.37251294617906	0.139147447103219	0.297795570543288	-3.12450440256148	-1.21563003402217	-1.00759166201802	1.11670054026774	-1.03767824628198	3.08846890439135	-0.717321042098855	0.213904799477944	-0.282103690013588	-0.793210522612733	-0.894893728348383	-0.204439024356005
19.9249147342663	-3.71689015190787	1.57951867026735	-6.1781809029242	-5.32118985738236	0.671904474935001	11.4083944601671	-27.0431421750802	-7.2300361522478	-14.189154010547	14.3646088454616	-7.95310465515707	17.3687450282855	1.53390862607006	6.24925522625466	0.501779533961828	-19.5578843371799	-6.93057555130685	-11.4384021453871
-40.39793265221	6.72342126123242	3.09844795783429	10.6569294713378	10.4632713205412	-1.13068425242478	-16.8940847797671	30.318763782495	9.64692287368771	11.7994257360405	-23.6996277878828	13.1762598837035	-38.1390904925314	5.39785771520685	-4.54347935190781	1.35248348931206	18.1469925464925	10.7644349497061	28.4863295024168
0.178193489013604	-0.00566436856313199	-0.0478361505715793	-0.0510472921637531	-0.0420410991764798	0.0153508561760707	0.0144785006415289	-0.129465738686439	-0.0769562385425576	0.00673513637480912	-0.0997605717601076	-0.0598323612311644	0.266925692781997	0.0924941968283637	-0.0843690848884614	-0.0686111872615036	0.197659690568714	-0.0540263681320139	-0.137588766941808
19.631790974468	-3.63065781593046	0.783617257020649	-6.07802619215775	-6.82405761243498	0.664538569313644	9.36172924037527	-26.8904629608498	-7.53634255470418	-13.6415101223771	14.7280484837976	-7.80503518606929	17.0912210650731	-1.72019272032513	6.47433401712024	0.617731911246089	-19.3468263439183	-6.76183078870165	-6.95464379692783
-13.5363510449623	2.02831714431403	1.76614319584304	2.97352356258662	-2.20950063849611	-0.299814530502311	-9.64136533741032	0.724714416195694	0.384317311478733	-2.30401961933429	-4.41773647621954	3.49563668877718	-14.6305909452697	-5.18859158094299	2.98119804481792	2.45409988614279	-1.80600838905365	2.68638381702348	24.8526878319042
10.8143282015127	-0.288314193339579	-1.84050050601177	-1.31591394005899	-11.8810126136044	0.599503003674222	-0.255528752363088	2.32455167382471	-1.27935566198886	-2.02079388356336	-3.23321605870357	-1.80303759962558	7.75011844288402	-10.7238375714294	-1.63996838078353	-0.215238566005401	12.4199674940711	-0.602683945318869	7.65145152347893
-15.9502742959809	2.65665406500348	-1.03214035673334	4.02449764460502	7.5920303625305	-0.447063965988073	-6.15939990250618	12.9167676392062	3.66633907950734	9.08647882184682	-9.21321160433033	5.1602368986746	-12.3219259318483	4.38059211522769	-3.92465477872959	-1.77481882944312	8.76589158030979	4.06236354738623	6.25671719351097
-33.087100818986	6.20322481078765	-0.438806637286397	10.3292720293172	9.46152916935322	-1.05973868106549	-13.5296502516553	42.4539889153079	12.1758296856853	19.2602800590233	-24.4045985653787	12.9641516006066	-31.1203405789309	1.73933616574341	-9.34184243922769	-0.899301095195273	29.6576997676259	11.3715806591282	17.0668245541644
0.814386931946047	-0.144470491337674	-0.016091987959199	-0.314962983219657	-0.296718212498528	0.0419030057838928	-0.0797328383359721	-1.44530556799894	-0.478089644874354	-0.49523506243361	0.519746686522579	-0.373618611330536	1.01574437099991	0.0448596155736873	0.265530542188802	0.0433000886148186	-0.535529487038064	-0.363019627342408	-0.169255924926067
-11.6976696443178	2.76609554605584	0.478542676647302	4.09742563776446	1.46614253550442	-0.231404581686019	-7.93186983188476	19.7028678937607	5.06115840213428	8.2733868149535	-13.0536041293174	5.29790696439884	-10.5159128141711	-0.0355436467310035	-4.16437273379867	0.390032232722454	21.7300708801479	4.72911213434579	8.25247470859035
