59,133,278,170,251,180,354,145,207,160,158,129,206,130,26,178,172,105,338
183,179,139,60,210,211,332,71,87,273,220,50,315,122,299,167,169,35,320
221,264,214,312,215,233,346,43,300,117,69,249,302,20,263,6,2,148,327
276,168,239,40,205,124,295,126,63,200,115,85,326,82,289,281,165,64,296
252,141,140,288,208,317,342,72,259,54,176,322,262,7,173,5,3,269,352
222,185,116,93,196,118,316,98,36,254,232,49,253,143,275,268,147,74,331
42,38,274,39,277,23,202,184,56,358,195,45,361,347,351,181,113,32,152
53,73,285,307,228,308,357,90,75,177,136,313,9,193,46,290,28,47,360
146,81,286,138,19,293,298,125,187,353,107,101,319,24,166,292,157,88,240
328,219,29,175,231,245,304,12,250,10,161,11,279,266,255,213,261,58,194
311,270,329,30,190,212,324,51,110,188,186,121,337,131,323,31,4,96,265
225,156,310,103,119,67,341,15,92,198,108,104,314,153,237,271,99,109,344
301,203,17,127,150,267,243,1,209,201,248,182,246,217,163,238,260,199,112
345,100,223,134,94,97,305,154,142,355,76,242,359,68,174,25,48,83,291
192,14,350,70,235,27,282,226,86,334,321,8,257,106,37,297,218,66,318
336,330,256,241,135,132,325,137,287,284,16,303,244,18,22,13,57,151,216
333,348,89,62,234,171,155,21,128,80,102,340,84,162,339,280,120,91,191
247,149,236,65,227,164,283,229,77,189,111,224,349,79,95,197,144,52,272
44,55,258,78,309,41,159,335,114,343,230,34,356,306,294,61,123,33,204
