82,168,170,149,162,154,343,130,212,250,244,85,206,189,40,229,167,116,327
235,78,74,88,69,179,325,157,110,318,303,108,67,187,264,156,259,32,349
103,144,21,298,7,281,355,217,177,256,173,322,175,132,284,8,6,242,358
226,267,231,16,198,43,293,122,18,316,137,84,312,73,331,280,150,57,294
300,214,10,309,87,297,345,131,94,117,195,342,269,38,126,63,2,203,351
219,83,56,221,37,272,314,169,91,317,270,145,34,224,274,92,178,41,346
105,20,288,46,255,53,262,251,39,354,276,66,266,335,350,72,153,23,152
14,183,165,225,199,89,347,100,215,245,93,249,220,230,31,64,71,271,359
96,138,204,273,5,289,336,141,123,306,190,120,114,61,323,155,233,163,237
261,320,12,260,211,161,268,4,315,44,140,51,222,253,201,252,191,263,171
299,278,344,52,197,209,328,68,134,180,254,49,291,135,292,25,3,98,287
236,181,185,159,133,106,332,27,11,216,265,113,228,172,205,295,118,124,348
223,45,112,121,30,301,321,1,339,194,247,243,248,184,166,283,275,240,59
329,111,193,139,146,19,310,208,77,360,36,192,361,76,86,28,101,136,324
188,26,353,33,241,9,307,218,102,337,290,54,296,99,24,286,202,47,333
158,75,81,330,65,213,341,210,160,305,232,239,95,164,13,70,279,174,234
285,356,60,80,277,119,186,15,55,129,109,319,127,128,313,308,142,104,257
151,148,182,62,176,107,311,200,48,326,125,238,302,79,282,196,147,42,304
29,50,207,58,338,22,143,334,97,357,258,17,352,340,227,90,115,35,246
