53,181,199,89,193,232,323,118,24,289,217,174,101,156,210,262,180,90,313
218,62,57,88,64,271,327,155,73,225,267,307,21,246,241,168,209,95,335
178,106,42,310,12,280,353,149,167,219,140,316,208,123,261,7,10,275,351
158,124,83,198,29,190,319,46,117,270,157,279,113,236,250,50,254,197,338
249,176,30,194,105,294,344,81,141,187,201,328,207,39,160,97,5,264,356
245,66,122,205,15,304,282,147,51,277,272,148,86,119,273,98,214,138,349
120,20,237,44,229,69,260,213,48,347,281,56,222,359,360,87,152,26,204
41,94,211,243,231,32,341,150,185,103,78,339,49,293,38,71,145,318,361
179,144,175,189,77,239,233,227,102,295,79,154,172,52,234,215,137,166,317
301,84,164,263,76,348,248,3,226,63,173,13,290,296,256,108,283,161,203
315,312,330,320,43,331,329,60,284,61,139,111,247,70,169,9,2,223,228
109,170,191,291,131,92,336,54,115,133,216,159,136,212,163,230,112,114,350
257,110,40,235,27,196,325,1,100,265,278,333,82,287,240,91,314,244,165
354,337,129,352,300,252,342,18,121,343,17,116,305,171,22,6,14,11,302
253,192,288,130,258,311,268,8,31,322,326,33,303,135,4,220,72,126,308
134,55,74,299,68,188,345,125,143,298,186,358,99,184,25,23,177,162,355
183,200,34,321,259,306,255,37,206,19,93,274,35,221,285,269,104,238,128
47,224,127,146,132,153,334,107,195,297,251,324,151,75,276,16,85,96,340
67,58,286,65,242,36,202,292,59,346,266,28,309,357,332,80,142,45,182
