0.87377013132602	334.332967686035	72.5521263144801	-143.662865735411	188.021355846048	226.890108764936	-268.848278838129	-206.463030047194	-254.48640441724	55.7094980841786
3.19250831136218	-175.802573823542	50.2907642571612	62.4302389458429	-108.235361030687	-97.3767278898682	125.360373085177	32.3791582584733	135.362829873569	-22.2061917928422
-0.889720921267178	522.893070127782	-284.470466827022	71.664463068888	2.46159732850827	141.130795485874	-210.291590092048	21.6736876360122	-250.223403327438	-8.68225038356018
3.15074053572876	-105.259044561671	42.7181406380725	146.154415008407	-146.622748474156	-95.8111388678921	79.8528368025047	-15.7549307397983	106.432168519396	-9.75937243790828
-0.0389097646123661	185.542535393306	-251.792153876497	12.5947950123665	-2.77236356731515	43.4195556940451	20.1820870302688	-27.2753713635128	91.050476943211	-65.5557166384317
3.03356260595945	-81.7601276786185	-160.875246914229	18.1475288745078	70.301968045779	-81.6260771778621	61.4904295557936	144.301839249171	40.4340089250423	-8.58965051165409
1.44944866502912	119.277672384164	55.4519384140006	-112.692967057934	63.1312835280684	120.285927989581	-96.6857002058935	-76.2660350995881	-74.7853573368818	9.6417398150338
1.54849136281378	54.9441655950679	-58.2822296113397	-108.703814565924	-33.2743785486543	82.7916758492969	6.92788624339342	-10.6994669360282	54.8333752406051	15.7483064340969
0.887407335680474	297.426726383248	110.828868358353	-120.245202154597	170.309937975768	229.030427019785	-229.520633525873	-330.842333937005	-154.302004351421	31.5009628957377
0.0201206362330889	11.3408647029578	-160.459103238711	81.6884824120499	-211.891228404174	-1.43011790155832	166.03276470084	115.121356888736	75.8829497436175	-69.9922868241302
0.625903284932051	-183.078367636873	25.4233876759862	-84.2315766674896	4.47001828643262	-24.6248534988874	110.560196965023	120.395540945532	63.6092833303777	-24.2426591894727
3.13182772096191	-183.014913747334	-105.056730879398	78.1265590314035	77.7953592595298	-92.9531120457026	178.363091160267	44.9215516107142	87.633180494554	-83.3330950308368
-0.7281710077382	70.1442768237523	95.6404903413626	-211.149849931895	54.9881292042126	205.290771769376	-80.0096700000464	-102.853880862427	-89.8365575984358	63.357042544872
2.44007570329387	-128.624909180065	-47.9449178331468	77.3548593050025	47.1860262998648	-15.0981162524662	44.8476704577379	-70.5575100578643	77.0442881849656	22.3603754143361
1.45381397230032	103.780109944234	55.9212043360382	-96.7335597460693	68.9177450657765	119.48339859193	-88.4488905523855	-99.3742459138066	-66.061485484714	9.96632824948179
0.481482046202268	25.1934371333089	126.02951542898	-47.777951227152	-137.405805664883	20.4746620452513	49.0624232824576	-51.8492869893597	82.6572252650547	-61.6694681060367
0.626413686409269	-180.105955538523	173.608421222068	-51.9124500654974	95.5384187600122	20.8030446710852	94.2115211776579	-102.586300544081	21.9226635566792	-60.9094337981969
2.16857540851888	2.08310769569213	53.184961751284	18.138303445296	111.131593484121	63.8989114093929	-58.3285310374718	-255.04428406181	34.4988022571964	33.2006401748461
1.42722039791392	122.805846873897	51.2269240048952	-113.774908477221	63.8557274360168	122.703467413945	-94.3468882909748	-103.372608958801	-46.6389707091339	5.02970184525907
