-3.95998701942095	0.846064250461956	-0.844458121529075	4.14598276081496	-0.0527703912979032	-4.06397140203332	1.64336636449574	0.747783005457128	-5.0802391886981	1.75033407324348	-1.40162430366632	-1.58326676803229	0.0370028105597823	1.44337772311484	-1.71983652495818	-1.96984513592663	-0.0189579313188807	-1.27812831276654	3.0335994888379
-0.19246930736776	-3.90739945257122	0.377542520945771	-3.18207571429842	0.144060360169111	-0.65147272515506	1.0870452544823	-1.81601566152611	0.688096901172024	0.116175427876992	2.60014966624573	-0.867810991384679	1.04956082431873	-0.844850101259112	0.792876909036544	-0.221899386859243	-1.22934852605731	-1.73740804119832	0.488219703719597
-0.820187819719212	-0.239814430092812	-3.00040570109071	-1.16837874073894	-0.710136672923324	-2.14660421628835	-4.77690906038173	2.18304331728816	0.402551291875226	6.75871797506403	-2.9659099324838	4.19336483140905	1.96152331099781	0.312737754958199	2.03879873893855	1.16891747088489	3.39669695990573	4.24846198376808	-4.70300081389347
0.607039342823383	-2.03166166539054	0.0852901609511828	-4.08187342194657	-1.12743626328476	-0.592239901416885	0.483512252760058	-1.13587197994857	1.20105601658618	0.246216996720512	0.344021489510799	-0.923612653803069	0.927569827270204	0.0834951126318407	0.890977171180626	1.06345730416928	-0.715478219365238	0.367142022813746	0.013973255438885
-0.18040917763247	-1.24931930597524	-2.61970811185308	-4.21508566885299	-1.89109672995828	-1.86200424780908	-3.36487928045693	0.00135627116075843	1.23238690689434	5.94583473922161	-2.05327092902716	1.542366629142	3.31660551601078	0.230123812082155	3.0054623152286	1.24688986218273	2.49402816263079	3.41923379831198	-3.97731811723241
-0.814543103382765	-2.15672133490038	-0.232355405122073	-2.75366715949712	-0.714533741326524	-2.01261088469802	0.446638312965571	-1.53916198727366	-0.16846944773238	1.32317652693217	-0.19813873361188	-0.709005853574693	0.812038635880729	0.284535978722131	1.20859206835478	0.359759395553873	0.0676305297925934	0.150608810674698	0.290936860602147
1.6261349787316	1.69866345351728	-0.213903077298625	1.38314480762433	0.812997595818088	1.2985022798442	-3.08610422535519	2.85401925853389	1.95041681012993	0.419632650545399	-1.80459879228526	4.3340949829266	-1.96857279385864	-0.0804356093172309	-0.417670643409497	1.43074512222315	2.05085164314066	3.1325050514449	-2.74916441212737
-9.3719726665681	4.4492117993593	0.469815719163485	13.4477018066896	-1.12044618782146	-9.56752283527027	10.0562174658806	1.39945403638507	-14.3480779742942	-2.1852539539506	-1.52731630308036	-10.5718130459711	-1.17146352080302	4.54112444062922	-8.81187603782579	-7.39278505822656	-2.42788667458241	-6.96620436900662	14.2489416930171
-4.11390201023102	1.53609784032806	-1.24363608261184	4.65864441210246	-0.11888741760802	-3.958655904187	1.11849960256147	1.09448198565201	-5.34980745552487	2.32758675802995	-1.92089775976316	-1.30968998151106	0.272525471907287	1.52193775015066	-1.58639952547627	-1.96120593443854	0.207209101013696	-0.931588037987629	2.54104566174743
-4.02980184653115	-1.19922201176158	0.288941419998592	1.15893772752535	-1.38264737733772	-2.62068151838231	6.83371146556585	-4.7893197808674	-5.55021510484833	-1.64417689706963	3.57080060544872	-9.14331703574481	3.0961726779151	0.802607071784298	-0.327021907633461	-4.36150193332388	-3.26168656925617	-6.90821765489336	6.77388520213903
0.746059499355894	3.17451323698321	2.240164845468	2.55037910761463	0.255258798275057	1.340033412499	2.68839040098242	-0.393984632524649	-0.737391083082063	-5.3891046941403	-1.07798084297477	-1.89883460949099	-3.33388755887271	0.975949711869026	-1.86101444952273	0.259674960549808	-1.36083395925106	-0.80061504591843	3.32888963222577
0.0737694277599531	-0.113560613373111	-0.0910809541205291	-1.85817449116307	-1.13474271387758	0.358641759364651	1.07029433622405	-2.15366396216316	-0.00150748475037793	0.265685278008356	0.522931493247807	-3.35767776485371	2.58760757928914	-0.416614336662176	0.864183370319729	-0.707785293784755	-0.944169106740332	-1.25703901038019	0.328586472748077
-4.69350645927621	-1.4795208357781	0.208154721694443	1.61691116860428	-1.00462386352158	-3.96441551330295	6.32818373652704	-4.10464391947927	-6.03326616089046	-1.15707331698493	2.48153479546243	-7.33244412562559	1.59880179184596	1.4483288810013	-0.29274387957046	-3.69987085365067	-2.44308109990177	-5.79603521312134	6.81133449348186
-2.20793290317219	5.17919745172092	0.739958039469378	11.4015516480887	1.1814268583302	-2.76298093208424	1.75105068854292	6.75419098728488	-5.00587175326964	-2.43067257932199	-2.36318752478311	0.435542305269905	-4.56256345402208	1.99608424995252	-8.23803524691534	-2.72142152472828	0.861684316428354	-0.182600432236649	5.01451233354734
-0.714301255670238	4.80041762616035	-0.796828088772098	9.36358758201223	0.583497324232651	-2.98662504921908	-2.3302456326562	9.40312968280743	-2.30789744731804	0.925156319126275	-4.13755524610974	4.70481585370464	-4.3366711021841	1.93532968745608	-7.52895888983509	-0.908306341208924	3.60144036270722	4.03500843267668	0.875258260343036
5.00947476932095	-6.69756583255619	0.186526682027214	-13.9980498397653	-0.107312083805462	7.25757734846844	-2.57335155453494	-9.28493872009711	8.88178729923358	1.04074359281813	5.64540240429334	-0.643745177476144	6.21849051838233	-4.70593813224706	10.3450444369589	2.54254953714933	-1.60816655617894	-1.43943135277338	-7.68160875412039
2.94113494974088	-1.65977080812561	1.90146974979242	-3.98985627776664	1.18586336806474	5.71237305653818	0.886902830191514	-3.88234805529145	3.48571061606353	-4.23905280096998	3.83724874547368	-1.15293477171645	0.446785867245838	-2.39481851533577	2.64142184070014	1.0578676062052	-3.57599549194168	-2.91692559284433	-1.18370616666225
-2.14218264664825	-0.570307308084464	0.0474517605510559	2.00364006601076	0.355312091326554	-0.740947374589298	2.47832288115018	-1.49069535673116	-2.87191511668538	-0.23685592170918	2.0582187005433	-3.37377019832639	1.60873877505059	-0.383799873159091	-0.698668256746801	-2.52740325824119	-1.79784597897938	-3.76515261560775	2.48661001437073
1.41207842722876	2.2380961015557	-0.170673721204914	2.34131652529135	0.852702796002364	1.18348647457672	-2.81983185653047	3.27907698749133	1.43571888855213	0.241931484552913	-1.92710724889847	4.02315262853709	-2.05723184098616	0.0336412627361561	-1.07721581153128	1.09174119386878	1.95340768652889	2.91560515682054	-2.27339567961764
