-3.34472684087618	-0.448794177746447	-0.984480533234731	-2.74417818312676	-0.253051378822562	2.57524295114776	-1.37717300462697	4.06451946586917	0.274625645748294	2.84151263928456	-0.555572225381837	2.91913829308193	2.30619801560645	-4.08569118609481	-1.31372826113125	6.04858540989565	0.924904448356003	-0.0293975636215009	-0.393278114276285
-2.87845085263366	-5.27676601412072	-0.209331047047344	6.09021254783211	-1.58357027330078	-1.36963339838865	7.19629258795875	-0.87697746099533	-2.50055519103677	-5.51076513046093	-6.36311536970907	-1.78340755312502	-0.346243279698832	1.92389612185482	6.0635204709536	-2.62662521045627	-6.22840935348556	-4.17716361385191	5.70365705655212
-4.87295004571894	-0.632590493086401	-2.64775106744811	1.23726226670129	-4.91526334827302	2.19626359613043	2.41287200122176	0.811873881885482	-2.67971039009009	0.16100762099969	-4.27059610273312	0.483907192619697	7.09381925157669	1.56325432182831	1.71954117359297	-3.00353643160713	-0.815586771711537	-3.99198507270353	1.21454485079781
-1.63012134231712	-0.926129407868092	0.603066628006797	-0.0581273807422633	-3.97060839590634	-0.0649867085106344	4.49103590639031	-0.534934416165893	0.00767724972941508	-2.33198749904988	-2.30555002624978	-1.08106991386452	-1.28223233983432	0.414720582211594	3.69546649649191	-2.14135081288431	-5.07975019271461	-1.63654901911613	3.81636939337884
-5.85009683958924	2.43254916929071	2.25617919402805	2.20365349479683	-10.3308808439487	0.99034027682978	6.32368437568233	-1.20059840055966	-2.79291836174983	-2.079889806645	-5.73625302360631	-0.796565890750761	5.76012396356756	2.98508605547284	4.65735980925201	-10.0121114088697	-3.02015956168969	-7.17636446090548	3.13904351782353
-1.88099189454745	-2.66648967184763	1.56904168898989	5.8814798039529	-2.29716456901177	-3.48631383857006	6.05797609640311	0.378586157886726	-2.31952474648195	-5.764383059426	-3.76847614375318	-1.44683854904433	-0.714571774015035	1.55252153470122	5.31928979996349	-4.50606106021326	-5.71605411932898	-4.04625188954917	4.38094044419557
3.26887038033659	-0.255952948346214	-2.47339865341491	-2.49765540670258	4.67932358361356	-1.17553009937191	-5.11685324171155	2.5720229488321	1.70906355939008	1.00746856364728	5.40684907920804	1.4707474378679	-1.36998684197313	-2.67218033840132	-3.70075524268669	6.35777498345491	3.39063740270547	4.49880849871538	-2.95477028563543
-7.55781471688965	-0.23534674872832	4.98494341337724	6.56617581420983	-9.96204865867637	2.30226384476497	11.1832085645356	-5.84773109116189	-4.44093577960087	-2.76746539754863	-12.1407071999795	-3.2593709469287	4.97032779105132	6.29386079133234	8.09189122224644	-14.0093483141912	-5.18709702844047	-10.7892407200005	6.18325459527459
-3.26070114903841	-1.04839498452927	-0.779141506285534	-0.455351871353002	-0.109482360527721	1.74712603130632	-0.248194310447047	3.13296460404898	-0.733115250189869	1.86558235401944	-1.85475101189817	1.98587641243515	2.85798058611222	-2.37639073417996	-0.354684837731881	3.50630382586999	0.0546513645838616	-1.15359980377013	0.0686875760595598
-7.95790075212464	-0.00857501876407696	4.19930211682906	10.9611823857032	-12.2561829999902	-1.80735774562756	12.5444259143195	-4.40684818854234	-6.80468951661843	-7.72737109080881	-11.2685443886844	-3.35961353434834	7.35950479491756	7.87804092897839	9.76310949111554	-18.4050838544894	-5.03983708244984	-13.2299520481923	6.44715288699312
4.72181448892533	-1.31977257918558	-1.90159960608407	-0.625510759860902	6.03400055258897	-1.36439029971017	-4.07151132478461	-0.368151217892652	1.74532949570458	-0.312099131538757	4.07619419384761	-0.0283745611584347	-3.41976352435693	-0.90754878582581	-2.93592439895951	4.78425796915128	3.07957938022099	4.54577442468164	-2.32808712803501
-2.69840164807125	-2.68791581163984	2.04181934810706	5.19736003652784	-3.86106614114122	-1.01529325655477	7.73866680596869	-2.5449071230589	-2.18544159442473	-4.49617119520144	-6.54038892227399	-2.6116363387608	-0.401339623418508	3.20323147488443	6.23132311723141	-6.57120825145179	-6.6218082393594	-4.94088188166688	5.43244567828514
-5.10666515879623	1.74540649391407	5.21299659081002	3.7756675704673	-5.8969994362129	1.37423194406282	6.01196078716816	-4.16591537509839	-3.14280629225264	-0.18642115313903	-6.28016373362794	-1.7350151680088	2.45521325492818	3.92005103857882	4.07949387590467	-9.44111212976853	-1.12779785447053	-7.23037246162865	2.63506527027472
2.04758559957012	-1.40336434777044	-0.691730458374792	0.448439968379969	2.36646698242567	-2.94581288704972	-0.789953111826971	1.77983483985158	0.75379407795401	-2.94944439842731	3.27152172059865	0.437599418915406	-3.18732458834484	-1.84810690541522	-0.0475292450032399	3.47206793494505	0.196471793076881	1.98016278507491	0.233258532515149
2.86801987826153	-0.16796451136933	-1.92506817598637	-2.2854110761888	4.10175295619488	-0.849284461112552	-4.4382461367406	1.98806424161577	1.59970725664803	0.990184034362392	4.61856849309706	1.24382058247574	-1.36039605404811	-2.34760866624121	-3.25448501646636	5.57550979563092	3.14815006694569	3.91642640196616	-2.57825963908585
-0.547475718971846	1.46722515864172	1.83884824167695	1.5732870419687	-2.66824473144169	-0.403004701589808	1.89240995483568	-1.44490472422877	-0.843800517269305	-0.54734918341687	-2.00137103543327	-1.14672432098323	1.31747517424227	2.15852542736221	1.3538250109101	-5.54725405734982	-1.49620294385994	-2.23938767268042	0.486525597910152
4.37205126921573	-1.36492617058636	-2.39906911187617	-2.01965884005865	5.70657901198865	-1.87870153711927	-3.75963181101568	1.41487272607973	1.87259475089134	0.325628085640725	4.99302409574653	0.117295366152399	-4.83486898162011	-1.78235401344309	-2.45369033693235	5.69233499569116	-0.649337074470786	5.3586070639393	-1.44252702849975
-2.2866491302759	-1.48757328303728	0.728546151662874	1.4922499453185	-0.981036409680907	-0.0823054328796751	2.22124494133843	1.63996924649375	-0.677805117231996	-1.27875921258929	-2.4819778658965	0.636449517350865	0.518421333176208	-1.26700347330783	1.80464066079098	0.833895785328341	-1.88305600643305	-1.90446426644296	1.83118421471227
3.16284238210002	0.0714601659586158	-1.81830996316117	-2.05795208308493	4.32567370997083	-1.23981666932219	-4.80896275206891	2.23852851794749	1.58278715579886	0.880268658956521	4.9654792719767	1.33114744942599	-1.21331748965308	-2.38184391873963	-3.51509189195568	5.41153988871895	3.48151844933329	3.99114775618631	-2.95578961677116
