2.53396177680781	-3.59988269366304	2.72105588013783	-7.2855423457817	-0.994265093402037	-1.14044775594375	0.961203146990518	3.7365135914222	-3.69728086633415	-4.47926953586616	1.82729379746777	-1.30939898354673	2.04586122090996	-0.194408778121661	-2.97301965886215	-0.675508387644675	-0.713161543976271	2.77261118537914	3.80898266292046
-2.51142037828697	-2.29069052665419	-1.38661570272736	0.151871755886596	-0.075698906697638	-2.17304161684263	0.871358940824501	-1.45023402086602	-0.339668086988544	-0.572502915256415	0.184730885806829	-1.17230848247876	2.53431240624598	-1.33227725951571	2.54086423682446	0.900462012389928	-0.389775328871336	1.61220757508399	-0.338674640491972
0.140990767331076	-5.00955562680589	-0.909636679896131	-3.86456559524393	-1.09369528864107	-2.55293638134549	1.00040026360849	1.92975719557871	-2.17285057721178	-0.635805028477595	0.346304813864219	-1.70726475547889	4.12726130573714	-1.4348897127845	1.7296927409992	-0.711604554940735	-0.390465358207878	2.35515109962768	1.13948129888568
-2.57568901192891	-0.802637638874787	-1.11463677048973	0.862290985739701	-0.229605360586435	-0.749574456075222	0.568803070966291	-2.02117275321439	0.141131178007137	0.657529008798995	0.30145932757308	-0.44398915181402	1.48102691907231	-0.320026938601761	2.05946097641599	0.439872261096599	-1.25985391122319	-0.506808913826823	-0.516920498729351
-1.94292146265231	-5.46192761591795	-0.730936981262204	-3.4009178106512	-1.63025576016101	-2.40697652531986	1.06934380111209	1.22014616435316	-1.61303217356468	-1.81191371209967	1.16190919164612	-1.18152474744015	5.38198199010615	-1.37210084093886	2.66323888520235	-0.341646417220128	-1.76676858271935	2.9485611080071	0.936193094890974
-2.30589309815585	-0.939315172972831	-1.799338702604	0.913435696065399	0.790618744348217	-2.97901483312277	0.773912613424036	-1.16078502984839	-0.179102509605459	0.0162603605183058	-0.364931995082208	-2.10578368597741	1.67797473905101	-0.895500157045281	2.52099936188491	0.58101927592734	-0.0815422409399829	1.66155660509335	-0.687001912749556
-0.250916174256414	2.90442087435342	-0.736036812526566	4.03194579828375	0.261064428725033	2.20978712651374	-1.17664428478411	-1.26567837255518	2.50458877529761	2.72252446884349	-1.07221000729215	1.86855477457268	-2.11402754941484	0.613416325143488	0.384087394146136	-0.00154239315786087	0.410324542990042	-2.31913565203309	-2.12420923401668
11.7868839333359	-11.5818707169604	8.4166688208978	-24.7149817708528	-1.97396132037284	-4.41516453852062	4.36951138416395	10.2197315312613	-14.0544789946577	-13.8793507181633	5.51781957064951	-5.5585092436977	3.10044712692636	-1.03786891530199	-10.3234145355778	-1.714173754941	2.19378519237447	7.61587402811544	13.8207297731338
0.864268179032539	-4.89058740480714	0.777176473418735	-6.82607619287361	-0.411757756967478	-3.59886275832525	1.9854544730176	1.79435293706403	-4.24363106020614	-4.04732047229996	1.60741445972333	-3.13924976972369	3.24310709719466	-1.20174183977799	-0.299749829202793	-0.0336950871256801	-0.133773506933988	3.5632080682121	3.42706054908277
2.05642791592451	-7.54174608150653	3.29107802078878	-10.7000428843554	-1.51296399924385	-3.80762734324335	2.82395732499582	3.71506700437658	-6.40496371321304	-7.89887723896493	3.5707961555952	-3.17022701790561	4.1047285825151	-0.679644154511198	-2.04228132583822	-0.583283507346134	-0.321173509726962	5.13983384758603	6.23312538040158
2.60650659662583	6.47115081682848	-0.121904404019372	5.21566426410883	1.63118255615157	3.68852261106039	-1.90023456091395	-1.44272808723724	2.94460949414124	3.91944056298728	-2.21810306646562	2.31843628437801	-6.27477663907748	1.14680605328393	-2.31250564016587	0.263330608467539	2.56300242772006	-4.06670678421919	-2.33096235919011
-2.14149793755849	-1.09952874622516	-1.59799769060938	0.127185486866627	0.624282669369857	-2.83200231321243	0.884331260563448	-1.05322599568814	-0.549277181525006	-0.0764447406241751	-0.109612189185385	-2.17026686847423	1.81706384244163	-0.752880535677183	2.28874454274208	0.429295299871608	-0.439862086317747	1.40853067789857	-0.303465830421521
2.29107527225045	-5.7328869707153	1.83038325681375	-8.89141895380543	-0.495263238678913	-3.96524682812218	2.62876736559878	2.50756921154657	-5.6133025664182	-5.8915972673927	2.51069766534738	-3.59466599645355	2.71394704590133	-0.792197351290964	-1.11695743443935	-0.350617837703622	0.841157683822479	4.2655147702211	5.06549510620265
12.673282851255	-2.57045343007921	6.12711676731392	-12.6713991237573	-0.790251991308658	2.06183609696448	0.184453651905853	8.1120813930506	-6.46983193740244	-4.76680661366581	1.05504055347568	-0.130253479926676	-3.62239665265205	0.278035328223437	-10.3902722754717	-1.95344462689664	4.16055328102185	1.03377098567486	7.01049392923496
14.1265915388276	-3.93441906530736	7.27343264938134	-16.2417011798291	-1.41188214397055	1.77592274371589	0.14305200562382	10.9624041881226	-7.73047856742948	-6.86330661227666	1.80378217462771	-0.533219968179758	-2.41422153140623	0.456341347588207	-11.5697631341088	-2.86641134657085	3.50277920202973	2.82799894783659	8.42283529458568
-17.7666210413845	5.46235716255653	-9.93244651380481	20.9047058108969	1.77616957322318	-2.05510955887314	-0.757203527690117	-13.2602292839737	10.5433991779163	9.24334919980423	-2.73008022950471	0.866287988676854	3.25988881244304	-0.635318575271743	15.3638284399142	3.23996967929492	-4.479987131394	-3.18007514504952	-11.5188267006824
-5.02929456174451	7.57547628812238	-2.06169180991252	10.3968830381471	1.15697819890489	3.64718744677133	-2.12828766781486	-5.21556722575023	6.15630440116999	5.14683651166463	-1.67485426539156	3.10536569409586	-3.21178315447005	1.5143481157107	2.17963763886134	1.18454984769417	-2.05009894671104	-4.78303514438016	-5.31045183199449
-0.0291133402482724	-2.71041305625419	0.441915340218393	-4.52657518706286	-0.317041262201819	-1.92423821389909	1.28844582445623	0.574458311630058	-2.55778327934137	-2.64589076386957	1.33075479051411	-1.85965467138155	2.25460589977592	-0.65922847780622	0.0309705391241479	0.189205829608327	-0.752405585746453	1.99453411212911	2.15913098088184
0.89008708467527	2.40618935815171	-0.377989689711951	2.7895916640638	0.284972341532253	1.98549818274236	-1.05413736553377	-0.456759054037557	1.76860180385018	2.36758688906235	-1.09391309513559	1.54732435650472	-2.20671175681173	0.456365411751426	-0.382660268022017	-0.146254436548683	0.911982362000965	-1.97878759534136	-1.48639721996072
