-1.87327835779073	-1.7209321738417	-0.703298794418268	1.26970257117522	-6.2255147990689	0.243347333345389	2.37892251037456	-1.5795867820857	1.56969626870939	2.91545130099144	2.94065393241821	-0.615283425723031	0.806701282644551	-1.46930755178728	3.91094297723187	-1.70429490483733	-7.46332672601914	-2.16106205728405	1.53411175115412
0.807787213630308	-0.927695400588709	-1.75802403234727	0.997025989170941	0.661717946992128	0.671858260427958	0.407454612092114	-0.347076160088883	1.23190999221209	0.0160777646018214	-1.72758547326002	0.0214594287114233	0.95200835492816	-0.249657947175721	-0.185055314535365	-0.650799194541762	0.425061206297997	-0.171271638801401	-0.025103318675734
-4.07260692725395	-3.28617210989986	0.457949331178426	2.6999285976658	-15.9901202482647	3.73529349551005	5.44096585561756	-4.45481119753032	3.38882092023971	7.39546756088795	8.7306031099989	1.5194549682919	-4.27201459213179	-4.59655244346371	9.38758936299617	-6.07709392539233	-14.8919005214724	-5.52978282197695	3.59753624614033
0.853593647785674	0.169668468885353	-1.10709060243574	-0.37730957603643	1.11965208218778	0.0699751902207376	0.0749015990841896	1.1257458327984	-0.0160134994831814	-1.13178917646234	-2.0744968066673	-0.379750952029198	0.504218265344172	0.617645448351261	-0.508742900704743	0.101874195335812	0.647137379735968	0.541087284698537	0.084439287791962
-3.00623399419652	-2.88606622149304	0.432617696529118	1.83253554320289	-13.9499176863299	3.91505616918634	4.40577734303293	-3.3139764715036	2.50352621140892	5.38854306175091	7.09379147508082	1.61729123287568	-3.27195290978015	-4.02081258262097	7.84053350550027	-4.322153879427	-11.7985767029173	-4.73842238906957	2.83284969128026
0.12189190419338	1.22402187459323	-1.75072453947854	1.32333620134433	3.02078632718718	-2.41805665454066	0.0999494491744077	-0.284066052155971	1.06563272682969	-0.937400387849353	-1.83149544319685	-1.41277627120768	0.255908581870316	1.41178453398575	-0.891999198721506	-0.166632931984221	-0.02714232838466	1.61368248776301	0.259832509722741
0.918833151774464	1.49822097180582	1.2302904246655	-1.51503435386389	3.83360175440369	-1.0248065656776	-1.86092622238073	1.6384796006481	-1.66042953890121	-1.98253755773397	-1.38644649163815	-0.0607035487013497	0.389239785125154	1.31536124546509	-2.55840402409561	1.66517442951452	3.94007142330977	1.81892857507995	-1.04218898674802
-2.78210916762602	-3.40598731099231	-2.13039561577207	4.16459577534204	-9.25122512110859	1.79914378335539	4.14069799354264	-5.17380608292358	4.03746137798522	5.23685686785408	5.20231300663579	0.350729076334736	-0.829728074395906	-3.08339796511598	6.08036493507911	-3.96769816452629	-8.92265046744656	-4.00249976764675	2.33532161374157
-1.60740460589471	-1.38925200303266	0.767559783280025	-0.469353571419035	-7.54037274516225	1.28421835240637	2.07504438605242	-0.0705441219479232	0.283664266178843	2.57754583784367	3.34822476946546	0.0333664983248577	0.0736089139074217	-1.58766789451552	4.10387979693642	-1.55005715547644	-7.58712029103998	-2.18891514926967	1.51052810826536
-3.74531149070421	-2.13062569333371	0.779268024398595	2.49548651256017	-13.9039369492337	3.5353234654834	4.79271388777005	-4.36688622608566	2.69438705079604	5.7974051241766	8.42999234317532	1.79838093343821	-5.62774981503695	-3.84970302064215	8.29157961330823	-4.7950861166771	-11.510210599108	-4.78930286555259	3.29088730330137
1.95652095354081	2.56949620996156	1.21697119944734	-2.13152677379854	7.76275242614003	-1.18938019842832	-2.91398353864917	2.68629944317065	-2.37861950493045	-3.46897669604709	-3.6871430458149	0.111022402810483	-0.880187122127008	2.18317919490865	-4.70153871496338	2.20773879575763	7.89754462536879	2.83474604800637	-1.68659192224736
-0.198112088535027	0.0958507119331166	-1.99131374630703	1.62869191345396	0.0290560056734807	-0.85415115329401	1.15627321911514	-0.801877702079144	1.65790021808513	0.259990783235963	-0.893704913761688	-0.856256091757127	-0.291586308062788	0.276892564683839	0.779316714148123	-1.11236137904451	-2.09118058827672	0.152913587609459	0.809942579668136
-1.85142904701614	-3.02375873309244	-2.78742905912931	2.71488038400831	-3.24738364597105	0.481910928819147	2.43688411116798	-3.67041555865315	1.99670718838436	2.59347348836257	2.16153622439026	-0.706323793692435	1.27276528976255	-1.35114662742802	2.85500776393544	-0.804237130364056	-2.3992574103013	-3.18233598546916	1.11199711422044
2.11763703925441	0.948115334546874	-1.16147159157521	-0.235168348982083	8.36504570384787	-1.31502240797971	-2.38353896367721	1.06929698706197	-0.821514386878866	-3.32364725838886	-4.56162532840214	-0.482655459642897	1.92383541690467	1.86787721159607	-4.64975740261605	2.74897164459246	8.42962987452802	2.17115637211663	-1.8235266587525
0.825895296058108	1.3067158315916	0.959546810981837	-1.22505486277353	3.6857031151542	-0.956692753700897	-1.62084227629065	1.32345362635998	-1.36912707170072	-1.62319371995657	-1.32055324944155	-0.0544386888072734	0.194721996206862	1.22558170949855	-2.35962495653405	1.17909213515998	3.6835311503543	1.65828540095849	-0.902160378368979
-0.393013884376349	-1.06446929466519	-0.54313370691492	0.429940270271445	-2.7187800679382	0.886277045822375	1.00088952356496	-0.788925337241443	0.815087028398496	1.55650350072577	0.937875528181393	0.293432909481851	-0.297357593028476	-0.731892856053227	1.41893301889469	-2.29871608415575	-2.60279898241406	-0.743348522802844	0.615567770637009
2.12058235374547	4.13532051160321	1.86176068740546	-3.11507036043934	9.28266336628161	-3.33458374441553	-3.91149193123205	4.32523577086783	-3.21890095489462	-4.90933801856474	-4.68982885035889	-1.01653675343506	0.433900297754348	3.35641651060943	-5.7940613710624	3.42543801574197	6.97608221888848	4.62153898650713	-2.03541009332406
0.684724337380393	-1.21342865621747	-2.14623748472024	0.761606528141132	2.18854819325359	-0.310738883557153	0.0479245470263313	-0.0335177094935867	0.702954728998846	-0.489702130102861	-2.41980018455787	-0.895210255750962	2.94521737610506	0.171982380757435	-0.820703455038265	1.07058029556011	1.39039612467273	-0.348689960041738	-0.369514680336455
0.848199068951117	1.07609568633706	0.926239775016629	-1.12675089798676	3.36654652958681	-0.702702803908669	-1.58216542657229	1.2302935348686	-1.27890864372487	-1.6029021022168	-1.26334190089587	0.0360595972528427	0.433706299964755	0.986857023285703	-2.22640643798999	1.4385405535849	3.61562079200929	1.40214111625243	-0.957249126473484
