-3.5506457970882	-0.2049224893874	-0.851319185108583	-2.60643464835709	-2.59349754071561	1.18681849658246	1.36782560377992	-0.956631924832934	0.394861104851699	1.96663761122104	1.95094783236004	-2.74832827139478	0.431760374683989	0.165770121465357	0.769620666177772	1.77319357816559	-2.64865972470979	-1.35116859370462	0.676701861986977
-1.25476027037897	-5.60983664682982	0.376590377890317	-2.60934715402939	-1.56653666099246	-1.48694459467756	2.46801032218614	0.335172867911218	-0.115851158788299	0.424809184941079	-0.162117720698195	-0.468689555808062	-0.81284624281875	0.0628924336318475	0.851491302731693	1.29468875380686	-0.982716840523878	0.0854352919153278	1.11410144330229
-2.56128789387352	0.507403851552269	-3.71602707521269	-0.474057623605404	1.16094112148734	-0.747200865413951	-3.83315034916519	1.82239869100205	-2.38622634452666	4.71831822102758	-0.356101087735325	3.32295551563122	1.95960475419798	-0.458913913024579	5.58705536702086	2.67413622716097	0.630808234417685	0.276499505313968	-5.56735507546823
0.98107631659923	0.720497823778508	0.0664231713090313	-3.53536696360207	-0.246213525685057	-2.02485823170133	0.725126318671425	-1.22261026417749	-0.533375328101911	0.172444792141263	0.239551143494168	-1.19008401258655	0.621946811973064	-0.0485012308363495	0.291298730798722	-0.379565479751707	-0.822965791438115	1.17267284853386	0.787697537809823
-2.65848155594048	0.485404794724211	-3.04555757159974	-3.93086564701372	-0.101261500985787	-1.71412107596299	-1.96279267107792	0.00900945953568311	-1.61772158426562	4.39579591870093	0.473602845171975	1.33385659075475	1.81148627289264	-0.153575111063544	5.93177532177797	2.35289599328054	-0.998274232524068	0.124990004060173	-3.8173530687702
1.00721448079722	1.17055502167929	-0.458634398888767	-1.933469075888	0.413801845435853	-2.5813147931174	0.260431453895583	-1.08118962634751	-1.26306848141059	0.0603805004052926	0.384888506328528	-0.359326597983671	1.55752929494961	0.0666961036493734	-0.027450358910591	-0.914775120107631	-0.492174517469721	-0.387374068409732	0.617343601286436
0.594042408837486	-1.31444472864538	-0.0170303039725431	5.23929856033196	1.29735633481079	2.0731795697921	-2.54017169015786	3.42621496111386	1.90780108203288	-0.131574986317988	-1.78878409865264	4.54104547078245	-1.1741017682904	-0.5764594527679	-0.32823269731487	0.815473217343005	2.81864553733479	-0.329724978598343	-3.09200664534227
-0.408949282712936	10.2161996544534	1.52063654898711	-12.5313704959802	-5.5291103815877	-2.42494970200391	8.67401058660897	-11.4320009281399	-2.78110167915935	-2.77746168379416	7.97255336773324	-17.2669298004824	3.391295865384	2.43106871820388	-5.72715105359831	-5.11084258243248	-8.71700483696602	-0.711061199503943	13.1383223002453
-1.44153845744986	0.626141822638985	-1.5833966706853	-1.57224712794893	-0.065412674262971	-0.756502322551789	0.306311913655787	-0.930926682049083	-4.73114181975148	1.42277154294606	1.03727462642597	-3.31434203254278	1.55381588628736	0.377585166754371	0.4874525092607	-0.00822290436791739	-1.09163784534212	1.83777079993548	0.961350016965767
0.100220102888181	6.57502167226347	0.313390490872569	-9.73578892431497	-2.86323269457549	-3.48829420102895	5.30026593236803	-7.86736789053007	-3.1123056386499	-1.17981815328805	4.98901842738654	-10.6121484318908	2.90799717395528	1.86666957679835	-1.388529423635	-3.72336810612675	-5.62690660461875	-0.0472340843166519	7.87472870740194
2.59265944043934	-3.26925682621182	3.48890332100631	4.01971106358975	-0.482457064458169	1.79745982387917	2.27710171155782	1.29293588131686	3.43037188891194	-4.40683918075079	-1.14735631131301	0.322456482128615	-2.87120525596458	-0.029711159591133	-5.57170279864327	-1.53577860999231	1.44759939712443	-0.407510932940212	3.15376336775867
-1.15063584902026	-0.225987982070073	-0.321821061113774	-2.4326205216646	-0.51601089762015	-0.434658042308749	0.771435630036404	-1.03966400667089	-1.6882528759533	0.949053516630114	0.431052962940814	-2.35394742259867	0.445971909294824	0.216074553595534	1.13946616867564	0.112205425467828	-1.62821198153054	0.981065885019366	0.729995050706037
-0.502855210924506	4.11724354602752	0.483112847226618	-8.82047566464747	-3.2821899609712	-2.12976972198467	5.11036677495325	-6.2674304362271	-2.310061050667	-0.844979377448887	4.27358071209288	-9.5924149828975	1.48386400024594	1.57517523629204	-1.13492778805721	-2.30520621065597	-4.73986588403772	1.09449513909965	6.90739177090561
0.749870830379899	1.6419516077237	1.29271321290695	0.627458497730073	-1.61099480032056	1.54613113764678	1.98045088498162	-1.11102695756608	1.25474852575017	-2.38355383361132	1.52226168288993	-3.02288564730574	-0.733279396095729	0.341840343004515	-4.45423889508098	-1.20062147763739	-0.33560126419147	-0.308136051781748	3.4320748916154
0.285881724353844	2.1705672307765	-0.93646390012525	2.65502544199619	0.395290512117911	1.23352370820447	-1.54000920110943	0.668089456134965	-0.482744174205509	-0.338031968324879	0.417103678854788	0.689363325099869	0.0748601993390405	-0.0271432519176628	-1.1536253251765	-0.175649668152638	1.60769956260837	0.113934155209644	-0.871423332794697
0.893281283377959	-2.93374911271153	0.0359811983962608	0.838845640273945	2.31645869333851	-2.15169747459318	-1.75922664100511	1.81093373308979	0.592303079214311	0.914004075240239	-2.65517877282542	4.87959660414547	0.274817197662202	-0.3577021584679	3.61036650856084	-0.00119206769264579	0.809104959063284	-1.0033963142421	-3.21108859904583
0.199853729275268	-4.75673977190138	2.34740246379081	3.62095244790073	-0.518420997999613	1.92341073619739	0.643620583111709	2.61090301787913	4.94426344196339	-1.5421272744385	-1.88919416316264	3.23568105718692	-2.3454372401324	-0.674037095030889	-2.11193697752572	0.740337066368391	0.591402424828981	-2.48109691195722	-0.396374251550968
-2.33690800066946	2.63807829515974	0.026231751543337	-3.23571325093957	-2.75446057279913	-0.191592632046326	2.14901761597535	-2.84117895835351	3.11690585145072	0.604013754675719	2.87241831360194	-2.43122409797314	1.6180096478011	0.375190938950518	-0.467129265999914	-0.0198988688079265	-3.86224296767791	-5.38064296976047	2.01989849952569
0.225271609327679	-2.1269314679499	0.0777238267418989	4.61279138180814	0.646112449978586	2.11371064754646	-2.08100698872904	3.54956866963389	2.66730700796024	0.0437172880923962	-1.62978709760199	4.60827952625517	-1.45282833678559	-0.655448437819179	-0.32907397048697	1.38709916394595	2.61158259173088	-0.576743229528164	-3.02247686269172
