-3.07356840980983	1.46728688917567	-0.0342682624282106	-3.06662207111193	-1.20924300170551	-0.366090819985052	1.89576255999948	0.259030318699764	-2.6363586545565	0.0726224991532352	0.242244376260874	-0.733578300717515	0.884589886215442	-0.0694045330753559	-0.31038718091168	-0.971079823757733	-1.41016036589835	0.097550010682947	2.13532431266946
-0.439724058369192	-3.21748711025285	-0.242310813210476	0.5024356967747	-0.713489194603557	-1.83877423746525	1.92805977319111	-2.00911692211387	-1.12723496898852	0.0116254039446897	2.0158440212784	-2.19856582908645	1.25552441680773	-0.262893740246596	0.935515739057478	0.0296283653639371	-2.53443697714559	-2.29255534479797	1.3990870689068
0.713095822265135	2.00430957116537	0.0091289119205018	-2.89319985041896	2.20369408548337	0.130353836280856	-4.01884484149338	4.240297861199	-0.900732769164605	2.59191823825289	-0.861093352874923	1.42017754459799	1.78595863461788	2.98827821762915	-2.38220061789966	-1.60869358946317	2.48133303667855	-1.33711817032777	-2.6776320735305
-0.982588214061461	-0.2695488139435	-1.79671089700879	-1.68632938226093	0.50976441862156	-1.25121393507439	-0.547481248677984	-4.02573201772996	-1.85645420375134	2.30077604395422	-0.0134151490328804	-1.1962824716808	3.35567372275596	-1.43874965802011	3.53443638895794	-0.195883900079651	1.53200978781488	-0.245182077959153	-1.72155816114856
0.779713781432706	1.64547803509268	-0.357444126178763	-2.04511487372495	1.85218968004567	-0.403548770796216	-3.82550513299368	2.4096581272047	-1.52082521893356	2.6413778087266	-0.260137768891623	1.20357920781238	3.35942098479513	1.41367455367678	-0.271850560754095	-1.80719497075848	2.59928020961909	-1.57858631526295	-3.36455053683987
-0.65381331769367	-0.928766080485881	-0.04177645613434	-0.24590249992955	-0.0257188617224793	-1.05332344475379	0.508139100389547	-0.467454684099445	-1.49009209505003	0.0845875552769693	0.747754679935387	-0.53958521789908	1.29224565590198	-0.0169094252618576	0.320696224074004	-0.284919460350959	-0.765286596619964	-1.65741473948022	0.410341841444299
2.34550816071785	0.987452656980659	0.430040943500658	2.03073399137227	1.85155738442175	1.32999404945783	-3.05394572312195	2.93991063973135	2.26854282901163	-0.396769900926235	-1.9655600842284	2.73616794274828	-1.81184110509288	1.35773067368249	-1.7241532121235	0.687762043111738	2.71126172566928	0.410654015186406	-2.22038669289756
-7.81606059433602	1.85160731239613	3.87024578370944	-13.3166763292759	-8.83913395576696	0.399211222569368	13.5522165472488	-4.17185598427341	-4.11864415610665	-1.99120537888061	9.38804086742083	-10.8226874618407	-3.61805681611222	-0.58692583930163	-4.88725122190907	-2.89103149547639	-12.5723535918854	3.37404320463613	13.9284416816142
-2.85078368544211	1.66205951261811	1.03260253910713	-3.98589593050687	-0.983593935751171	-0.682991420666736	1.82797430148689	0.437142655034357	-3.76454075393979	-0.325045914459468	1.7351224338575	-0.965704084768016	1.3337359643597	0.355096727942593	-1.28736965369465	-1.52391342666578	-1.54616557618793	-1.42145880723671	2.33856626213418
-5.24335216304893	-0.605370954319731	0.295177673369792	-5.07011081214704	-3.94351179048019	-2.57129429999087	6.67168343895294	-5.25677287004542	-6.26207760449	-0.761807662238804	5.5087357724467	-4.84930813463628	3.35638094067831	-2.04111573953035	2.62144360320069	-2.11348589948024	-4.78323179220901	-2.03767082902099	5.46957259561187
-1.52786504890923	-0.254258541689962	-0.417490400501139	3.59844684423494	-2.05583170342981	1.43408497976746	3.48034845515593	-0.0921439977351071	2.55986758134452	-3.1774264343875	-2.63883536065925	0.933282394161324	-4.52148834891646	-1.58569487199214	0.286070947155588	2.25962845848688	-1.94611404982586	3.59199978025989	3.29448920571872
-0.273322659958895	-1.10583315808998	-0.279275333713517	-1.80366174685992	-0.605784005156281	-0.762506827619258	0.882249359304297	-2.02538456917632	-0.491341782800665	1.35756208374786	1.59528050591428	-2.4092004566846	1.21462521619686	-0.35626194139789	0.580260331069823	-0.442001211484012	-1.4323085586245	-0.218734289470127	0.398682727740202
-4.66519695695053	-1.53729681513995	-0.621985382760065	-4.91511694141407	-3.88918448077389	-2.35702496156818	6.61590453486764	-6.60271524680768	-4.64075354270991	0.147639812370805	5.03241197723639	-5.74070674666606	2.62227314596709	-2.00327696620243	3.36109744087022	-1.42714661409976	-4.56285910775056	-0.755593868403109	5.10635115816009
-2.01191657510679	5.86383149278679	5.50382891898291	-5.89233303822589	-4.73678231094649	5.20919229552823	5.61046411875332	7.6244091168415	3.27905444259394	-4.36387985436821	1.76355730636272	-1.48282850331215	-10.0940080327452	2.5959258361056	-11.1146514288974	-0.98567390216127	-6.76770605627219	6.29921709622037	8.75141531530688
0.316563509715733	7.17714665870945	6.88435691761413	-7.12933051352772	-1.6263330081499	5.88139685384204	1.16870070160852	12.9296641023585	3.69158714259451	-3.79582728687627	1.11671772789937	0.88493523103795	-11.1673220468241	6.93883104676206	-15.7788705954319	-1.59929243618879	-3.7836999530221	3.91002259186199	6.46308046345467
2.79810349297576	-6.3583515442637	-7.35047241512402	9.84854803403737	5.42698024190753	-5.7811378560577	-7.31348535051508	-9.84060905200432	-3.12323458027833	4.88066696560733	-3.69273217440058	3.33258737533003	12.8605271361413	-5.52237300406738	15.7623527408087	1.6252478652289	9.13922590848487	-5.98458337890847	-12.0455678800153
1.16099572302771	-4.12653985157928	-2.4611271866394	7.80410155682986	0.287689783871226	-1.34609027695695	-0.0168437450308652	-3.51175258210323	1.71419576284804	-0.818664621285791	-2.51835868256163	1.32178057299085	1.23781973606626	-3.51875991171688	5.44865443428133	2.42566314143992	0.397863218038403	-0.229598487360793	-2.04469911021814
-1.47433432152683	-2.01610199538349	0.358406610718009	-0.603814870923839	-0.354824608497174	-2.37234515841151	1.84226945780259	-2.10287796015945	-3.72576845343088	-0.644425854580249	2.68085931083088	-1.45569410598988	2.58556273262646	-0.329282634627187	1.03523409378326	-0.632694918721856	-1.62997787654403	-3.98051353674181	1.46301910903482
2.2282794845011	1.34525490554439	0.807566522932116	1.41810568963631	1.22865008785027	1.73976477401255	-2.40801311793286	3.16128050882255	2.68188407633376	-0.49329988753219	-1.59296947947617	2.19966662495848	-2.4293151694736	1.26838556080086	-2.36576791506049	0.538138744414164	1.84174221517272	1.20547571901363	-1.50358801535393
