-1.75868997714747	-1.73718976361195	0.64336899298711	-1.64237641057907	-1.15629770263419	-1.34950180905932	1.6829010060543	1.46257155518538	-0.375578234707681	0.120189971431899	-0.099398548443179	-1.31467336109158	0.66639914470809	-0.698313005099549	-1.22567457379155	-1.37175657922804	0.371020229719575	-2.09864031208814	2.60457778559301
-0.550742688681453	-2.51530005400168	0.263690999072308	-0.802150473508012	-0.912225731367977	-0.616851837012113	0.752264234639096	-1.30500044181585	-0.214976883345444	0.67847364179622	0.56048176759667	-1.38656170365287	0.736217707516657	0.367329751725996	0.162446943145845	-0.0754652739525908	-1.14243178526612	-1.36498711291613	1.21435540236805
0.356468206126899	0.50984097588223	-0.848628085713723	-1.70275248015091	0.321935651010363	0.532305957221247	-1.81248521515086	4.88651863548451	0.423014351403514	2.49088440694583	-2.1762653443564	2.16514773017609	2.48312167166282	-3.67641287558912	1.34899784723511	-2.40812357681599	3.98181481150668	-0.820820351563908	-2.18266477556203
0.17079595892172	-0.118865358936291	0.477500436552689	-4.58030444869839	-0.321394924493346	0.367408177261396	0.160544850105411	-0.820635124160694	-0.884629762056031	1.04442867549002	0.0421851851081866	-0.323846875436897	0.801999835246873	0.23973538083352	-0.0302729271297229	-0.69408287741772	0.132684002912676	-0.527216564923271	0.390221270771761
-0.181507170808017	-0.437368882724283	-0.708831043016878	-2.32730802297196	-0.421863983590165	0.307517830961513	-1.66684975669963	3.07693428838753	-0.15840043962597	2.82876453370852	-1.57463158589103	1.32079679883014	3.14968441431118	-2.72602112825551	2.05889579659478	-2.10221998459582	2.99622620409936	-0.992532316157859	-1.89219177758147
-1.05357386512051	0.372280155918087	-0.533922648010452	0.394807708933181	0.532659433895262	-2.39619776603319	0.0998059469547192	-0.514359004186245	-0.91569702508578	0.480819546679175	-0.103124164007883	-0.247283423256754	0.563597449398595	0.189830663838441	1.32821396592989	0.150070236832334	-0.513712037196971	0.161106680731414	-0.690341803588853
1.22351990165112	1.9920595226304	0.726490099912718	1.05040079529798	0.557357741508155	2.15465184439104	-2.82792760308848	1.81410433222189	1.69008272331581	0.137038118335658	-1.96146698728086	2.49615055412826	-0.667487939733462	0.100470428028257	-0.520758047335102	0.352671649425829	2.94836229748648	2.25001651469268	-2.83564842866778
-0.11330490922611	-5.66109298293709	2.55750266715769	-6.65151430992899	-5.95021234862652	-6.16923565954909	8.6150369973474	-5.57842468834065	-2.8113247948755	-1.88614647756361	6.50878787361871	-9.43181848478854	0.631962931001438	1.52249050473415	-4.83957783610305	-2.93586768704082	-6.17034071336022	-8.29398970830212	13.8759673365484
0.0438936379744362	-0.409828483013995	0.470535734698883	-2.21232806975524	-0.70172883300945	-2.29131813141379	1.15839753953795	0.74308331433448	-2.73905855883144	-0.223612629368625	1.23712285199166	-1.7704322410059	1.17881061315877	0.0371569359102061	-0.605916203172215	-0.775601984421798	-0.824857542068095	-2.86236456828703	2.2049739165193
-1.65618192568882	-4.59423161690518	-0.754121158563369	-3.36047417365654	-1.85634409626218	-4.8042529831811	6.14429175114832	-4.99155805767629	-4.36960116616074	-1.77081247203504	6.03086541269973	-6.01399947265832	1.61587935726836	0.937398774973228	1.84479836184574	-0.49793890090901	-6.44943326017161	-6.74995819352827	6.96402231435939
-0.273993566435772	0.916262300557991	0.78509888441654	2.85152424965034	-0.545484652715918	0.749372222612981	0.428584874966631	-3.38932463618655	1.69184098787249	-1.65679757156315	-0.57807912345614	-0.0840753489463187	-3.10057522541989	3.26388150586086	-1.77083901598403	2.33213590246236	-1.53658986931211	2.77892688489897	0.57842578998531
-0.283772531932008	-0.497805212649046	-0.0559889766504459	-1.07336836078704	-0.410201273994654	-1.77569529842464	0.489935214115996	-1.51960299384023	-1.62605521464267	0.764038526222203	0.88390029194372	-1.73315799678112	1.02133137704139	0.48637868921261	1.01370305260833	-0.0483935691716851	-1.61899911497052	-0.87253006809609	0.528832013917449
-1.5120691384531	-3.96509789052647	-1.05320452493908	-3.14361045812222	-1.74606330263146	-4.17221084785511	6.12137610950235	-4.93360472310162	-3.31315935988156	-1.07987528564025	5.35586374149121	-5.28038786756486	0.0898121090235628	1.01163701513717	1.40674430420728	-0.459255923551565	-6.29670008050355	-5.20522141771642	6.85096885526038
2.29299239783611	0.155550755771383	2.47189570503568	-1.76337919785067	-1.88703936917938	-0.827027004124258	1.76024341542071	2.50933623075477	1.74373240135972	-2.28340607816	0.634370465199063	-1.26586467007294	-2.22719583204634	-1.12218275103733	-5.2616433765255	-1.27534966335136	1.80390810571252	-1.99085748251469	4.82714194032772
3.58754199418087	1.95300906870902	4.0042513657894	-3.37028238113991	-0.941490457985197	-0.0441395274800069	-0.583003733212824	8.15054443896605	1.84001855147161	-2.01869260632942	-1.29849932507953	0.518798040104578	-1.67285743280202	-2.58327683989655	-7.03477734784597	-3.55135787681995	6.62027286932933	-1.80056010801095	3.01457840475067
-2.92304609754009	0.79754462220877	-3.99425258040319	3.50025306475756	3.33329766141233	2.19115891934371	-2.50688824284465	-4.76080296324461	-0.531351138058765	3.11042353701206	-1.55354098948549	3.02196908111904	2.25048708840429	0.946580023650488	7.4762463628886	1.68358282915053	-2.00370086120673	4.21614551520463	-7.69162155567625
-0.742716984597721	1.41761849453122	-0.998669564758371	3.42406332671714	1.56863374803867	1.71029711451296	-0.217069932423409	-2.45901188271617	-0.015671280352255	-0.861411588206708	-0.418581663340093	0.815592879396948	-2.19909294388141	1.8639960513564	0.983684265120656	2.62856741126164	-3.33456218998693	2.89961635515434	-1.88389118732708
-1.07121288100073	-2.5277339239514	-0.656949005392035	-1.45198641957747	-0.260012681728177	-1.53125847026481	2.46590343832823	-1.4919054086653	-1.80183665900082	-0.515636583478709	2.20058830936115	-1.81585969849355	1.14688554558019	-0.151933531982386	1.06169457835665	0.0407841766018616	-2.72998481524263	-4.58216452609877	2.34303839765042
1.04622652237213	1.80068006588174	0.831749181764378	0.989262459929761	0.457344436984836	1.93829595834029	-2.38787404585698	2.23855513640808	1.93123985582609	0.0447174382248432	-2.10148650504448	2.36310606733867	-0.834781843113328	-0.0807999479666335	-1.0693469103177	0.0756850673360634	3.14639062756212	1.99790648403179	-2.2916381188325
