-1.35015868081223	-0.200421720232397	-1.16642380798062	1.05912489291757	-0.530445864115532	-1.49749375082354	-0.951829233469479	1.60612563571565	0.978997160646042	3.33667101112753	0.819780639584894	1.70543145450823	2.5245871307757	-1.20462433066697	-1.18758639570695	1.25512359890243	-0.396644504713701	0.126827379788346	-1.95896465138443
0.345217215734223	-2.29286702453045	-1.26664774225799	0.155150050770836	-0.94617962571121	0.118927598096561	2.69605189810149	-0.113645056155507	-0.434780854991034	-2.46974631503792	-1.4635354046593	-1.14859626129046	-1.45140695952186	2.02221202110968	2.79489480020952	-2.49936121218091	-4.83959058155943	-1.25857630922993	3.29286685522586
-1.8474066276561	0.496740016001487	-4.32576651114704	0.774886713071968	-3.50851692158133	-1.23810639041797	2.11871492694294	0.464275721203274	-2.86913521158279	3.84744728731019	0.286119620125799	-0.933209876835174	-0.210884319034938	1.56263634964964	2.19867598239384	0.497858312804506	-6.15178374257106	-1.35158448287323	2.2246078397918
0.111282128605652	0.142079076895376	-0.54696189544159	-1.47749161332241	-1.26377994150081	0.631904926516806	2.39165489226474	0.424344909400432	-0.222979603547845	-2.52739171309681	-1.33258513256144	-2.25153997976034	-1.86535733367185	1.8572268003268	2.65738572503643	-1.79650360663854	-4.41786134278055	-1.31152746899591	3.0533585333355
-1.2504101865202	-0.0668317463522568	-3.73319916029516	-0.14894309504606	-5.48691592967388	-1.73365253797642	4.36599953723382	-0.295493445475602	-3.52782621244966	1.79696252156892	0.219745956777942	-1.52885506863891	-1.96938580083081	2.87532856354401	4.08189061268368	-1.42635998745793	-8.99568712621115	-1.73546521245657	4.30794221674985
0.396714356178823	-0.614844958701547	-0.524241303251391	-0.0367716712211115	-1.48009834601418	-1.83127471585741	2.13985117957005	0.137736842567263	0.159328532679388	-1.60407591971444	-0.848676720254607	-0.408895194756709	-1.73225567203254	1.49814683767698	2.10959334021398	-1.32010413623528	-3.84184869442802	-0.387075722616256	2.06634920554394
0.333571549643351	0.725424700802719	1.7937615133471	0.603922529841619	1.76313994431724	-0.219882962915922	-2.56579066568733	0.142778634029791	1.51616520258042	0.478733032089212	0.433294333431509	1.61252400470271	1.25015273262	-1.92197947167346	-2.60957914637353	2.1392235505772	5.3045737281131	1.41450986326953	-2.99897978717477
-1.10124069983787	-1.27101218688725	-4.21349740734137	-1.20119667101492	-3.82244530278275	0.766485354555803	5.29397329504893	-1.25472273903791	-3.49151403201982	-0.00850380504288177	-0.568756287089994	-4.11056680379978	-2.29139846678386	3.93118980655607	5.53148673449682	-3.63138995064792	-9.88791124806159	-3.11017747042224	6.73315209185347
-0.552124153783124	-0.45178908851441	-1.18490947180095	1.15283620796512	-0.808289748300318	-1.2541675342095	-0.281066078121611	1.71360815613233	-1.32512714326435	2.38777098649885	0.20440698956285	0.828670543799696	2.57075407565403	-0.446971005895791	-0.387857343021714	0.0850566080199436	-1.56949170248103	-0.0628334460542546	-0.685018090911935
-1.8662142421613	-0.996375605811791	-5.15698639190218	-1.43245903185594	-5.76106027426523	1.89177731296956	7.71630546723237	-0.720562963361381	-6.96657234452139	-2.59776382868498	-0.480952144518863	-6.47100435002817	-4.61107803120667	5.36206026772917	8.17045450011975	-4.34998480007389	-13.2181917774896	-4.80520777417503	10.3888583085184
1.05384407613863	0.694715086865362	2.38021676173848	-0.124389585038973	2.33684571255734	1.0124134292061	-1.93813583681504	-1.29526570809694	1.07626965232082	-1.39264278317814	-1.33772061034892	0.478375585113235	-0.572358867919912	-0.888536464444007	-1.69643046611867	1.88054560445566	5.38715723235709	1.17205453720651	-1.59608632769002
-0.0923144027322252	0.042618066169661	-2.11087613794617	-0.727915751846104	-1.52118981785396	0.932264610068606	3.22529199664593	0.535668932581097	-1.0803169415564	-2.23078191655433	-1.65944035539841	-3.55989484352841	-1.96480502927958	2.27247362354688	3.54824170524775	-2.27437405947518	-6.37332705314929	-2.13228431242994	4.28174785667408
-0.966755872153099	-1.32426490084175	-2.61500138134959	-2.14459946939337	-1.42644894418294	1.20547271018632	3.2815062504872	-0.88986530015537	-2.80301244168239	-0.426449272778593	0.797602957156106	-4.15671126019861	-2.12213091391749	2.7096848061927	3.7576479303873	-3.34585950154197	-5.38252591869422	-2.10676705196336	5.0589644305606
0.841407662858405	0.102441785741029	1.57707163445469	-0.45230475448595	1.81785862156284	0.694437092868713	-0.247829187367394	-0.987800480708018	1.39239553321827	-2.50772537917995	-0.119192025697031	-0.18202971922317	-0.75807062761859	-1.22863991881015	-0.255667344424358	-0.236056899090185	2.89332705136594	0.717810940996211	-0.203037206139233
0.318227742121663	0.764378050053307	1.71403913873584	0.527678420991295	1.44341623093302	-0.203140401244431	-2.23290660980021	0.041336545070939	1.41753502815581	0.448997521954152	0.54797140236471	1.52325494373233	1.14811325192291	-1.83033279703749	-2.40806065069288	1.82669807688603	4.81732281484355	1.27876481434122	-2.78150205436708
0.0385983089557503	-0.619723494632875	-1.08078697900176	0.29779398331517	-0.544179869178609	0.262447667712542	1.24145226127235	0.00630329676874689	-0.965078324194836	-0.306204607028574	0.216596424366769	-0.740259929456529	0.00842937711368848	0.381361873891089	1.14299352194624	-2.74073199382104	-2.62583321821346	-0.554953551953049	1.32991453430233
0.876518326876708	0.255071808177627	2.31830016351496	-0.222593085453073	2.4018667638041	0.211177686032344	-2.44548848839784	-0.335152412346405	2.56021953305548	-0.767250251411429	-0.368823986000479	1.67242690907371	0.580756845033083	-1.67533916881118	-2.49682015140893	1.13025880952793	4.17838636059233	2.00473659613191	-3.03859353365768
0.0496029072865194	-0.989365107319604	-0.670115359005021	-0.0184770641908635	0.197771277654843	0.465946647269663	0.983778826761414	0.725084871405887	0.455346011704228	-1.05951243617431	-0.745822248877813	-1.11679177554626	0.427604288417499	0.584583923843861	1.06834255639238	-1.97517586155492	-2.1654690969739	-1.7744669026618	1.43195166166352
0.314301622557386	0.762357131236605	1.78783207178991	0.506377845968133	1.46319086028842	-0.499980043134244	-2.3099792012022	0.0217463262244564	1.66319185401567	0.632433393217029	0.765454231261846	1.90729699551234	1.16106936663777	-2.02920202019011	-2.5418906080991	1.93541384563287	5.04819152878819	1.53216740297539	-3.1794541423364
