-2.74982207865163	-0.87220702500428	0.278198367025016	-0.483484802138479	-2.0970667179235	2.34482573343711	-1.42887055550278	3.48163168397261	1.20507261030222	4.26038484491971	1.24680687529276	0.54882165801098	0.949345985840244	-2.45628668892769	-1.40838475445782	2.00702995183249	0.0517312358399116	1.00476218290189	-1.63970424118567
-1.42203354897432	-1.09374678583748	-0.821120180255666	0.0300551324923539	-0.657481668704691	-2.66450433975622	4.48125329033826	-1.4569092205023	-1.46138179996452	-4.66668759409714	-4.40292953539464	-2.02122886752717	0.0153287888203815	3.94806349345215	4.43053572786243	-3.19706755675828	-5.16104112067063	-0.218481395835677	3.72749437273451
-4.96170547837543	-0.971042394300279	-1.05852145056052	0.579555859762113	-8.63172972172845	2.59951434427635	0.89560374561483	4.21806605798031	1.10393851776703	8.98995287013194	4.39773673895133	1.16796058811669	-4.73152794014725	-2.00168632397291	0.995748460276319	-3.9143413488375	-4.83642732102607	-0.126386658045915	0.682587588246565
-0.288548366848459	0.618515131179627	-0.765449912601448	-1.8730430456209	-0.497458407792328	-2.1336846523223	3.40746162360259	-0.959596074493037	-1.09599336173805	-3.84016332104662	-3.17148216015235	-1.48381860971461	-0.0915263168764937	3.22706135025618	3.28596915887772	-2.7864000876166	-4.24291370112315	-0.0665816307618428	2.79803016537188
-5.12121878821084	-0.467696280166008	0.192190391149154	0.409876847612553	-9.04704662638435	-0.1800194687604	4.16266945780028	1.09626793698686	-0.535526950050526	3.76114155814005	0.746645831524199	-0.813003556290816	-3.97878240175434	2.03409718530897	4.17278415950514	-6.64799283067198	-7.30508263025505	-0.858476829339449	3.38651378826666
-0.754416087655641	-0.0347828138300343	-0.416256019818342	-0.307562493838008	-0.466334419128408	-3.47061852815773	3.61153854771409	-0.733364279108402	-1.28672489474623	-4.30228307892166	-3.35038945927414	-1.54311276780033	-0.341278631175248	3.77206165860733	3.54913543497041	-3.16526963037896	-4.45339557598701	0.0464091311248655	2.93830860856863
2.23350569774664	0.343208259404603	0.092960942019515	0.222807173349167	2.51077896836952	0.866646593715828	-3.55310379028715	0.812949797874204	1.30231062944531	0.782112220346322	1.90309403873435	1.31760775420669	1.13146986778649	-2.57256512820552	-3.43890254911146	4.17079277300471	4.98633958524319	0.68285251099308	-2.79643022859537
-5.77072023275429	-0.775736019297701	-0.180748248515594	-0.364429421011192	-5.96324358892462	-1.40851687703467	7.4719715624926	-2.03517544846862	-2.74725143392479	-0.0110752825688253	-3.13396633858661	-3.24360183791379	-2.88438626080308	5.27378990318114	7.27423436921361	-8.74111141132571	-9.64585322398124	-1.07757354473422	6.07369120749631
-1.52899017219397	-0.606642071316211	-0.186736901597332	-0.310703534327029	-2.12907846472369	2.13386745310591	-0.83008122939538	3.0290337800885	0.10384373669306	4.11926196831732	1.58265507270681	0.708826591704863	0.901086544746825	-2.48994422819946	-0.808584575118838	0.254144699804517	-0.929426049086166	0.0420429620575784	-0.950604128203467
-7.24885482677361	-0.642401036298222	-0.190918202842631	0.80004153443895	-8.73303887814785	-2.80374419481437	8.90966228595886	-1.69187739031676	-3.06496819551319	0.0956623866592647	-1.49500571643751	-2.54680802334757	-6.39928171249045	6.23429578709982	8.81429907379758	-11.0040709441466	-11.5829899719669	-1.93409405870657	7.34699651524832
2.67667517476701	0.418212330903527	0.639591192834968	0.79120791854032	4.01119687882359	0.791478730374333	-2.78760960210432	-1.61440256717792	1.22278926518174	-1.50553839783973	-0.515347158270041	0.484534350997814	0.475494591591866	-1.29770577927165	-2.67597876684697	4.00594533397133	5.70062140451085	0.512701773889726	-2.04573319359456
-2.10426725494522	-0.115176131710274	-0.361311612532174	-0.612141684223202	-2.09471383222187	-2.32079712459743	4.81814341614675	-1.22217395809562	-1.1356022995309	-3.32121049579998	-4.0910302333963	-2.45206610344537	-1.32240273257557	4.28599439119522	4.68165291024912	-4.43297386203758	-6.07431781884263	-0.00113239182557271	3.85520213826313
-2.95610509496606	-0.357263128587976	-0.661253841738352	-0.564342975789892	-0.57805576040851	-2.33698576783839	5.47000954218822	-3.12183906930573	-3.60647103131989	-2.49874952115448	-2.6639661614953	-3.77410940140612	-0.635687421840404	5.09251145739616	5.11256326410475	-4.95244248803532	-5.49611810306835	-1.8391089399798	4.61421823597538
2.8160452499451	0.436860109514316	-0.516465969206301	-0.0212958192704445	4.23320590253807	-1.4897115672297	-0.0917411488761245	-1.84528898483803	-0.691937980424	-4.97155178608857	-1.53605937244996	-0.285822092809208	1.65655354461001	0.213132962473766	-0.0524880454909365	1.89023328478736	2.57507897541186	-0.409301583448325	0.260989301632896
2.05504842933714	0.428188266919506	0.114287080958562	0.112835281719533	2.21518138935664	0.790247854883048	-3.19415320705056	0.730717320430748	1.19689583485536	0.750266251136823	1.78514053943884	1.14259537612372	0.860445523049547	-2.2765015065542	-3.13679016109855	3.83740147121552	4.52034458619152	0.60387009941395	-2.53194560069141
-0.330126050469287	0.149712557094466	-0.073334672588592	0.0549305087455692	-1.18824878962583	-0.103227477949509	1.06455141814664	-0.0306777706058085	-0.594995052879985	0.271452895136906	-0.22009191732059	-0.10546394903248	-0.359513421664202	0.543090558681669	1.02082792283292	-2.54658172664743	-2.07169855307812	-0.538411464994013	0.758497802187747
4.21832416068098	0.332449424980109	-0.265165659353116	0.0703756645751061	4.57189097595656	0.0672537185199564	-3.03357352587025	-0.129156090363856	0.667237854204925	-2.46433024438779	0.310549047960814	1.06557904269278	2.02695495687134	-1.72774931645149	-3.07661371421432	4.26833940450168	3.61321218388251	0.0224067918589824	-2.42976315576172
0.241614488590459	-0.21806012397516	-0.860781963821737	-0.845225362404227	1.45100718352703	-0.93284349795493	1.71828524574971	-0.0622919694868055	-1.27882503745709	-2.961881326302	-2.47879619895634	-1.15345141591965	2.28155301536201	1.26294639867122	1.52943492812241	-0.581337728826608	-1.73414211023119	-0.938220839541134	1.22177172902475
1.97432416068305	0.421377667281012	0.271424663055272	0.187361874985884	2.31657325129692	0.854365521725279	-3.28908932118488	0.738161017749758	1.25843075106849	0.631088740484375	1.68371544693696	1.17265648099811	1.06113987454554	-2.34864271216111	-3.20173819922229	3.91574225814424	4.79991526676455	0.61474228696936	-2.69616534286978
