-1.10766420940548	-0.0268071946159907	-0.200019723351398	0.343175920043276	-0.440477433939555	0.867255930217584	-1.22153058585579	0.0861320696958107	-0.48231592940955	3.17567730455291	0.300958506675374	0.156902888633324	3.35358150930339	-0.28112114410612	-1.20277229032354	1.18407682202751	-0.945479985574268	1.26359493910645	-1.64150249422149
-2.26633320664781	-1.96867205025464	-0.61063186252299	-0.235888549951382	-2.23530125553052	-0.0916790706348566	3.8238305722301	2.37953501823839	-0.423331890034176	-2.70006126893886	-2.84769558252159	-0.571423760555625	-2.511444553142	1.05702181852383	3.88820799665698	-4.39164462152763	-4.44266001222089	-2.03749541447176	4.45769810345883
-1.63397600919927	-2.88306126841705	-5.06357517779283	0.712777326712246	-3.63125536313043	1.63334380525573	2.84248207042535	1.54689160624649	-4.92466284234411	3.56847568734856	-0.23250786487597	-1.59396781800595	-0.106488277224065	1.60049903582401	3.16072952275663	-3.47179220116232	-5.60906804381059	-0.209054846274226	2.59758764036031
-1.26762626110107	-0.0892078558681946	-0.916388992506076	-1.56022002149303	-1.54255802004571	-0.265141977638512	2.50524582940237	2.09767415511154	0.440621433451271	-1.68192268337896	-1.81514324221149	-0.322382708222208	-2.16249083516168	0.629420004444695	2.67968374898628	-3.27345228412397	-3.220041604503	-1.24853734966106	2.91894671190825
-3.42927926865273	-3.29436761050118	-2.83258574047607	0.703253767954759	-6.69608474279315	1.40505131549359	4.99189698974544	2.38902204991618	-4.61655111264695	0.78072184833154	-0.850030505851393	-1.78402489462852	-1.62748550666377	1.47262362775901	5.22516369465457	-5.97458857492448	-7.26599792653398	-1.51686756135874	5.16178551961351
-0.540449487053691	0.473724903726497	-1.03443026253971	0.122008352992216	-1.25611321288993	-2.61402377498034	2.42638438766737	1.91661243095046	0.343026165467786	-1.85274113783852	-0.980844586596626	0.199934563219937	-2.12063031826544	0.203194466276955	2.55613413417998	-2.49487874194045	-3.36660369831839	-1.5744535536748	2.61873443772497
1.79786248401684	1.02623385611266	1.29921454106504	-0.0660398443160157	1.99638799948681	0.152776234399286	-3.08768741458973	-1.3235143370596	1.52764704342818	1.15783262214471	1.36246669841622	1.39984000003095	1.20988762256513	-0.998867435851185	-3.13052811059192	3.72534545233147	4.14521123290216	1.72265528411074	-3.44134383928552
-3.93715441444233	-2.46531075059989	-2.72370871459555	0.571860906877094	-4.43230992060099	0.680238743746465	6.57853652050223	0.249749553606575	-4.53379881490802	-1.11317735182282	-2.02386864311557	-3.0962787969624	-1.6452591511888	2.63105556300745	6.96005920893687	-8.18504484261037	-9.18735749713168	-3.21040471053046	7.69165332665134
-0.118796358855101	-0.216794362763655	-0.796882822695493	0.596832832359436	-0.378356953702702	0.0892901370354355	-0.610282680769043	0.157960032673479	-1.86301927168692	2.74920652289273	0.0331136535622385	-0.0701740967415613	2.90118666321755	0.629525677884128	-0.561447733585254	-0.252620379161032	-1.90274332770042	0.696962450580374	-0.767449741544121
-6.36806130012374	-4.92474751457026	-3.50274191175279	0.6034170060938	-6.20750029372946	1.99284642247101	9.38816988477918	3.28266043235593	-7.16650756655302	-4.146856030766	-3.03712055210958	-4.53788533245925	-4.51879901764236	3.7461155730027	9.66724915424738	-11.4336418383016	-10.2682964517845	-4.46500218931729	10.9042573581946
1.25789777534047	0.382490995039726	1.65282710656368	-0.783053661120795	2.43355579316382	0.943194442512809	-2.1247096278853	-0.926711368371357	2.23042978461393	-1.16460676126706	-0.417718398388121	1.37872058845773	-0.828604128777727	-0.815926631139055	-2.32109039546342	2.74664464129337	5.39007166780744	0.862446392167662	-2.30926238436938
-1.96357798852867	-0.218444649196597	-1.07736260760725	0.128005381207171	-1.53475301391093	0.408486490849923	3.39650890473034	2.17671488558275	-0.402490859475203	-2.54559119951647	-1.75596634201887	-2.22924281186306	-2.10850257520148	0.772872567974571	3.51130127387346	-3.92532600225786	-4.81419196614388	-1.97991318189466	3.91002850005765
-2.55482381317724	-1.70357960009483	-1.34167792352654	-0.12965802603201	-2.11378102177603	-1.27141836108887	4.60917162705894	0.214124469958802	-3.291768023098	-1.46215483952539	-0.952781723259151	-2.55162635349471	-1.84881364047925	2.00517727333494	4.8266830685446	-5.78240178755313	-4.52883371084309	-3.29523094057494	5.64321322432749
0.47172704242905	1.43598903270741	1.49292366939363	-0.169991871233835	0.732528143496062	-0.822337312320287	-0.305428354238503	-0.37308281393021	2.63747006145731	-2.12621612047743	0.238970004776396	0.714661772539914	-1.14969705064041	-1.98866145386786	-0.189311075924667	1.42343457883423	2.62047992449643	-1.00259490847347	-0.137317362713759
1.53297673936579	0.845603885360635	1.2870252154872	-0.0375295000558623	1.79529726468117	0.278163691300584	-2.77795897312374	-1.15147899499226	1.34594795157701	0.92951574907839	1.21643333737245	1.16663280516496	1.08704306466707	-0.753072298830953	-2.91235522447033	3.25393197300952	3.8474066638	1.64504215632624	-3.13792067822013
-0.818624097014703	-0.736740005559113	-0.651364187887905	-0.473363464250064	-0.904105186766995	0.350772364512926	1.4063396021779	0.502949007312587	-1.04648867251348	-0.140943825286817	-0.950990995386644	-0.691078688733843	-0.588192681061545	1.11889134516431	1.45037288782089	-3.45088553535282	-2.39579935127881	-0.289911044857894	1.71885643726078
2.53931393940631	2.00769960194792	2.1230883678741	-0.401119760126676	2.89991050225595	-0.457521415989391	-3.37489139872378	-2.15803510082383	3.48384335522204	-0.0999792256185785	1.3279163130757	1.92425659331606	0.69898446440535	-1.51636587379234	-3.50981284897243	4.42903597095943	3.32142807329183	1.40549008240441	-3.92083460996251
-0.474463765563708	1.15337139215078	-0.332445345112293	0.0861151501599893	0.0356756744897243	-1.36547220016655	1.02991114199413	0.749383692378205	0.90221232125532	-1.03292229582289	-1.01624335633018	-0.249353536721164	0.666550857239794	-0.246421755472722	1.20011988495947	-1.05472706679293	-1.96558039544766	-2.76369619296382	1.5227991824331
1.62788202690598	0.958796966283539	1.18887500401904	-0.0126082222855027	1.65221184842169	0.0709843957615788	-2.77324887465792	-1.23575688559671	1.42158170025903	1.15768415310483	1.34521317563885	1.29439444885302	1.09505766035161	-0.964501416306226	-2.88261505104837	3.45706739900194	3.84465592552807	1.71698190337596	-3.2933407126664
