-3.14815894494974	1.22917887312619	0.00772577880284109	0.129668779835288	0.567542287249163	0.000967851856627067	-0.607710711459303	3.35976552233698	-0.798848363526051	2.51757984496599	0.0868282059957179	-0.713689257966562	0.4252772563255	-1.21860321540092	-0.130099815555892	2.07198916692862	-1.6679657891802	0.98945420662272	-0.603521686129236
0.0973409734677999	-2.4796731817277	-2.61131288398891	-0.431013169636641	-4.16175515732254	-0.976189287858599	3.62600131959987	0.219594315995039	0.563732758321503	-4.01742339542478	-0.859124156657432	-1.26690947463032	1.00920827903554	0.463374896738536	3.64911946101013	0.0518731327579487	-4.93527770569263	-2.11145659320887	3.41110469955154
-7.08103168963678	-0.6545221427484	0.424788772183211	3.49939392473038	-1.30181515527738	0.63394200457987	1.30774895664473	11.1525105215115	-2.19341359413486	3.19375464979854	2.00888888816775	-4.62425817720948	-9.12086089478659	3.27973188005814	1.43496017953719	2.83963554967594	-6.17181666174003	-0.655415880970398	-1.09077639589084
-0.103246345617739	-1.16412742425425	-1.89904581758164	-1.17183162049909	-2.04829319011182	-0.60240106277233	2.86626055262137	-0.356377972764703	0.0858861327432381	-4.18868864606188	-1.07576825339795	-0.446639397338181	1.2844415794679	0.189926101545756	3.22571739401682	-0.616955877615827	-4.27239538428114	-1.51536461841551	3.31803180406823
-7.72729526681213	-2.50536066424205	-2.35840085482234	2.91794073671261	-7.25815645813771	-0.660480044249743	5.35805365310913	9.41279500972484	-1.20922482449578	0.461617609837211	1.90969576498879	-5.07697849734015	-7.92552772747435	1.04531802077128	5.62383913836319	4.6050720854206	-10.2543254072899	-2.64847884192674	3.15285129284228
-0.384945290620033	-1.73865203892576	-2.09020924705695	-0.441478657650201	-3.02334497983485	-0.665893804395945	3.05603387245102	0.580783173598563	0.256808790222743	-3.55327933339261	-0.823719362659583	-0.938262315816646	0.650945888361537	0.336522618227384	3.23394267176952	0.133969227660511	-4.57397748309659	-1.74293655764625	3.01031818837734
2.9697132671034	1.18767746809605	1.76838799271611	-0.236484183045512	3.77349136931277	0.662739861082477	-3.20570977605091	-2.92827871905976	0.464521342815918	1.18251747683445	-0.283114981843415	2.14349345930207	1.98073445435883	-0.146949702516907	-3.48499505641785	-1.10525313009214	5.74174580118244	1.36498119040917	-2.74898644727184
-7.81053372262354	-1.71975304387078	-3.36821344424849	0.570893215928992	-8.07801142799104	-1.46483295554487	6.68174174129724	6.02395126119664	-1.05649339140421	-1.29969604320548	1.5464400601018	-4.05057468585332	-4.45253961651906	-1.48134690084012	7.53331887885267	4.59949787658217	-10.8410342340249	-2.64584366296246	5.94344879970943
-2.68830740004673	0.921633509617887	0.119710395295826	0.250289224289761	0.662141890061731	0.0665812151275955	-0.565676019065099	3.76323003220696	-1.09214783432368	2.76016185651965	0.180035967360976	-1.36983148344266	-0.416655735059246	0.302965544145814	-0.305838913427666	0.419864673046257	-2.18308700706624	0.978785577696191	-0.830419192719081
-10.6210716024216	-4.47369404710387	-3.22233486328115	2.64500977773191	-7.01055556159518	-0.946242122280435	8.34827767104204	12.6092729659163	-2.65163565585767	-5.48537283755206	2.29708847210295	-6.76757345254007	-10.7549495170154	3.51141232929096	9.25311574751623	5.99775088627917	-13.7881933814202	-5.62781555153392	5.84175869683822
3.9420260068562	0.939398639649962	1.53735101514518	-0.660439260501036	3.00999549806129	0.583484179616187	-2.36907028246184	-4.70067825222599	0.93447310236203	-0.772567355868792	-0.49553069108038	2.49935211062019	1.46204893331703	-0.323716528644138	-2.65075388610487	-1.85151040340778	5.61178920629956	0.949090423558096	-1.62984417661905
-0.714700560007533	-3.17736705409771	-2.33255346680441	0.427979789035163	-2.95024605423874	-0.511012470814035	3.65726271459974	3.0655877952031	-0.355032469738163	-4.65206592032701	-0.829374909230952	-2.17303739990792	-1.05202277189906	2.97199120726223	3.63189862824264	-0.422679913888874	-6.27369286564315	-2.92162192311294	2.76962953638224
-5.75155924529738	-2.46299603357018	-3.44389443168963	-0.216620986675407	-6.91915641542141	-1.90131676343671	5.51918827255582	2.45768152315089	-0.752831452992925	-2.13451877417786	1.45300457728856	-2.40810272951948	-0.535215970532761	-2.36277191989962	6.20151933764699	5.2774212193322	-6.70038154426623	-3.32610659263221	5.20748546167817
1.56534709556814	1.03575613042354	-0.680596175136973	-1.75433502792898	-1.45336276168228	-0.569544879090724	0.538938444829668	-5.93171587255281	1.74569573969092	-1.82975810529538	-0.600564029365488	2.8802852404343	4.05030989020684	-4.99034472148188	0.952331467582036	1.96304606864903	2.42637351223503	0.306784957454851	2.1532095931474
3.00496991226802	0.804713878515114	1.63301779152849	0.0473978765051116	3.2587713628772	0.625922619104681	-2.96481676306287	-2.58422268545333	0.481190380692558	1.28959746150531	-0.178692719590181	1.81054467438263	1.54530259547164	0.267753962360624	-3.36461704122099	-1.22426084553797	5.36648337849651	1.15700764720202	-2.75184438800541
-0.0210981783587065	-0.792095161144546	-0.491587610385011	-0.123153204925128	-0.51766994353832	-0.0719857487732501	1.06115816541679	1.13028540241425	-0.851755834394265	-0.565247273511067	-0.0785359975246906	-1.40659199018226	-1.28623480482494	2.61234463414362	0.892199623874107	-2.80586780465658	-2.87839390809083	-0.642232705878731	0.734086057372654
4.73451226697629	1.9651964540735	1.07679392159744	-1.81071323083476	2.72633963657977	0.310688099663234	-2.84740068006332	-6.27076812655279	1.18768574372193	0.4527842043001	-1.38337129784131	2.93917483511158	4.25884749845931	-1.61616044214812	-3.05517752285181	-3.34820060144571	4.93179264040454	2.17500931826724	-1.3961374473431
-0.936575578218647	-0.295252431787566	-2.09985940397976	-1.4054820636105	-3.44907053402741	-1.15209430689654	2.28049053975442	-1.05402578876247	0.517885429981395	-1.07383821864813	-0.570559291368499	-0.374615795841724	3.02784063380704	-2.48900278549781	2.67015933544804	1.02208560181104	-3.30392244525077	-0.286823400826251	2.95562708385562
3.22743118148764	0.613668205902098	1.74443374863399	0.250884271486673	3.59570232270821	0.695689863858621	-3.24956139948635	-2.35019662931635	0.494676953554101	1.28476207977545	-0.217074500668777	1.80912340767007	1.57423078559291	0.587933454218954	-3.72332420820184	-1.15183490601952	5.77395274610338	1.09914707624874	-3.18429730193002
