-1.42249757359133	-2.59766667941746	0.671032905319344	-3.48293749249983	-2.43242480671344	-1.26452605081067	1.65955759823602	1.32086313098353	1.1058314751679	0.364335540299672	0.567955159776629	-0.202288931302904	1.12895614015991	0.25827978698434	-1.56559932718277	0.318680925875799	-0.342889675777758	-3.40289951095751	1.79749587388055
-0.617179636156431	-3.85301632306549	0.691307926073441	-1.73478362442992	-0.186660604349978	-0.332949453573795	0.413388445138358	0.106029316362008	-0.43187568212897	-0.105515851542449	0.268110928955422	0.237979757404091	2.10298023687334	-0.748319576152918	0.391689396923294	-0.197740609984082	1.15370762098153	-1.96423562623814	-0.39702581602723
0.959673940725878	-5.67678370544581	-5.47133469439048	-0.112779792778383	3.31834444052367	2.99972033481282	-1.22907415017868	-1.60501720471529	-1.5675031511511	2.45573931130944	2.07757365001711	-3.51394208372227	6.04587646462164	-2.62323467302387	3.5721380248135	-1.00052463042914	0.352893953349408	3.48245828142991	-4.04731749237888
-2.25878235358697	-0.894965038393444	-0.325709423854289	-2.17753740243394	-0.249154393177051	-2.6287569116646	0.775113219413563	-1.830837873096	0.371916352247823	1.24017763023969	0.693566011225325	-1.43519885076776	0.391411813837369	0.348384012083087	1.27855541595836	0.253751016919664	-1.18182160209197	-0.586108221664937	0.739773397946407
0.0323300874242882	-9.20300756183408	-3.40396583345592	-1.71653663066932	3.60199513919317	0.584898298652945	-1.08375979788778	-2.24876748165313	-2.5838926477148	1.44536709319857	2.32946670684115	-2.43557284670096	7.38808210181762	-2.91021479846907	4.87593976751855	-1.44123419334563	2.65401989586949	1.8975158169003	-4.60070936510733
-0.405247069073964	-1.02233473798132	-0.212676706099742	-1.53173241562982	1.19707444436054	-3.79646877649406	0.254950038270751	-1.17975265893493	-1.67943821054664	-0.0636107640419084	0.966323524031177	-1.4163746592455	1.28932540165877	0.103135569104869	0.925792770393009	-0.410220182293995	-0.331827496793506	1.63713143271871	-0.0657177416357823
0.383318601068567	4.40107585094835	-1.0243178225582	4.24105552822439	0.100656482373854	3.92673134774861	-2.41332348194812	0.709432754435482	2.32977056122139	1.53104442352394	-1.32645803391405	1.51467851916988	-2.28396847372105	-0.19794156769637	-0.00163178819008714	0.532016139654496	-0.0609006126809106	1.80126706903865	-1.76661549095319
-1.21039979350765	-5.2200881128154	5.67182699183281	-13.5633457795861	-8.74232397836345	-8.44519006005189	10.5798872758547	4.00246831015859	-0.903830599787483	-5.65311835511718	2.21472432179413	-1.77477795951215	-0.603857028244207	4.11673838858699	-8.65313715600054	0.532948339092052	-2.95801420248532	-12.2301395257253	12.7743398452885
3.67499703667544	-7.2469236117473	0.264192376149538	-3.81571409078519	1.63891127520397	-1.94177640921046	2.78526243770749	0.872662446341534	-5.70051406206765	-4.1298637284398	1.810467379383	-2.1068594917494	4.93134924063779	-0.919204904078063	-1.14636611934863	-1.70634260138375	1.25968121223232	-0.407203892521913	0.964012729640491
1.1090326476088	-9.564919647547	2.28322690158017	-8.23454015664024	-0.53768317963673	-6.09472181722595	5.57450408385311	-0.401549706089185	-5.3728895006612	-5.00584822208389	2.93060838567484	-2.465209561985	4.45988518952014	0.568342161838729	-0.733131790035554	-1.49487244838042	1.41795206282877	-4.23723942231863	4.07173680836369
-0.884022552113272	9.46302570871632	3.24128101976593	2.65953060475124	-3.44377392786797	0.704078215537379	0.371021544052489	1.2872750681806	3.58800490925978	-0.648596019368561	-2.76041270588619	2.89424463052082	-7.96551332473709	2.68706911976714	-3.53746573662568	1.61155088496676	-2.3703222797512	-2.1644541743435	3.75269448731736
-0.203945131269943	-0.775642283602465	-1.66117593332297	-1.64320908158557	0.478261847792774	-0.988278606215722	1.17391476757603	-1.24039725963062	-0.832733278277484	0.544040247178411	0.914080590588789	-2.56614210322562	1.02833211799418	0.0559086637799133	0.406052132134572	-0.0804325298175312	-1.98177906331346	0.663966287534306	0.889048473016658
-0.789578659354882	-6.65615881396698	2.46067659401829	-8.11997817529588	-2.34027005751128	-6.10890068198053	5.50429905454079	-0.308216983452642	-2.65439382634548	-3.43637550226691	2.40564785421557	-1.98702180116037	2.19004729498475	1.4642190681061	-1.25393824618951	-0.611235733620951	0.128106959169553	-5.27810355796545	5.12383448968583
0.673465812700946	7.03150762331168	1.73507068334314	-0.78924981344889	-6.82269764338464	2.88901176463485	3.1674543737242	5.28866055707465	4.3602285568001	-1.18844390279021	-1.53773980113121	1.52195947199102	-6.12350945973303	2.86646221281787	-8.05716019181111	1.73069960575705	-3.66294855839296	-5.25996180139618	6.70382147067567
3.00844756063625	5.8638772212496	-1.83891404306173	1.0687144625781	-4.27146130550192	5.83414486661604	1.81004037005064	5.0689193042574	2.89038251752878	-0.594229670521838	-0.712734837439285	-0.241352801788977	-3.56210046033164	1.39731905102067	-6.77109655668227	0.93046978429464	-3.49807310376591	-1.45750443997864	3.98517518441442
-0.428450357403456	-5.94242627650064	-2.53291728287565	3.76106364780039	8.96641790355902	-1.01501060255334	-5.10491026881622	-6.90051522740601	-4.55022817646402	1.93617408907399	0.853181592251683	-1.18495219915467	5.81910877709124	-3.65278703336684	10.3530296445015	-1.87014203183394	4.19500067191258	7.52062675515673	-9.14248700529658
-0.894423109726047	8.46774215079664	-0.79671311850049	4.26453369756988	0.628585299382777	1.29251496698429	-1.62546421113518	-1.96794339874092	2.09451634963232	1.92546665625597	-1.93662358272191	-0.15749736848543	-5.14446109737817	1.02275811335225	0.475503716917411	1.06265119412191	-3.49162529780782	2.87230698619467	0.159000588254776
-1.25994147016407	-6.31994039929839	2.3435570728698	-4.53786801410115	-1.07718524821153	-2.69476237621191	2.22796305826727	-0.205125388609112	-1.23361944922048	-1.49531163000342	0.760511356399427	0.128400227818418	2.53328334733763	-0.223505903938449	0.196088245668935	-0.389681924081277	1.5680978933293	-4.41956251541811	1.32759419513757
0.283964545386771	3.97072497906689	-0.60053924648559	3.6913037813631	-0.42554266996197	3.84782051414071	-2.00086606965009	1.0725262655239	2.43710835493494	1.30358435708724	-1.34675741480143	1.69849269029293	-2.25784758683587	-0.107023908951705	-0.482683878707195	0.600150809420984	-0.00672167790624201	0.918887156546823	-1.27612196810018
