-126.869304072265	240.220713068693	82.965911079559	46.1252735706479	8.74140025074278	-1.28299171078302	-115.834107262162	67.6064814584372	-95.0119659381199	-101.055395022939
-101.590915920085	-151.499494039919	-142.457501859276	100.882108190794	-0.660932849007486	1.68459273670657	-7.48425134746624	10.8806269942113	125.785807382729	169.457820198501
309.802013699562	395.556928433072	-91.6667164865968	-53.2717642925914	-20.2251621033273	0.695760376733689	-74.2247257439325	-49.1196414735761	-129.292024909536	-281.969585349135
-76.1025943036204	-184.268149985686	-63.4666560576528	46.2098005525119	-36.7985179175055	1.85222617107739	176.232396248659	4.746491020872	-34.1971220416658	170.778179538757
280.150732424172	149.484537092656	-136.030693379641	-28.9386183978157	99.7853000183045	1.29117224667065	3.19796833056086	-55.1244046157673	-26.8566490659674	-281.417219728378
-88.1972732326862	-239.110369184974	-1.97876301998199	67.341712963249	-10.337808199328	1.62502006958206	114.562395021058	11.1533945079737	58.6722978909899	91.1133913506532
-64.1853109918926	70.4560287209152	44.6186201101828	-11.622310767062	-12.6521679497659	-0.0516461018411804	-73.9039650810202	34.7943858744133	-8.89609765962533	30.3211644788628
132.137653425826	25.2568283855798	-31.7158727620738	-58.9753870004773	-56.8311206106118	1.07091644297812	51.2381923952569	-12.2247479873802	1.31709039073541	-45.6034346276859
-116.484187648494	234.481062396287	38.6869367158555	-56.2107634462849	62.6175577355994	-1.1625252206852	-33.9405270934484	63.4914806065536	-164.478093317227	-21.3511599647511
381.923182641437	71.194719221716	-276.718254836247	10.6398410883152	-128.580992571339	2.20416601719259	39.8031524683071	-89.7725542544928	66.2694137566594	-70.9580385451342
58.0441425825097	-31.332586738143	31.8082897819637	-81.6642649216934	58.1457723966305	0.799288696028234	19.0759012998847	-16.182202535727	-18.2846223387303	-11.9189974738673
0.778244980814447	-139.71936871269	-35.6272740988893	54.836247454193	-37.1310698150842	2.24000211602836	-51.3810192120848	-11.7009593572167	174.196023576278	49.0199530834368
-13.3882222588652	-96.7772966269949	-32.0664942756923	-38.5687596511765	-80.389966380374	-1.47542073249352	95.751898247403	32.618958507952	26.8485137188082	112.450201347848
-107.515972673899	-249.93381661495	57.0414888452975	23.0826391012681	-50.8816279915174	0.810526288282836	84.1115675317332	25.3407627352887	73.7682282806191	152.728613979529
-61.0719537853666	43.4326809489445	41.3968438993377	-17.6953878521813	-5.90397571098395	-0.0107060969378816	-60.9550088799045	33.4888745632246	2.06344583692468	34.2055841448064
1.68362527521465	-36.1139697853527	67.1858895063608	-8.4354895818012	-45.8308068901073	0.0664675395208355	48.7952462069139	5.52924694800464	-19.3392029266939	-8.3738127749383
-138.401289631853	-17.932908310517	-44.8617707732804	52.5821073591105	52.9821609919551	-0.327945276038237	-41.2601309218479	30.6629622104624	2.12839102781648	115.412517520072
-171.069213219346	-83.0273982539687	63.5826823990968	-33.0325235666533	107.955083953512	-0.223812321245793	64.3835340615567	55.7512679727389	-43.7716960056812	44.3618972623699
-56.8975056093285	75.8867816793843	44.9599859981615	-15.1158488672084	-16.1645111275544	-0.020824052454832	-66.3774661724852	33.1030554306677	-18.5907930430586	28.2106986561814
