198,69,153,266,27,263,345,210,34,68,133,218,13,295,309,216,19,310,335
250,151,62,197,32,145,341,277,137,18,111,95,60,328,358,117,157,124,354
222,239,158,231,152,73,286,46,72,109,203,161,110,38,359,164,14,337,360
329,270,49,85,89,41,351,285,245,17,178,102,90,212,361,234,66,119,235
199,322,97,291,42,252,314,189,134,120,83,169,82,191,353,122,1,279,242
207,130,100,186,33,99,288,240,173,77,176,251,16,236,357,56,88,330,336
183,47,118,247,75,201,355,316,84,87,262,272,174,92,227,23,148,281,200
40,259,91,299,8,275,326,65,140,107,15,320,98,243,347,128,94,256,350
132,175,101,135,57,179,332,206,127,165,154,196,58,306,343,64,104,190,292
313,253,63,318,54,246,307,78,115,155,45,282,35,166,319,116,67,264,223
202,278,187,312,142,171,294,159,228,215,10,323,24,327,325,93,4,105,177
21,226,86,241,52,224,334,269,211,20,162,172,61,221,340,205,43,257,321
304,297,150,315,28,271,273,76,163,185,71,141,37,344,284,80,39,261,96
146,339,36,181,160,139,356,338,192,30,51,195,2,209,352,265,7,208,289
280,108,149,184,3,219,180,305,170,217,114,168,129,156,349,12,126,298,324
296,225,103,283,9,125,302,238,138,244,29,276,50,300,348,22,55,260,230
167,317,26,342,70,188,308,143,136,121,53,293,81,249,333,31,59,254,220
268,311,5,232,113,25,237,258,131,44,144,48,182,194,290,229,193,248,346
147,267,11,301,6,331,274,303,214,255,106,79,123,287,204,74,112,233,213
