-2.34771158423994	1.88088787212658	0.524211957918984	-2.45767480359058	2.62298112287535	0.969856750596423	-1.61737480715796	0.595498022749728	-0.055458670837702	3.80169025061711	-0.040440763120314	1.24321823576295	2.2287647134422	-1.15447127625741	-1.89905318323558	-0.295448518114658	0.59965425912906	2.45574582049035	-1.81566038879872
0.200699189429246	-7.1198618854091	0.08904438991977	-1.08944330190192	-0.828309044974578	1.27852333781339	2.48597550200053	1.11950205983014	-1.46656816564384	-4.52674566826496	-1.41574286770328	2.03053948591364	0.432500420674405	0.83864356174995	2.72095747624351	0.768107725469037	-3.98873013084532	-0.921601192781331	2.55206939889041
-2.17685886713392	5.0496592602044	-3.97805346751965	-0.451028519468247	-2.66537052786324	-1.37358610623304	1.32283561803906	0.310919079044555	-2.00611851884491	7.69742942434335	0.173149665725589	-0.773262760352735	-2.32539614417302	2.63099703320292	0.256053705776394	-4.00617507913717	-4.39935588311903	-0.500145334983646	1.04651896227551
0.388499300562214	-5.17502613315929	0.12147975652951	-3.00646925251017	0.0915197876957299	0.845255457849638	2.06115901026249	0.482893528421732	-0.739480092306939	-3.68878286853265	-1.40208482410312	2.68405354533914	0.208307156712442	0.196432113413072	2.18351219725383	0.715879364101915	-2.75127077032608	0.1177780835422	1.90024405723816
-1.74516123877259	-0.0812569466716323	-3.66947215256525	0.454336062302316	-5.47111018640981	-1.60266949312757	3.73192360981621	1.08554917435579	-2.96823281058047	3.03444228842875	-0.254531946945607	-0.255635012715418	-2.46943232998677	3.42418083673304	2.96237321007639	-3.53436734579836	-7.39813003738729	-2.87167977694217	3.84874466229494
-0.223774416587202	-4.48425609630587	0.249973083822905	-1.68774012076944	0.141047501251311	-0.591656216367752	2.03918996316238	0.693732259539833	-0.742922431654275	-3.56322258363638	-1.14402452929208	2.4377281809414	-0.11766080155998	0.597109600367535	2.11170386587394	0.832021540791197	-3.27831232301609	0.0350863583172492	1.99174489928001
0.729770711580458	1.51301066751554	2.2743404733539	-2.22248361188645	3.64372313673722	2.38057696916751	-3.37018838691712	-0.348665001763442	1.43258012647833	1.13018560952807	1.01689423691426	0.709603800554897	1.27589030721291	-2.58535659726105	-3.29736948750649	2.19353935126595	6.03483801535477	2.66988604321127	-3.57841677635712
-3.0073059847116	-5.17570844338654	-4.07294639568301	0.108546769194096	-4.46208338770478	-1.90451996910281	6.05579936043238	0.204534005550367	-3.88620512107816	-0.852752871846741	-1.14921614463738	1.76441468198314	-1.11252450009381	3.54970892663573	5.76184225102328	-1.88436869057044	-9.88730600348172	-3.89813011020194	6.1928590494786
-1.18544182432558	1.17392492052948	0.143865055782088	-2.12311837920724	1.82456559075618	1.18548662432825	-1.15669197861406	0.560785842726348	-1.32589720976243	3.67863631663155	0.0277015190088667	0.785010864642269	2.1340938878881	-0.187824862391536	-1.47149252590028	-0.985339856109228	-0.603010294074726	1.83513224565825	-1.38550164585101
-3.20367769079425	-3.46318748510647	-5.31668324583451	2.76986701385208	-7.41776381978727	-4.03097405335836	8.00873250998021	0.136504825813848	-5.20676907951321	-1.46770203420868	0.0551215139599869	-0.00674500783200852	-4.18235543584477	5.9031264920792	7.35285116036343	-4.18637567004757	-13.0279254505156	-5.93446806558235	8.28607042482761
1.86526316302818	0.905859749962349	1.8367540867332	-0.81916099122264	2.64349923584918	1.76606663406866	-2.36016010240035	-0.724720919189644	1.97057532559159	-1.30982121429591	-0.0928402219148255	-0.336911642508546	-0.295472243013714	-2.34929133055769	-2.17667425600976	2.93013363100259	6.22668312408027	1.21996612110108	-2.43286498404173
0.0533477731326629	-4.49451848072152	0.321207646449537	-0.574351402288243	-0.487644233457542	1.2540662307642	2.2352784350958	0.79111230250133	-1.33777609538893	-3.2604308514419	-1.10064794917904	0.448566664436265	0.151794252032165	0.54206832969982	2.08197351550602	0.0138498273543493	-3.55783302240279	-0.391952100082948	2.02335099394604
-2.41125781782475	-5.10157877894467	-3.84872897213587	1.10370767341816	-3.44677447904953	-3.19130571929234	4.40647165096815	-0.426352038462526	-2.90472450567611	-1.10168270950557	-0.902221872984391	0.691753495060977	-0.611440025841656	3.35806402414817	4.76193270545569	-0.803071689774216	-5.89488983708162	-3.33815476302953	4.90212302294256
0.972097515059474	-2.80253243272608	2.13185511306548	-1.79210653505423	2.69858419700346	2.56773647009574	-0.742953005271003	-0.786378739534237	1.04817447687101	-3.69597315279362	0.0982342596246849	1.24609666744052	1.0331871950755	-2.63510569551566	-0.478224310175428	3.10268061821432	3.75154769582065	0.891718906846728	-0.90716563592927
0.626050306552857	1.6528800894367	2.26988755343293	-2.21371656202581	3.55016211212546	2.36959624695173	-3.19482937155756	-0.365435815084567	1.40267640611914	1.07815473605692	1.10114497186813	0.650165616088289	1.21696832267742	-2.69216186742591	-3.24063848663645	2.25384224152312	5.83996117559169	2.59973221589259	-3.44792998096157
-0.456986700865447	-1.03688947731319	-0.739351822952221	-0.350167875664869	-0.901689850849734	-0.0549280309785718	1.01658305363873	0.53526964797512	-1.14102552534217	-0.228157939543744	0.0112536476324291	0.243774851196993	-0.114546609756235	0.9048637593783	1.02403958220548	-1.53562138674534	-2.70760815646888	-0.299511609360859	1.05611686388823
2.08277169609886	-0.378067119508822	2.62913516064584	-0.953725048913943	3.4325293787672	2.10855580702723	-2.82414477610519	-0.512772835775553	1.69923630205667	-1.98083603257699	0.299828821148073	0.415203744659035	1.40880256245822	-2.41961186662063	-2.45048714251535	1.96640021557812	4.31919323854529	2.16440692512814	-3.12112525719476
0.0619287571492488	-4.83943584286752	-0.242000029331963	-1.78331703673711	0.831837035201585	1.01105247860901	1.40026810105925	0.296974274442875	-1.15782052513226	-2.62274355188868	-1.06690946691493	2.12771403529821	2.22833349848261	-0.16395283133803	1.76927052451724	0.874674424286015	-2.5692727531975	-0.992570916478348	1.31757789950282
0.725033010561004	1.6551161449322	2.22403456441314	-2.22884619910622	3.59538611153755	2.4594900918996	-3.28584584656866	-0.434616560296438	1.4650799213703	1.21194782603806	1.08266753742546	0.584796459793642	1.26979557758583	-2.61890223342762	-3.28591543165441	2.19500672715402	5.92064392598472	2.64321913377938	-3.61023069891911
