-5.57018460478868	-2.04411729697228	1.72153047054228	0.709032632837486	-1.53159497425613	-0.865672033346839	0.814473516512665	1.19957279699609	-1.77193821850584	-1.01752581892426	1.18182487690856	-1.83914114513026	0.421663655875937	0.959533699360635	0.803702114651759	1.16364567460215	-1.70706395407815	-0.413320668338685	0.895270948008208
-1.7367884837838	-3.0277056055425	-0.928763527741413	-0.352631912949359	-1.1483858695885	-0.402627552815188	1.5349069852289	-0.509495179348108	-1.14792189737869	0.537785799666081	-0.101505868642489	-2.37650046249388	0.883481527490503	-0.279895853587153	0.608487156844718	0.73166982098214	-1.30616193169259	1.44030654153991	1.29204841811955
-6.69806984054058	-3.18851738656402	0.352204468797705	0.0464309304570758	-4.96876177351307	-2.35631677950524	3.59372376157476	4.65761354601637	-5.95329687455149	-1.09481578710922	-1.22510865222541	-3.97743889495386	-0.333278856351171	0.491237376557208	3.1348052967031	2.53852787443696	-4.97393584930026	3.62755589628039	4.42304226832101
0.426135002079093	-0.706192686522719	-0.948120118608795	-1.40963763902412	-0.404927907206172	-1.14240246917517	1.12692271615687	-0.546512282684184	-1.46287843255793	0.74149438655457	0.337316986180606	-1.07176329806049	0.853963232036158	-0.212721501867085	-0.121513971488176	-0.124357773148614	-1.03139542646011	-0.728104621470665	1.16513394946225
-9.24539813506603	-3.00155489628445	1.73673360919833	0.687340524484032	-5.69287015212056	-2.41538368034943	3.59713598087073	5.87914642428253	-6.92101031910997	-1.96568124224155	-1.08389842902642	-3.98692344096717	-0.728575477397975	1.25199232761639	3.4916602597033	3.11663895945795	-5.74321067697608	3.20595933982166	4.70861907236955
-0.374402801434705	-0.749630201710879	-0.184211403770587	-1.27015122042647	0.216302626872231	-3.06666270694434	0.697066307122716	0.0881512986094224	-0.577136353893735	0.217300762904671	1.71087776245828	-1.43975506050399	1.02727536275758	-1.15123829595261	0.404559548806914	-0.122938870241102	-0.63966658672679	-0.81913568230493	0.504057648720465
2.9961583293513	2.36030969435875	-0.598692839212275	0.386996040771163	0.76916742390241	1.04208500507687	-1.19976499501876	1.17036442820489	1.13970662290298	0.0114688126705289	0.204221207314598	1.42059977598712	0.406988713208927	-0.335184852589595	-2.63254902055936	-0.339290670954716	1.68372693836809	-0.197769514226499	-1.18782786256265
-4.98130589462605	-7.51788759957911	-1.92844470642451	-2.48555073432148	-3.17645523509009	-2.33817588055368	6.07271435144597	-3.6656091763854	-6.01495741738574	-1.18624847726599	2.57097940352589	-6.92258876459913	1.29313296484507	0.623230378756838	2.36335332814742	2.25726826044781	-3.22943453451497	-0.369943362140257	5.60764581982913
-3.86891511778692	-2.13848801452943	0.82868237019042	-0.467094772207138	-2.62148866717169	-1.1964451305216	3.22209844357428	2.60718946642276	-5.54502156567159	-2.72789968196548	0.0468432285606596	-3.49525631496187	-0.128256276145663	0.888891481930413	1.41944258727762	1.8406073323168	-3.79547291355033	0.210591449832106	3.64789128800705
-6.0708269869828	-5.60596684385825	0.703920305482484	-0.374220071581758	-3.85705553151078	-2.36560629467604	6.22365164802084	4.13163406341991	-8.52069686360298	-6.00041177912438	2.08607391013349	-7.95901195478094	0.57523447333025	0.669590818269005	2.19552412392203	3.59523229464427	-5.09419409358556	1.41555136176978	6.14725075022428
10.0120335106266	4.86856969568612	-3.30604610222684	-0.385843637218735	2.56575267162659	3.61797125317423	-2.53148267488292	-3.0876900334015	4.09353465305499	2.432029468045	-2.12637472491942	4.8479919177184	-0.794025683091604	-1.3556356699526	-4.2824247635675	-1.35451840989557	4.82717773252588	0.308241858458405	-2.54088394475628
-2.28371814876667	-2.56714923359168	0.19753385345138	-0.0219048076850887	-1.19199084045348	-1.01788467887813	1.90899994762387	1.77823882482087	-2.45910902893698	-1.60751010722543	0.293721356603759	-3.1191158466405	0.607821705117364	-0.237963282656491	0.89575193237668	1.1083523750706	-2.17958038317606	1.23600683789199	1.74797619881105
-4.62922576962142	-4.28587691200074	-0.950496618576801	-1.22067100240746	-4.22279544633012	-2.38142283691976	5.36282145499321	1.36244758075313	-6.90912553902388	-2.38923627748351	0.893074476578524	-5.42952745124822	-0.0400666380419287	0.311821430920239	2.17491038709996	3.02641970122663	-3.69598234913581	1.78624353845671	5.69149130427507
2.92032903390933	-0.183113187110589	-1.17031612403408	-0.273295451922193	0.742496623729648	-0.58658910180589	0.949634496177346	-0.200559769443222	-0.157373755997352	-2.14509818211558	1.22775764967196	-1.35007903111423	-0.175688268016793	-1.60678385909632	-0.959771055063136	0.748707503636867	1.38923900824279	0.776957503115507	0.459580245631367
-2.62510940786266	0.0283446810510936	2.52602613184329	2.19370337621947	-0.909913573358352	1.0070171283234	0.950875276039089	4.96980828995258	-2.97444496518331	-6.0398221441543	0.906360346536694	-2.10739996967271	-0.982791790150109	0.949728048958862	-0.36697165841926	1.86852150132524	-1.1442713275078	0.452383881059435	0.985440573388519
2.50842136627861	1.92671320421951	-1.35452975043509	-0.890568978084676	0.139837433362999	0.135393331515154	-1.22458189304534	0.662663632678818	0.959713182121511	3.44700430222786	-1.08534446499871	1.79906904666046	1.44864007319448	-0.154426107563085	-1.83329778358305	-1.36042689980766	0.0121862534479504	-0.290089482758308	-0.883642773548978
8.62624490262248	4.38782927403121	-2.11837296723672	-0.770398691111109	3.26858748435324	2.48393407615019	-2.86636677886762	-2.14604068402554	3.84807909001777	2.47269146594025	-1.04416073715966	4.038529507994	0.706329438751875	-1.06645548119544	-4.49110774961865	-2.10182959070269	3.49491248853381	-1.65814244557593	-3.04243115721171
-0.969806210812483	-1.48293362865264	0.44984032862856	-1.40276192397973	0.443877731580407	-0.615046888611676	1.39801220731735	-0.715858179540316	-2.36850654444327	-1.07771647269735	2.56060939764484	-2.26792751444963	2.0741377739724	1.26430026289956	-1.13005000984649	-0.451702331909041	-1.46982211232563	-4.07750519223458	1.07876152263939
3.18877030565037	1.82003355187119	-0.773564740620045	0.370601010426301	1.01452112229981	1.04034952120473	-1.10149078677883	0.917423880399777	1.39077054513311	-0.0711035821059411	0.464218090087154	0.983411339934001	0.697418219245827	-0.510339077436033	-2.6895882286661	-0.387801203083074	1.80264982061913	-0.0929301977092427	-1.28227495501937
