-1.2551652600068	-2.68936536989741	1.71327508921164	-0.00492898869928504	-3.489711033776	0.605614873783111	0.861480165835794	-0.639815034743164	-0.176682245435224	0.0268548423809654	1.54714761474688	-2.65492755278868	2.76031058398519	-2.08225757141531	-0.935940498772905	-1.89329857574539	-0.941970919569006	2.36423386460766	2.29009550389756
-1.27743632710498	-2.27346999212732	1.35750693762751	-0.482230560804678	-1.95205708387447	-0.0128827128510297	1.19944455079952	-1.17143307217086	-0.689619242339687	-0.270856671257333	0.969983745180032	-2.1843817544121	1.59915216783485	-1.01222622787988	-0.101726551322891	-1.20069675395478	-1.27499912720139	0.823768100050583	2.05799014393905
-3.10156885750922	4.21523784616434	-3.29479944255857	0.217170490478752	0.994592204784318	-0.810672315496577	-4.8697587213461	1.1037247400216	-0.279430586395406	5.95424254987419	-0.037637843783066	4.47560586803828	2.89485699224165	-1.70395410862248	4.52564610138938	0.839937441124645	1.84473355957613	1.74367512102819	-7.01063818381135
0.323039540799663	0.349630732153684	-0.855743544024563	-1.20350056341252	0.021624381771939	-1.2020029771779	1.51512007805794	-1.57455833241169	-1.05513257722594	0.132611825125619	0.198293625402517	-1.52215361304238	1.11165154147513	-0.239135573395296	0.548048742717011	-0.73805389401602	-1.28636733472601	-1.49581429630674	1.18001599736591
-5.59824158477186	3.84348959430313	-2.87691910845093	-0.382510824875225	0.0700043409156175	-1.14432945834695	-4.21147088130082	-0.192672125439002	-1.426321205892	6.15734312907654	0.673147770395756	3.65206089956532	3.63083163181551	-2.5576138746788	5.91838354900846	0.449317251589641	1.22231010690348	2.75201983532642	-6.2669868349735
0.634251332552363	-0.0655843413785258	-0.0189370967177453	-0.430816951239917	-0.133954219120281	-0.56705647553261	-0.145290044164895	-0.25860750098073	-0.96849034538913	0.49222376567965	0.871978435530556	-0.364272279732981	1.22420878090888	-0.36617281806937	-0.0577465499862932	-0.537020550728983	-0.699620749692285	-0.752316557029138	-0.0164884663160079
-2.39589297657672	1.37530232705261	1.388835046903	1.79722516331024	2.31876727233827	1.36947035635159	-4.42397566847618	4.25901610874562	-0.182933398703222	0.518455822523088	-0.202888141203344	5.2726912000773	-3.49585759718559	1.45751809218423	0.386082586466071	2.80506648747853	1.89949106611084	2.13223289435609	-4.46339448880345
17.5897935823285	-16.2219867683288	3.60525651215193	-0.975085034985893	-14.7419098638608	1.65811758542158	14.3417464093127	-11.259633958229	6.6960169251176	-7.4711849287054	3.71292087428266	-21.4181524370869	12.6339914304313	-5.71440819184428	-12.3717671514277	-12.4158292632553	-3.87473256129601	-4.00762884449044	20.5779109672496
3.37562751762834	-2.91688588858359	1.48549853306555	-1.06312467948888	-2.54235447412771	-0.917893314586357	1.6458314496941	-2.27143089909107	-2.26658262494825	-0.746007142664671	3.65508123611659	-3.6829824235094	3.95550962576735	-1.42701976286561	-1.77666649578214	-2.87707841916192	-2.10181776651801	-2.02739441333895	3.29548392373225
8.11061710368519	-5.13973758653547	-2.61105131729835	-3.57055656857925	-6.60227221859873	-2.46754578954978	10.8586390118527	-10.6066437914029	1.52580378284272	-2.3918652241836	1.42161341050789	-13.2155393249602	8.41878702197037	-3.1028391188884	-1.9848429391756	-7.37882968815569	-3.50138621313214	-5.49663892536996	11.6750569964826
2.6769351576238	-2.21047953755724	1.0334161027878	0.983338192252725	-0.0939115397189703	1.9389174125533	4.08958688147451	0.880776472914925	4.29684330849865	-4.94473601460476	-3.89320020947467	-2.77762756635954	-4.65272590154981	2.24118200836427	-4.58182014673113	0.471512007099061	0.186428045878987	-0.123553505159014	4.91433452774124
-0.262661551500876	0.467677546267962	-1.7493291287578	-1.37702014008298	-0.838010621943609	-1.23372738126978	2.2008360032255	-2.54995170004307	-0.144838405367745	0.764779996830625	-0.498653494431862	-2.39931282821043	2.11395668074705	-1.06606487735757	1.17469394982685	-1.24749059559999	-1.13396946489078	-0.850038739029627	1.50107563720548
7.34035792353445	-4.79733839223317	-2.14823261025396	-3.01193423559436	-5.76140607306316	-1.92095533413676	10.0942331393138	-9.03871147459155	1.80446966681997	-2.82809556464228	0.840594794696585	-11.8790509137048	6.58754951773419	-2.19562219649366	-2.26890867693567	-6.36601902891489	-3.02004593779919	-4.86203567895331	10.9260770513047
7.40406110386708	-7.90909316874472	4.74988819841837	2.91813306238953	-5.78117809047997	4.1084133210164	2.10499482624486	0.860779696332984	5.27373734614293	-4.68668388581814	0.852067876462616	-5.09316393206562	1.21609801469237	-1.26609860991944	-8.64251411676377	-3.0143979235462	1.01614335737424	2.02695711634301	6.22663090574144
4.34719868650781	-5.58297546420214	5.4681093101622	4.66756872690067	-3.99958917889325	4.9514421963343	-4.82710239450438	5.92356262381386	3.80653641742299	-1.50301593230466	2.35558455016359	1.55592890511943	0.326150966284735	-1.00134585951858	-7.05332524869466	-0.76174031295173	3.04803819923177	4.77145729268724	-0.911317084452288
-9.75577373611963	11.789890534756	-8.12943421957232	-4.17154373426107	8.31599963187442	-5.56122717775664	-0.780739774393977	-2.49789993090411	-5.07935806273906	5.62360257287693	-3.78543343719268	5.89218754659487	-2.86367215429731	1.9435336699396	11.9204141239462	4.38936931883893	-0.919694676747076	-3.05919710960968	-7.3265635485526
-2.75958288695271	2.99373588060244	-0.341204558402013	-1.20332213580351	4.40532560238167	-1.27604698826804	1.04704201042922	1.28987628582596	-2.32703023176153	-1.86341008140573	-2.07973287080438	1.78256030772894	-5.40134574610468	3.0656164785277	0.981765653645623	2.73811559649299	-1.54707310629161	-1.83335435240605	-0.0941484097295391
5.12017628966897	-3.29621304802531	0.750185475003139	-0.81082930668816	-2.26031218727985	-0.598700015311698	2.59570975439091	-2.35956487284414	-0.214856167874344	-1.25687440437292	1.90789584336392	-4.33087727750618	3.36419522394692	-0.776567853559695	-2.69837407787753	-2.84194271567364	-1.76038856109742	-2.8505824812707	3.9425739154317
-1.22394434562724	0.630433810783833	1.46711513096308	2.04890379524866	1.67401042366793	1.72526556891289	-4.00237206346802	4.19830850278958	0.779884739388301	0.256036872339275	-0.458127221246422	4.49678586555347	-3.04203546621147	1.25452097394203	-0.564900184674466	2.34784778839257	2.01045713179277	2.13089436265074	-3.77123546277273
