6.33040833474543	-1.12223632077063	-1.35078831785518	-2.00603956688188	-2.27184153772346	-4.45203832498616	2.772102701408	3.02709836765435	-4.25734071222914	0.920155529846139	0.328082140183582	3.54374069469577	-0.801703393188941	-4.58551792391097	-1.0549679673807	-1.36394034229322	-1.10317757500241	-2.18806884468746	4.76032404581281
-3.19750730687906	-1.82314302289798	-0.30087750862784	-2.94088044171868	-0.435498838346704	0.143936752924434	1.95609039231813	-1.97340040337664	-3.08909023299935	-0.241251759658146	-1.94294555819627	0.346948615290881	2.10214100248974	1.39142174321575	0.742449261362421	-0.796018237346772	0.150528227395109	0.230355990966981	1.10576058713703
2.80635743609256	0.62308272276788	-4.0793792877052	-1.58878654702612	-0.236847929710596	-0.965304802982629	-0.690492216453919	0.176418020824693	0.250803602843405	3.55090076662159	-1.5743056080223	3.360104485419	2.45712706125446	0.594843390247396	-0.222260045348027	-1.54902113148339	-1.21880017555616	4.74695554170277	-1.76270284660611
-3.82516445580217	-1.13503457822146	-0.127177875069037	-2.03555902437183	0.0347774827752502	0.763932131935486	1.03202282138738	-1.6619833067059	-1.92227088364056	0.0166782710302469	-1.54455875448068	0.0257990814273183	2.15698630320171	1.54756937291458	0.703253695277889	-0.828037744953686	0.28319777346157	0.109331843142762	0.0215516393981154
-0.454658550648498	-0.325779000954629	-2.94059243066601	-2.82728957934043	-0.544214246472098	0.166007521620551	0.120184425326914	0.167299754081283	-1.39345087078026	2.22312442520752	-3.06638336334936	2.66774113057241	3.52557639002409	2.21459101189862	-0.118467238534218	-1.88264294361577	-0.238535206350133	4.44183539806092	-1.27003103812343
-4.05204855905864	-0.420605256887574	0.181964254963795	-0.896752450638648	0.596954255265612	0.720043353815395	0.403356907066352	-1.50823781836463	-0.818009712499349	0.125742593642759	-0.188388070499842	-0.804509350996387	1.70417505926144	1.26132397201899	0.842258737730935	-0.794314592100081	-0.0808876456144815	-1.10309959133404	-0.511835340946424
2.53662404557129	2.13188899575024	-0.280068195040361	2.79769056902096	0.987345813754233	1.50729529077747	-3.14543514510585	0.610386534950447	4.79566919478901	-0.0392164323951615	0.113887597353801	-1.26508102943275	-1.48078957462707	1.77862806210256	-1.18490437746969	2.03237617520523	-0.0822319340263348	4.31095747659027	-3.37724017569747
12.0725634679613	-8.2295657576547	-3.36059051687401	-9.91614847358547	-7.80697879382263	-12.992942692031	13.3882827318515	0.988649616138835	-18.0604331206905	1.32655907389647	1.37858459304088	10.437342487506	-1.75306180948462	-14.1670836317021	1.89128034646977	-4.82947526473957	-1.55775541920051	-11.3584498659135	18.3373969248396
0.199571447209212	-2.28324486993616	-0.67527633852453	-3.46287961825189	-1.89761476729555	-2.32065706651333	3.38514917574162	0.598781587319957	-5.44791460800313	0.353103778730887	-1.01025869905841	2.69899202274679	1.32244641507099	-2.24931139284315	0.405255284302956	-2.12682069506158	0.0543003591906455	-2.64115963772174	4.01170368098212
-6.91679466708824	-6.07816469562873	1.11376790974895	-7.27632167477919	-3.39041247190416	-2.21091270974922	8.01330748767307	-1.69680403701901	-11.9882344629977	-1.24841188865525	-1.44902287656058	3.10559197571789	3.26483870377688	-2.8796699611462	3.32742639240168	-4.54829367986555	2.10752238146031	-8.93874529542641	8.50962704245202
-0.383376485836529	0.261545068558632	2.37263426196608	2.07718829283881	0.480615336994186	2.27572090773631	-1.31585959460328	-0.869502108361326	2.62580867855874	-2.88014609492179	-0.286501060957779	-2.89209809742697	-2.51558086833657	1.66960544323093	-0.643756602342643	3.02824392638438	1.28349849870825	1.60066346477788	-1.08957326875905
-6.10521790784019	-1.3280219707775	0.981154543414483	-2.33985564604043	0.233122632253946	0.694318167536787	1.67721456636398	-1.45685513069115	-2.83427810417089	-1.19944461552414	-1.03989944721613	-1.93475495590219	2.51246441151688	2.73543230613126	0.543429501631123	-0.858009206331811	-0.0614163937608998	-1.62197610603958	0.706389107948876
-3.37677508318146	-5.32204021432388	0.0603136244296718	-6.21165227952595	-3.2277867540428	-2.94759110299331	7.16255762733481	-1.86667242931482	-10.204722753368	-0.422758986246478	-0.67449867431625	3.64387568838367	1.99091727185072	-3.75568127721182	3.10569584963331	-3.75839490614387	1.39092015459769	-7.36184919570337	7.90952941496846
16.2472182354637	-0.849882424864627	-1.94243082834003	0.0689956363305129	-3.70922104693327	-7.33475377382808	2.85285287805008	4.35425657562748	-2.88601535508623	0.557091132756053	2.5248313630241	5.07348101542565	-5.95594817042596	-9.13251175131739	-1.91479600180302	0.726801999981202	-1.53442463319067	-1.84047781771617	7.23473748348838
20.703305337014	1.09679413997707	-3.25137327375522	1.06284921803293	-4.03119558589388	-7.67112056177938	0.751370027831724	8.12539324899731	-0.656169422819953	0.828297324629609	1.62283356155986	5.04822129116389	-6.23579275300616	-7.33139479287297	-4.6991145465002	1.4874719567835	-2.34343604891476	2.94134329661844	5.49263325759986
-19.6872050420993	2.25931389007845	2.50504972638131	2.20102168546321	5.70812406196791	10.5137071259329	-5.65468619064641	-6.32498656000615	6.95400372140436	-0.0240371629524505	-2.47179569029721	-6.34610723770185	6.32624145918806	10.8769883926624	2.8544835796137	-0.0618463932669483	2.30996697353704	3.27429257906658	-11.4259082665547
-8.25787313581732	1.57351417690484	2.69547163471029	2.6227728534766	3.36577642399418	4.70437064870557	-3.12775401814656	-3.67474002271127	4.88688424680188	-2.18419574125921	0.179987768611712	-6.41456463328337	0.622759432342058	5.92844914320746	0.256044560376807	2.57532799534332	0.108365630096559	1.41406955174345	-5.27670298587539
-1.22669763487561	-1.37556076691407	0.570855722525667	-1.65015084630523	-0.779757027747103	-2.01775438986398	2.57954576197984	0.572959757973051	-3.98120170911787	0.201901227775811	0.964506102887324	1.19949361623733	0.652875196818929	-2.92364833315135	0.8417808443291	-2.03662753322834	-0.243620646753955	-5.41426395336125	3.34995771102834
4.18248243871913	1.93615406850952	-0.791998187771682	2.54473487335381	0.619456092279126	0.527558724344649	-2.65599256238062	0.72915258050313	4.24873040238344	0.390049516796517	0.425002734163047	-0.437722271239618	-1.83515208233331	0.622153573494703	-1.20213993757404	1.91016656159651	-0.406497243626497	4.00939961928942	-2.53714136639004
