-1.31323477356507	-0.929903832262951	4.78081946399081	3.19047934931375	-4.81697453834335	-3.11189936832393	0.22857274632608	3.03646927577542	2.0972278283418	-2.8040934405761	2.75264268775595	-0.905329210924721	1.15977014950418	-0.0638095754803629	-3.66388036607431	-1.32548281255285	-3.25921479640721	-5.35593430465783	5.4288174966898
-1.30279128266302	-2.40098097984368	0.928226433893702	-0.70386970354847	-1.01460346293974	-2.73312881212997	0.741047198913332	-0.402840959957302	-0.599661776146661	0.519407271861862	0.270054664810019	1.08955746879591	0.828987880212376	-0.911073036803422	0.0677017629839511	-0.897381906846339	-0.0478756321534883	-0.73963577063961	1.51344192689814
0.0492166301521397	2.47742694793092	2.77391569624607	3.32333684347095	-2.39686127169217	2.50876201966101	-1.46238437119494	4.81787229010649	5.93504059805899	-2.06358068809904	1.68473417662615	-5.82354216870414	2.19847111406641	1.61386280646944	-3.90297184614204	-2.22443857147811	-3.68590773048322	-3.1131647763466	1.75329640409094
0.134668359323525	-1.68468619101591	-3.04296493420885	-5.77570072007507	3.12437814617385	-1.29569794277911	2.35458644856398	-1.91499163665224	-3.79637574455653	2.43331558560868	-1.20694839336153	-0.0527003258314243	0.112589588767029	-0.670487044031642	1.54633244778524	-0.814902488720996	2.00809090138587	2.20966494639736	-1.18607939762344
-0.729878839231648	-0.311462931693349	1.58266888658117	0.427123453386287	-1.71387415143001	-0.433643750328493	-0.039670713858559	2.75295069551822	2.7194436295054	-0.311893998311607	1.20641420555625	-3.26629895188298	2.05805407983162	0.819891650347103	-1.81077766108513	-2.53307150781507	-2.42296806265426	-1.53190217526188	1.73794840128389
-0.369281428355539	-2.16315547461984	-0.971861226485937	-2.98651746768502	0.79113974387452	-2.5093889135247	1.26050917825515	-1.01978557862759	-2.48761441934818	1.59623365397138	-0.516745793790008	1.54817966440756	0.137327193866859	-0.699136134956895	1.05035339925928	-0.684619893931882	0.742394947866091	1.66031480865318	-0.0284270479569901
0.138498347406915	2.23370156837084	0.942256962751757	4.1610679414789	-0.366703751127331	3.89986601731854	-2.75528563700053	0.629519754742626	5.20343419811786	-1.11608429149694	-0.376478120820725	-1.33241916127012	0.160559372580379	0.336718833665213	-0.555671333269279	0.510025714360706	0.241960341858931	0.605088445699182	-1.85928073414863
-1.37811732073201	-6.53872761310677	6.37395936690726	-3.7187582579196	-7.93779727039598	-16.0123999981379	7.38830549180459	2.3532142342236	-11.1175812358844	-3.82352816342028	6.27102267005515	5.73018187447647	-1.49058297306852	-0.964822877424137	-4.30647741448346	-1.44657662443586	-4.58712477194463	-9.49975766782326	14.4914656466248
0.372048292905225	-0.523049414855246	-0.10684391361414	-2.21847599568503	-0.737203174118532	-2.73321447065491	2.07184366112356	1.10288498068986	-4.32405284768861	-0.0821447043519115	1.14641125269307	-0.0817496113087921	-0.145566040399491	0.623266037463227	-0.718170349960313	-0.179585633634689	-2.16326342980276	-2.4192642623584	2.54108870239858
-0.570045769513026	-6.09283260533681	-2.44362200613496	-10.8690371648191	1.14038350650403	-9.75053617279939	7.39666057181812	-2.79100333514768	-12.2533579349818	2.24654560581902	1.27813695933737	3.56370603658898	-1.01107828375545	-0.940105029364805	2.16722257307135	-1.78097093292563	1.38064059884416	-0.830891501408122	4.75877191642503
0.294637746499344	1.15988415584031	-0.273711295729175	2.38907201528217	0.840589509398962	2.320853425292	-1.57045930101825	-2.07537556282106	1.23054488169686	-0.635312971306611	-1.12128388107006	2.03325707487577	-1.4527617056494	-0.830626048576232	1.00164709345055	2.22719708350672	2.3913011037578	1.03056047775207	-2.08968271862938
-0.376589483279071	-0.331199353696483	-1.74726564411229	-3.10531437665399	1.81950994240454	0.663961124807432	1.45800932272428	-0.750417233088752	-0.948579745003203	1.06613016287227	-0.33332309731341	-2.79177577188948	0.992835425781048	-0.0595295488327987	0.11298700387881	-0.893126470074813	0.612194654643354	-0.547669896423647	-0.3750323016082
0.0348781057773699	-5.68625878289496	-2.54340175162934	-10.5832120396633	1.07321769629481	-9.94868592653337	7.12459532053478	-2.55998979997299	-13.0029265080688	2.2495247591048	1.22041373867026	4.64942490714833	-1.66235566173969	-0.684453967336087	2.29071865382286	-1.14211786141278	1.00248619261769	0.127021519829835	4.45066674661106
-0.0534111646745199	1.22881711214195	8.21558756983125	7.13732829210576	-7.31533644291903	-2.99269143836532	-0.722936571495779	4.91204240740553	4.59772023400637	-6.77885514401588	4.2508696415587	0.0981462689182777	-0.805186046919564	-0.152888718245737	-6.86089677815969	-0.315367530130166	-3.47552354016295	-7.13007038348239	7.82311523683155
1.42760947305809	5.03517588415885	10.7831337295104	10.4179438803043	-9.1510946693879	-0.0363707864136877	-2.34564574491777	9.6751723557666	10.0664573734701	-9.71354477065887	5.81850817662234	-4.67285348906203	-0.346980218490786	1.49599505558411	-11.470593086829	-1.41407018868867	-6.45499659477906	-8.30700809807182	8.96730039394082
-1.11245893583008	-2.81660113317384	-11.2548872365059	-10.1728261242061	11.3820622754044	5.39135281645402	0.629688047207956	-8.62271084046356	-2.68371163118665	9.57010251966276	-6.99181412382124	-0.881009079326325	1.91829158968052	-1.50941926520315	9.83753227934208	-0.814970848210116	8.41906240026323	10.6815402077869	-12.0210149530678
0.507972269056667	0.564898791049618	-7.02411947542589	-3.36284537597797	6.55785036949413	4.70082818229528	-0.940526947057225	-5.77220115727826	-3.25658611379277	4.76206856272475	-4.37510654463552	1.62105677124155	-0.900385997923569	-0.486414986332986	5.97724413811258	3.00796798424448	4.21899004393335	6.50842458003037	-8.24543600754993
-1.8186113512522	-2.06354142345879	-1.72362016341981	-2.94899070812795	1.11109724236312	-0.780373124134584	2.26872171615494	-2.30078491561011	-3.17422968663882	1.31704739953588	-0.152670919839995	-1.40919223420166	1.36111304195809	-0.583148530596116	1.96094874360858	-0.656282367843417	0.949899353555893	-4.16605293250356	0.942546177139615
0.445727806985689	2.57159138305423	1.33282883377605	4.20684433965412	-0.690513547324707	3.63680768923096	-2.55509993560404	1.23578382539661	5.00263968134358	-1.57367998715153	-0.0203965416130076	-1.52977880945314	-0.00498921273568165	0.481890540563215	-1.28222518185102	0.549453119570086	-0.246698384423206	0.174778887064288	-1.22601648937762
