-2.367891283435	4.39022246458127	4.15215275831182	2.27237954990692	-3.36788430879566	-10.0200873228117	4.3700899054325	0.621249471518983	0.961475795694589	-4.19964036686	1.93072694342415	-0.0541932137517978	2.15107142242478	0.235174753274028	-6.22322723216197	-5.98935083121564	-4.04724692356901	1.27260644167957	6.83617913011
-4.71452525473157	-1.79346718153446	-0.234932495959866	-0.196502033349809	-0.0592210620282376	-2.11993028918192	2.10735893067844	-3.16593431775065	-0.912570507605205	-0.0373507310333929	1.93341494605617	-0.269896075708409	2.04626685658236	-0.388452641198339	0.902894307477769	-1.41650137426316	-2.31747272589456	0.501795682235267	1.29682566772636
4.73045066888825	6.13600401576113	3.59675357500879	4.75591820441048	-3.15848177911632	-6.22752315927399	-1.45793733833344	6.23092961404674	0.559365576188354	-0.988665966987014	-1.4730940445243	1.04919596815367	2.41999289877473	1.08024924008671	-5.7823748621463	-4.71244806733586	-0.688417926780883	2.07543740116242	1.02436946053673
-5.88867891546996	-1.68764161965076	-1.21529943695683	-0.612928747235857	1.36118990679676	-0.799354824342471	1.16825783093974	-2.24392676403618	1.06347045486883	0.672583040587638	1.68426681161298	1.92924351939949	0.937767884260349	-1.18902856834996	1.87889056599495	-1.00437134690571	-1.7971732126085	0.324047904250875	0.00527175193599483
1.78894321133232	1.90965175010948	1.57033768750692	3.11508009154951	-2.09333641833126	-2.6662749654085	-1.18362900621953	2.64417034313657	-0.829382913914445	0.353105139322835	-0.201070353458005	-0.147694932602334	3.55971899204565	0.766887309341727	-2.04916917231455	-3.32847509439187	-1.11814774768604	2.63165833310249	-0.676747960098382
-1.45947387586343	-0.630344042924824	-1.11397064660404	-0.0713212918067	0.331937393919828	-1.5590769197934	0.412826498804687	-1.83024318184522	-0.889486321866629	1.57771383768357	-0.0688554522441234	-0.210077206035674	0.571559368657919	0.465126962003864	1.13891340359695	0.0503170650439001	-0.359233862951804	-1.34340644261941	-0.0660289236194334
4.44606440661779	-0.0994518160999611	0.00306723699716827	0.244154976801862	1.15284452798471	5.06492384283286	-3.74191228931309	4.13649211752223	-0.880072395879931	0.578399934945918	-1.72134736548161	1.36619261243171	-2.28064268886715	-0.401385853123555	1.05777016844216	3.04644564450894	3.1901045612536	-0.55233136793454	-3.61334329935284
-1.52438989121004	7.77639292760044	6.31541257325715	1.99054889790037	-10.1677520518135	-22.1532542648401	14.2863193765883	-11.0647447740943	1.87750346444897	-8.30633619681824	3.10374610585212	-11.1786298186113	6.20583042792815	5.09113873213938	-12.7313143885371	-12.1466803444996	-8.85862673430917	2.83214850252197	18.3970026223615
-0.275339139190045	1.4677441214296	2.85096819134642	2.63670966267031	-3.35803047833301	-7.89742210242065	2.8985306885408	-1.69767906378772	-4.13367793004247	-1.75459590129554	1.24099967934003	-2.5669113482047	3.18220613188471	1.61976088937328	-3.04679754858163	-3.40514704951831	-2.39368945226002	-0.0871627589590853	4.17016116491635
-10.3442956453977	-1.65252434808362	0.553797167764568	-1.39449621607849	-3.34524682632827	-9.06282148140222	9.63237276854449	-10.7832848777212	1.30773734884102	-3.40798254408943	5.56083139524573	-4.82376415139152	5.40684947930985	1.0852141614195	-1.48161853557621	-6.994385882578	-7.4010677307657	3.04219336895399	8.93616540211968
-0.381371283701764	-3.87829086275536	-3.41243831131425	-3.7149296340343	3.34445943298721	7.02739558816931	-0.937568038032893	-3.4076854217518	0.198160061348069	1.72760380182479	-0.84776618141156	-0.28172331998119	-3.913955090298	-0.612679323983329	4.90933849779255	5.67746541099278	2.85872398559794	-2.69233088602934	-2.71293159367646
-1.79720269985792	-1.70506960243296	-1.2031771368217	-0.0870708800907187	-0.274347903139103	-0.40662611950121	0.869195835100108	-3.92105574836323	-0.654869916285758	1.41791212359241	0.402758788068073	-1.95125741722381	2.42998336605903	0.575905623083328	1.37571435461074	-0.679661071427009	-1.22808720207647	1.00548751989209	-0.379977414997224
-9.65133194324702	-0.0377710257688273	0.349126060491188	-1.04460319201951	-2.78823292138063	-10.4905386577062	9.101518627925	-9.54431111664024	1.95654043616174	-2.86965964849408	4.61186104329522	-3.33257389340927	3.83487766753297	1.2554106820899	-1.81814068874057	-6.59291887413997	-6.40774337875571	1.21611589504935	9.00015908465678
5.36046042473785	8.00582106339671	7.51403621559909	3.19494141550001	-5.45587559822478	-10.1256145023048	4.02285925764188	3.80301086289039	0.50531609640316	-8.09028551676663	0.175823936481805	-1.9229589586183	-0.916023644002329	1.25268277859762	-10.44005141933	-5.00875357690452	-1.55341756422077	0.957353928244635	8.98826873152191
14.0696234928471	14.2143174227421	11.6558855428915	7.49321085949573	-8.80281437027818	-13.7395632579969	1.64082776124263	10.7302657608622	0.106585943624635	-10.0510129308755	-2.41830573957416	-2.24188912054951	-0.472297097069895	2.70128264822178	-16.5366268429756	-7.47356323338814	-0.221864231232644	2.41592823285927	9.56076260297881
-9.53633165583906	-13.298610663006	-10.8573292531911	-5.81779093018074	9.54222180621386	18.7573990176677	-6.64442002622996	-4.08124408243971	0.163275495609224	10.5710459244489	0.679862679910757	4.92543175010244	-0.200495385121078	-3.70450801213778	16.4973115294202	8.59299733277726	2.60499436861665	-0.609899648535414	-14.3410324378073
-5.14902582650397	-7.14950203461191	-4.91951460442715	-3.80789724808294	6.01165948070684	10.6977568358347	-3.33615238499761	-1.82288782166767	-0.327779436999466	3.94680514855747	0.320612248959633	3.65390244953203	-2.7580461860172	-2.99519481255403	8.49728607943045	6.45629731205753	2.26504539531643	-1.84099196175685	-6.91336276911167
-5.37427006486319	-0.417298130201571	-0.602525255387215	0.212808910392265	0.164235388304284	-5.37163256165567	2.63532481591525	-3.394315954022	-0.880959613451385	0.573643300629308	1.53723160713659	0.78453442513271	1.04782604805362	0.171396311020949	0.783366160632275	-1.70538580644602	-2.01137522127221	-1.78898476240046	2.3303216192804
5.62387873894929	0.838852162261178	0.673407542787833	0.556740015112024	0.353093322841294	4.09277905207782	-3.34332911367751	4.26542412241255	-0.701873149141494	0.00678758063930651	-1.99117812597683	0.519313884264883	-2.03868359419536	-0.0133847722953251	-0.231152598815033	2.48464288770131	2.99405719898735	-0.22815700897429	-2.72969501054732
