-3.94769208813049	2.89963900005864	4.09521319412582	1.93799545088581	0.590890998735944	-0.2136952383796	-1.57277843172541	1.90376251599082	-0.839349276952252	2.01660485911844	-3.17221175777739	-3.25665774514076	1.27964407471748	2.79204175454262	-1.21173780595665	1.24501873220682	0.360850939516524	1.06950382818435	-2.00401193608471
5.7628244058827	-3.95187030668518	-10.2281676668427	-6.6843026176673	0.580508829809318	0.197307348106762	3.63458888566296	0.755820047631147	-0.292809980027418	0.0685155011714933	6.4677617399157	2.86526251232772	-2.81512391347638	-4.82613337080565	2.94813158929581	-3.43842425518039	-7.08822026525434	1.70775266859389	4.02580377600195
-11.7973183140075	12.0006395257274	7.09161271199645	3.45083510752008	2.37689999930976	3.72649330607102	2.8277287995672	1.51782571333619	-2.85125209941378	0.617272835476282	-5.05959065523854	-16.5764339396116	-5.12542147939536	8.39536429862602	2.76336224462069	-1.55782643201668	-7.05866427509847	0.125924948768208	0.591013049128392
4.08175902201048	-1.56389113893709	-7.96968543275629	-6.69215497226811	0.730280710852149	1.07209655833631	3.01975605351461	0.474623472061488	-0.0198263986227438	-0.203128662818264	4.11459023452464	2.29854752164788	-1.66917978136938	-4.0119137420718	2.04179910158867	-1.34583601932196	-5.16821809440319	1.07718330259287	3.07063146167319
-6.83764018175132	8.71536928323209	-0.624681035721196	-3.01403276066107	1.86678980697591	4.38692180078582	5.89643923470206	0.470602395637757	-2.54232466743073	-0.438742528245376	-0.906092614370255	-12.1450879395043	-5.53187210483116	4.09865695161955	4.75688894291954	-2.71412648311988	-10.4121949539159	-1.00643454609589	3.96828605210605
4.91027227843722	-3.11848941688329	-8.65987158179573	-6.03472713999176	0.614336240678711	0.124649045374078	2.71588236733242	0.883670767560936	-0.186198751900239	0.181343912295079	5.29547069268651	2.76316424583203	-2.1701162445845	-4.23526955194158	2.10415919512564	-2.26458545564854	-5.38550453819042	2.02973327555694	3.0377022183923
-0.0599343030807009	-1.89068375762254	5.24937567831648	4.81813248988441	-1.5740077674034	-2.20747256656782	-3.86474314758976	-0.326644702311803	0.981190979372131	0.124092787484844	-2.73509848750579	3.33082380642889	2.76504965478289	1.30664200358475	-2.94733990422319	2.19478343648174	6.90709311443518	-0.0142209955965491	-3.26240484801081
-1.83762204330112	7.35642480167275	-10.9532787321512	-10.0046659688254	5.85823399042909	6.97053382672347	9.0897579604143	-0.518951451556337	-1.98045714329444	-1.15942357365102	6.37548792458409	-11.475048665975	-5.35782588898199	-2.9257087049675	6.80258566252994	-4.6244938257727	-14.4736802779766	-1.35310541126371	7.28986940149776
-3.59087665180326	2.35580417566466	2.41016491275968	0.838285577469847	0.555371282975514	-0.535365106143843	-0.508018065258568	2.50225817585998	-1.47267752366337	2.38248920240255	-1.74379075209031	-3.9281981326924	-0.627116261821357	2.79746198172616	-0.134287564769387	-0.00896870812138673	-2.08563332467739	2.1010633825806	-0.962863531931824
-6.84594168288919	13.744052566496	-8.26588863065369	-8.9973632012226	6.81237242314051	10.1303637344552	11.5835064337109	-1.93308667010886	-2.63777510857554	-3.06864899704452	4.24378939795384	-19.1105747806783	-8.16695510757754	0.351261070373246	8.7626182459138	-5.16538233322621	-17.0376280260731	-3.32369010178281	8.59293165974359
0.561731584978661	-1.55880270992565	5.47646978304945	4.0913839200657	-3.10787590842857	-0.882831607121002	-2.80704006681403	-2.50187327187304	1.89701629769431	-2.01189133553771	-4.35149109974166	5.28853443415808	3.77446522120808	1.03102679474638	-2.57601267240688	2.88401435921363	7.57755640451897	-3.46419975732072	-2.30863201114674
3.45699874139765	2.13268625217675	-11.8173583856603	-8.75630861484135	4.57190884223738	4.68316192247784	5.3492487827215	-0.225814929845431	0.0819704520181919	-1.17297246077279	6.50966833247058	-2.86706469894784	-2.06020893616378	-6.24160184909016	3.6470215987572	-2.90201657635593	-9.04238998525551	0.224658197738623	4.76571472204867
1.86015931389566	1.04787996282871	-11.409700353822	-10.1158892052776	4.1829693782073	2.86437755454889	6.07408600695069	-0.220969830163828	-1.79072631977949	0.0357064374428298	8.42683667099406	-4.42996805356134	-3.93339862162899	-4.73676067539322	4.52876314345012	-3.02536978462926	-8.72324066732692	0.741156954411739	5.43179205717946
5.45434512614522	-4.63475905033734	-3.70646969701079	-1.16866267507467	-0.172188616413663	-0.622454596246115	-0.695164260768763	-1.63632582161869	1.69693424275014	-1.27810366052717	3.00128394648517	6.27432720766168	1.97418178257803	-4.40147035703843	-0.786480227188726	0.150275021007282	3.04338334075905	-0.866886259052421	0.21911433915637
-0.297519879588921	-1.25635950313493	4.89997326645561	4.21955489251321	-1.38562988375705	-1.66212877277797	-3.31316421602197	-0.509794170098635	0.941512780833686	-0.0804854292701593	-2.75198652225792	2.7769637961923	2.63892788097318	1.24982198660508	-2.59706303328092	2.14167349485624	6.23480216610272	-0.429390169196582	-2.85147002536728
0.198264803523189	0.685224754882679	-2.94588068933707	-1.74400747791472	1.03353756656751	1.17880590063024	1.98095440958248	0.13359493983919	-0.441701363923312	-0.105028409134707	1.74029922701826	-2.13125513266097	-1.34276431066795	-0.851819623246081	1.64470491653937	-1.89983019212356	-4.09886968261164	-0.172036875022956	1.73657086277998
3.54808142891027	-5.66180348075574	2.7457829313914	3.29040414419055	-3.59155647074853	-3.09556336143253	-3.75056995268152	-0.689329521435546	1.69329034725277	-0.270562693325763	-2.30681337665153	8.76781517243293	3.79560142447207	-0.737221697206479	-3.02859393841524	1.73933550209811	6.34618167048913	-1.08657110993724	-2.56504997178061
3.94463540444434	-2.35682736738445	-6.51233078124946	-4.74750498239952	0.877591701348194	1.13642556227262	2.13489718127131	-0.397305424595991	0.47115872441772	-0.0632823700433072	3.35801322429835	2.85241427054544	1.52397769676998	-4.3374466592723	1.29665016256067	-1.41120996998194	-3.5537418738935	-1.57460042605088	2.39601306817339
-0.331334327758583	-1.31107080440534	5.13709451368514	4.50100044183637	-1.34342964051651	-1.80482017963726	-3.6137996380057	-0.414364418486517	0.969838788415092	0.0123006950559796	-2.83551586912032	2.84389878080717	2.77827800516128	1.28339785029528	-2.8201105353488	2.26838488760772	6.61233957166853	-0.21898026576441	-3.11922187767381
