-1.58491923462027	-1.70432136747897	0.297533232727395	0.506304357500891	-1.94016751609328	-0.38900589545297	-0.634191504627679	2.65961577325937	-2.29850985622605	2.62419473609562	-1.84091816164373	-1.07559764526258	1.40340609715394	0.747724033808366	-0.189109237837608	-1.1244504579295	-0.33326259092177	2.51543174357483	0.279488480929743
1.60901126604783	-1.23717205284475	-0.263483054147454	0.223056494684028	-3.54629704485975	0.251427238532963	1.80886026276197	0.437839890917704	-0.529582628189367	-0.95245826847036	1.07651018677608	1.30343939782156	-0.293522035920179	-1.21274908610264	1.69298503879754	-0.888002883342098	-3.77689158029291	-1.40321380107603	1.52184108580853
-0.938360837424868	-7.43966547803291	1.29033598218338	2.75949075897635	-13.617967999818	1.28736208052615	3.73395078775746	4.50653617024367	-10.3781543502393	3.10041629731345	1.14590179493102	3.12986806206058	-1.2324879257879	-1.16625494593454	4.56776182009594	-4.07849879499201	-7.49588206784526	0.177304947147729	5.0728132389477
1.75126438255607	-1.19489947956925	-0.480982568928203	0.0133756114558468	-3.56640846352612	0.308883957934435	2.04841227271823	0.34234476920339	-0.500775418496762	-1.08368826012916	1.71511988729949	1.49796071868579	-0.532796446690458	-1.12959374697225	1.81901790370208	-1.18524741960399	-4.49684929081949	-1.67410181333187	1.63738978970261
0.196059025679464	-7.06492404465243	0.79122659935558	2.63159437746049	-14.6293879727775	0.784814387291901	4.58469657361837	3.86788700454207	-8.9316278788597	1.77756969124829	2.49193964625975	3.49703915750003	-1.69468538007864	-2.23635379646792	5.21924286511842	-3.65023661231475	-8.24390104450471	-1.35635948267769	5.49593083872399
1.46785422044912	-0.920518922704952	-0.899791222580059	0.237457530821184	-4.38278119918228	-0.66112625984373	2.21212945376974	0.754643035009412	0.185189381705852	-0.86326483610086	1.74023843801598	0.85587255766563	-0.780732432152722	-1.30478710623873	2.06045832967083	-1.14123248119267	-4.43257734431966	-1.79882069437285	1.88863011155207
-0.773186300962755	2.86963042223572	0.154690207014247	-0.427781497432682	5.64467324345836	-0.535181150087265	-2.3501458416879	-1.09829868338369	3.21368934648951	-0.00679654458424117	-1.45775700691094	-1.59640006459383	0.239611431856326	0.8447254409282	-2.39132371708316	1.84441229461915	4.82591895886233	1.24310596834524	-2.37123331342936
0.959759054544192	-6.54317193922972	0.0678979702282868	0.93804468264363	-11.8321013993613	1.17078141629602	4.9584304061404	2.17623009567892	-7.88429412306336	0.484977615526345	3.1675409948852	3.15304108834518	-0.706830926113433	-1.1381444510737	5.17347570951324	-3.92810298714201	-8.93769185520589	-2.16120381755459	5.24457673730765
-0.899164210722694	-2.95275411346851	0.442825850341065	0.297177598876605	-3.34312679798154	0.379934316181169	0.261841952475704	2.40813176822738	-3.70563150023927	2.08552621437998	-1.17957935331928	-0.156599333837286	1.58914173502486	0.530026627433126	0.630759200661925	-1.70362309130998	-1.96688003188691	1.89670548459205	1.03478742462426
1.20024343947038	-8.27527042493632	0.689156473399136	2.11958862751643	-16.0342173452541	1.83733650667885	6.64195417187002	2.18269671262053	-10.7726080020449	0.2061849082456	4.65870749776395	5.07479357565498	-2.75386040668909	-2.09740357016921	7.02335324985042	-4.54080922992621	-10.6311426764756	-3.53101806514362	7.0345407363714
-0.453021941669567	4.4856731593576	0.333346631753238	-0.23181554167619	8.34018987508027	-0.246183848500883	-2.39979912957046	-3.15786944930041	4.60682888444087	-1.49179093843753	-3.058280861847	-1.67501123321003	-0.626895554158812	1.17993648328447	-2.39570533017431	2.80436376695441	6.29107559693589	0.151680430427336	-2.75975372991507
1.22013277447083	-1.92786910806034	-0.303163237458973	0.912850409181012	-5.8014747124268	-0.108780485269242	2.50988219022259	1.28957924389451	-1.61424248934263	-0.355195283031439	0.988862428571194	1.39443456115773	-1.05730030739367	-1.27289942250441	2.59066225649206	-1.60539311638148	-4.98337141399393	-1.43873462845888	2.48559021335134
-0.00754619515406352	-3.17434777300848	-1.15916404304757	-1.03183747536241	-5.1537680814112	-0.595853795743889	2.69617051618036	0.514136738817892	-3.26040757355069	0.0598745384638314	3.48794895703032	0.209570275245372	-0.352768961663324	0.523440259657622	2.51311345827076	-2.65334602811718	-4.35907952832066	-1.07151092912661	2.68549548021284
0.812567335911615	3.60706193304354	-0.560663825664424	-0.873573940640284	5.33900672110222	-0.666990239747925	-1.25726067262062	-2.37881478892943	5.05615984781703	-1.90654366179844	0.38854123844934	-0.800620886255238	-0.144195566219549	-0.281274077369137	-1.67678754389611	2.33588068885712	3.38762792941936	-1.11980822653513	-2.0413419410183
-0.662191225493763	2.65770947609758	0.137119569433352	-0.45792010586779	5.26531393661155	-0.430636054508274	-2.18725143925157	-1.03160725104463	2.97591874030317	-0.0289466570481527	-1.12080461149724	-1.3773086353488	0.191898413816228	0.752618407525026	-2.26297418952815	1.68882518212052	4.3940135384352	1.13216300806377	-2.23604583191498
0.238110193436329	-1.34350375119404	-0.254671910173089	-0.0581351727139039	-2.37394898434946	0.1038162899902	1.01470892891499	0.694721933394345	-1.47421737369098	0.133892312083298	0.572010687241177	0.410776116557361	-0.297660297617701	0.0621310700834861	1.00332552772845	-1.38841816168944	-2.66384170545075	-0.0709116038038991	1.08982894730112
0.233441881632833	4.71405068589537	-0.725669294595331	-1.6074809480091	9.04651044526786	-0.370551710628169	-2.78671868379257	-2.46705680349875	5.95780209244622	-1.47614332930286	-1.51950082243463	-1.83400552112268	0.623373460301337	1.07527333246123	-3.27481822263304	2.04557720418431	3.9895718402224	0.447111205564904	-3.51787040596998
0.664896455860885	-0.181489936699204	-0.728460613837993	-0.696775612019582	-0.274958730436062	-0.117714884698094	0.515447266662431	0.112943220651651	0.625986022827075	-0.333882625104994	0.408434069162879	-0.109472771358323	1.31687491138053	-0.172990212509257	0.308481980154394	-0.343454868522612	-1.92159880101757	-0.714082162177483	0.181227832527087
-0.641097783680565	2.71544660178665	0.139786572404719	-0.48488971017673	5.46969686493681	-0.35577412257569	-2.18934434066954	-1.1695075137697	3.00453906079681	-0.101633718373374	-1.22154693137789	-1.35993238324743	0.299700829309153	0.775306541131682	-2.26949506175642	1.76200718877048	4.43256911280074	1.01582017815949	-2.27691703108376
