0.171324744399093	-1.65754852209925	2.15564986607317	-4.59992740551365	-1.29094073065961	-5.13274656035046	2.25026829196831	0.0912681225266641	-1.34885387216888	2.47966000716376	1.87203499546561	-2.71228789213849	-2.98443317937295	-0.0324361574232392	-1.54696111210666	-1.53890000354206	-1.17456462022255	1.35830426440635	3.37639802396146
0.647848129098147	-1.87935553438362	1.72134598389403	-3.06051783644154	-0.91174124523528	-3.31612155517485	1.96972435215292	-0.206105205861815	-0.803269905527011	1.54170557576801	1.83437373304085	-1.97921716468816	-3.18403217505494	1.13065359400994	-1.5210778319381	-0.511837995729493	-2.97462552070508	0.259536431431184	3.13204619774658
-5.03330634182614	-1.72598818127696	-3.06233951689575	2.10838453734361	2.67483410971905	-0.467166485898533	-2.91838081121605	-4.49574523923825	-3.28083733979795	2.39162812669306	-0.802586743318924	0.857344589973133	9.59747636636371	1.51203375193696	3.81874629733047	-2.73104070016024	2.81753094467794	1.77767994905289	-6.06875684427237
-0.762539665388187	-0.506298032967351	0.428121973782158	-1.6097172562691	0.365513054687202	-1.0455046530128	0.488488424077848	-0.483532129163329	-1.66002246818183	0.916689959304492	0.100436899147742	-1.30429126837113	0.391071365380675	-0.60651528167264	0.501002221994659	-1.16135190266443	0.317650888855372	0.365736787296917	0.484658224641388
-5.69883015113702	-2.1444396838222	-2.72089054325676	1.9525498284708	1.74209928564802	-2.27985419044264	-2.33552009762801	-5.83024332909755	-3.45483809046522	2.4248613974952	-1.07641676450386	1.76965544006903	11.1830810610225	1.09842080280001	4.76497008425448	-3.22689723235944	3.41250348317548	0.234221669353945	-6.0513456028978
-1.37857562546685	-1.01783795444992	0.498727324630979	-0.779199430127533	-1.25940058875926	-4.65479174752035	0.40020003377332	-1.18938082004954	1.53555022908646	1.34884939837458	-0.465645224621933	0.541135003615242	1.55179089584835	-0.458772560497196	0.590901470994933	-0.533330950955609	0.849293914325516	0.349292496417895	-0.365809508626697
-0.208822012349012	1.9205089994196	-2.23417510754069	4.44068290290164	1.08404264785606	4.44010465612289	-2.57082909166433	0.539134339918998	1.97115899761863	-2.0166306986636	-1.93450607952159	2.68318580192916	2.99248097415525	-0.23137539069412	1.06989665551014	1.47945616885657	1.86580614942294	-0.330237351255018	-3.72025589437621
7.72074238323466	-5.32926551998775	12.2840764853455	-19.5920146311694	-7.68408646574375	-17.2249560763737	12.4246104607629	2.92732124036926	-5.03857206044012	6.14712821011624	10.3688393830808	-10.1610272988306	-22.5697595009653	1.22867353594688	-10.3214523010006	-3.68685895824639	-9.59976300764287	1.09046501242112	20.5729779997761
0.682412627008892	-1.372534932354	2.31944239597111	-5.01664532004376	-0.175247874925517	-2.22045795088161	1.98790833549117	-0.994549078334613	-6.66543855194607	2.52749873228749	2.85901957245453	-2.64428006801302	-1.23221317592036	0.444403865775391	-1.78122984015274	-3.27338304083581	-1.1363564282307	-0.00293754106751285	3.16719314088897
2.000072207274	-3.54840255023494	5.24163208631815	-9.79820053072333	-2.80026609478554	-8.39501009023536	6.05447854756716	-0.422962805604342	-4.5659070571449	3.52717298790497	5.25135124428586	-5.68756681332348	-8.72211719108117	1.06137185186528	-2.98572349905509	-3.11303198907096	-4.07992840106105	0.440358770604289	9.2875376448711
4.20860617422789	2.70441676866542	1.39561600857386	0.22084615733292	-2.15103293459908	2.64628736019881	1.68913630575191	5.09966603127864	4.8999741783232	-3.51212801227397	-0.691433355291142	0.0240382978604692	-7.63628998317064	-2.21878396197285	-2.61199409213014	3.69285599811581	-1.60078569575681	-2.01978309329387	4.07649865252475
-0.664074784122832	-0.807425150802245	0.215284061973532	-1.96142895818566	0.973045667008299	-0.622164318562159	0.391602536990594	0.186129607387882	-1.42378337310802	1.26538137826874	0.511058450812286	-2.49435057333056	-0.988111751242719	-0.0339931878836734	0.00659083850481945	-0.905324089449654	-0.602077029795859	1.68060446123242	0.817364319933784
2.825702497271	-3.82180306945373	5.92975497065235	-10.8031673616526	-2.54070124244813	-8.87308225382883	6.46153433227742	0.503529628326956	-3.37874805522942	3.74246578587207	5.78910440680641	-7.02989246062074	-12.0727934538148	1.49841719506036	-3.80957660623099	-2.675798011661	-5.14535026325138	2.15389271934388	10.5696821219237
4.06802005449183	1.02102324106522	4.20456546320044	-6.02574760469452	-3.532761966794	-3.65621569776675	4.25496754817491	4.21118758892238	0.754213735256862	-0.110514189250594	1.92817354778602	-2.9954849744229	-9.6435972230208	-2.67960533782539	-3.93848840772873	0.197716277612867	-0.958925299316181	-0.329659644717001	7.61230600506253
2.25650260101695	1.2006581704088	1.0464822348653	-0.623362523992498	-1.7478004086454	-1.24201113070887	-0.24003577780112	1.57450892487238	0.440243615628946	0.365044399671277	1.19076958685638	1.35185968378807	-1.90853918271662	0.0814540438053752	-3.17442921285844	-0.116239240767424	1.09778735843563	1.09835858484879	0.492319089917555
-5.86113547485781	0.692640959119192	-5.86861299746244	8.10213678300573	4.87826050017193	7.25871692934792	-5.41313344179882	-4.42438548080415	-1.55125754296076	-1.55904941154369	-4.62022754694652	3.7507550616286	14.0452485024559	-0.0166762176827628	7.1742198374068	-0.408300417704437	4.17185670990344	-1.43695862032388	-10.1345537489077
1.96380284582151	1.46476837098722	-1.93385487872835	5.16664881699205	0.599141695824922	6.71802230210976	-1.49089361492678	2.23850574612335	3.89556517116766	-3.65097403658291	-1.45960206457243	2.15882964716321	-1.31798470222243	1.09770492850093	-0.866453805051685	4.23527236924299	-3.4736303363028	-2.53664265573057	-1.10290839506513
0.459017766370508	-2.08572315756603	2.04454156778975	-3.83295227274743	-1.62419695412438	-3.11441510465473	3.15885223702444	-1.26862570524259	-3.50749394796979	1.1126508741696	2.21676937694447	-1.86282855142429	-1.8722004964629	0.624492662909318	-0.760372010749911	-1.40533707816454	-3.04637732279943	-2.69572619129679	4.24901098897553
-0.10054328086765	1.85632146201278	-1.90629233871355	4.06238133568248	0.609516361850004	3.57043257856809	-2.25445580095956	0.615370011404179	2.24757577718222	-1.85501122406207	-1.86422247533806	2.73642503743659	2.7351701138274	-0.409534621415362	0.842305234518197	1.47126012586773	1.87905044265212	-0.448163996158341	-3.32378084342449
