-10.8132582559169	-2.08507834134602	4.03975401147712	2.75196877334801	-1.03824430369242	1.62591075226984	-0.404056252331452	3.73433352112399	5.16958609560164	3.1702089472145	-2.93951116375254	-0.385351858464417	1.50569756834126	-0.106792962140932	-1.02790737998875	-1.16538224749831	2.97086920317513	3.01561097865443	-3.84079965979708
3.46529783627739	0.0660609304633164	-1.53183564461	-2.78356097432955	-2.26945373023715	-0.0713954456840682	3.9793617960577	-2.34586122073315	-3.37971290869683	-5.18752851275299	1.36097511212119	-1.99628282884928	0.845269976780461	1.89088909399952	4.04823206079369	-4.18901211578013	-8.20209147038013	-1.00997827052673	4.22099331548408
-16.1969964663121	-5.63642276565011	0.375705669601475	7.06704129181907	-4.16904723619616	3.19184127637585	2.64030672771147	7.07860373172559	9.2950440750953	10.1695340700113	3.86717844615875	0.159379321869894	-7.50965913310321	-4.31429677271234	0.820830649356285	-9.1470873453402	-1.41611045888801	3.52346682023435	-2.61065557940633
3.54721989898001	0.439201995019272	-0.964436948856874	-2.76644761771114	-1.65872129683914	-0.0990538322423635	3.33704100918287	-2.37558393846549	-3.38912858343358	-5.10547605610842	0.838789226247719	-1.76926578157953	1.08805541341096	2.0529622493306	3.49451601836543	-3.26254065312797	-7.32316085531089	-0.854501169802411	3.70022378172967
-11.1388292622462	-4.63304542335309	-0.249481732783842	3.07058512083016	-5.49970582520768	2.31730872930981	5.69652850827017	3.03847491913936	4.53860670894035	3.5382452060171	3.68200101807807	-1.69158366999157	-5.9638345538312	-0.694530508641743	4.35834332890075	-10.1514880451463	-7.3986288144296	1.56824155128021	1.5964050219132
3.40213298920199	0.271520852745509	-1.31592767485679	-2.36664208140056	-1.59023978024334	-0.213196260143633	2.96916584020277	-2.02069678656652	-2.81659851959767	-4.23886080689293	0.996611880071191	-1.59120894032334	0.668058486077367	1.73429525218669	3.09169602540919	-3.01871696561083	-6.65637156475222	-0.691145979218847	3.40041640075231
2.1906828434651	1.40196492990975	0.507801525352553	0.42779951382497	2.64134726855927	-0.883691177629249	-3.77732867018732	0.107408427297244	0.549899993398184	1.47577434777764	-2.15224910017095	1.58007803015328	1.06834349352059	-0.393627839247378	-3.35347700193176	5.63939419376884	6.44022247945213	-0.0230050716472694	-2.40476591452004
-5.34935330136249	-3.4852407711216	-1.78174665446806	-0.101807322310559	-5.22823768282081	1.74723350595789	7.75031946041689	0.327767300426015	-0.589896351906775	-0.971635582005943	6.69209542213323	-3.21022899780735	-3.67811533740673	-0.0770765238755025	6.68809821869407	-12.4319315243319	-12.6107239667926	0.356584681509141	4.82231678981626
-6.97468809326077	-1.4668340084907	1.90967062483941	2.51185310232344	-0.193848168034284	1.71923236188833	-0.17250559871683	3.57357026562917	3.02068318073639	3.36458040242062	0.364326099190501	0.0539966235183575	1.15239470319868	-2.49051344248124	-0.82281946459878	-2.81766653742307	1.08319010258798	2.07007501236881	-2.70941051160841
-9.69682047039255	-5.23760650540599	-1.85597873391049	1.82706412353438	-7.27091573751342	2.35044261932764	9.29760266252636	0.982837486694789	2.23230760627049	1.54137958869723	7.59323819805732	-2.9210094937427	-9.1934874408694	0.252869269091771	7.80940022111329	-14.3689512794923	-13.3362286538323	0.443711472793417	5.28947157126039
3.76896692777541	1.99683004357609	1.02054815274588	-1.011209297488	1.86315329750298	-1.72691249771709	-3.4641220534732	-2.02464251913703	-0.195348258426693	-0.995760278714152	-5.42867257301986	1.57029768604544	0.437441586853094	2.90262978461963	-2.58872034477665	8.45361465576146	6.34701555084938	-1.4537937591416	-1.17573024825275
0.449260906008874	-0.690806398738955	-0.782048867591338	-1.73982189436954	-2.83557382323058	0.430867814614741	4.31416535254301	-1.46085580232719	-1.65611171379066	-3.90641913180815	1.43076524249045	-2.10964565489613	-0.60970846892377	1.9902714987834	4.14485124287551	-5.29715527338893	-8.46802895330234	0.00569788086395029	3.62604848899722
4.10877777444045	-0.861819770529063	-4.17434976055823	-2.58144705866697	-1.60856893942964	-0.278820964129227	4.71252324210968	-2.08706094099654	-5.5025697954192	-2.49949296217012	8.07906187858359	-2.4046615215055	-0.389236982887393	-1.2805971771887	4.42073640964143	-7.62544752581268	-9.05726385655491	-1.89895529655323	5.1472538016739
11.5992661917155	3.05640668105353	-2.80524682591503	-3.12648569502871	2.48951582137498	-1.66884827900782	-1.41486843931967	-3.46391112667479	-5.6005047627484	-4.079467745622	0.832040159648554	0.842566614708564	2.42129110503321	-0.442180631802253	-0.572886964063127	3.87254869778246	0.582687119762671	-2.96537905242834	2.20354852607083
2.08206525548246	1.25495461156263	0.348430961381781	0.42313612248612	2.38847166295566	-0.80448724829582	-3.41040662471189	0.0981647311871472	0.500172187841499	1.39324671679813	-1.80286130084674	1.45982611997281	0.858591282917406	-0.459326804592888	-3.03531383431873	5.06160990795302	5.85374542338876	-0.0485822153286111	-2.13998266870515
-1.22469239632021	-0.64341239846738	-0.407048261212469	0.575109627228783	-0.726367809737061	0.692597958609595	1.06968005159024	0.764730458219597	0.341477564775108	0.419791297772319	1.55516288289263	-0.281094441775069	-0.632346299702046	-1.17783595998003	0.764522333079777	-2.77145263141035	-2.11909452937036	0.42256985562274	0.313027475020859
7.82737215050572	3.0584344242949	-0.370086651196633	-1.94312496475909	3.25547106199727	-1.51596570439328	-3.62924217131128	-1.9997278844796	-2.90282313268139	-2.27739084700089	-2.69305831436117	1.2452789268613	3.00930973730703	0.4538246171362	-2.73772984576628	6.30559691309411	3.57227392337838	-1.20326383079446	-0.754057500174691
3.6656127091515	0.85403411486367	-0.726572291099347	-2.25989603896731	-0.127115079922293	-0.0656298815241794	1.35360219248129	-1.23225168010057	-3.5379448724825	-3.65440852819797	0.340025314288774	-0.842717348881846	3.74928405604422	0.0272858997940746	1.55294221830913	-1.32018916756719	-3.3700854821209	-1.30049220507041	1.88420858510635
1.24263675481443	1.21513946610471	1.00987059125195	0.435784716385001	2.29504344852728	-0.740972034755651	-3.45900704383279	0.0811102007538393	0.834166001663756	1.1731843296922	-2.56966684050721	1.39776307403907	1.06076198274187	0.0337805466401919	-3.0706250117225	5.44018634769318	6.29460328788034	0.125796048380756	-2.42003455840562
