161,70,38,174,79,279,336,164,118,294,232,240,93,180,65,121,199,181,351
202,46,48,116,32,239,305,197,87,288,291,300,94,242,226,86,187,88,352
18,97,75,297,20,339,285,107,244,270,304,325,138,55,264,13,4,282,361
89,141,119,144,112,198,337,114,241,192,137,37,252,184,278,216,194,51,343
323,74,30,166,154,200,345,80,128,73,303,319,296,24,157,69,5,326,358
246,135,163,31,68,265,334,211,60,275,271,62,81,95,277,146,156,152,347
84,19,281,39,267,26,220,259,67,356,179,64,299,359,342,134,139,53,149
49,45,201,229,224,159,353,210,129,155,22,338,17,261,21,193,78,315,360
185,122,115,222,76,169,298,176,105,324,71,172,171,113,213,189,153,209,306
223,227,27,273,178,235,215,7,292,40,205,99,54,318,280,214,212,287,147
331,310,308,231,131,322,330,58,316,100,196,103,237,91,183,6,2,204,133
162,175,125,230,109,42,344,23,269,188,238,150,160,217,140,127,98,190,349
207,249,96,106,50,295,283,1,148,218,206,236,219,301,248,130,234,284,72
348,313,170,340,221,254,328,11,82,355,25,145,346,151,41,8,14,43,309
247,165,276,132,262,335,255,10,47,311,320,28,289,126,3,251,90,108,307
34,158,104,173,120,263,327,293,228,286,63,357,92,177,9,66,203,268,225
258,123,16,333,111,314,167,44,243,12,102,274,61,321,250,191,83,302,256
117,77,260,136,245,208,332,35,182,290,142,272,15,101,168,257,186,56,329
36,59,195,52,312,29,143,317,85,341,266,33,354,350,253,110,124,57,233
