-2.80587253389844	-2.10468131520148	-0.846561490776749	-0.11963770191169	-0.474902119074735	-1.1817104538271	1.57256406907261	0.0606400909517953	-1.39309814454751	0.653551291889111	0.405906781575682	-0.464578696396127	0.780261143142996	0.814648973349098	-0.679107827134227	-0.236429313502093	-1.093884603576	-1.05584122636479	1.34518681690376
-0.721371006457406	-3.30148927936352	-0.195491197494661	-0.27591619594187	-0.0289710335507603	-2.3748335899238	1.67798264554882	-0.694459752059848	-0.609695876164424	0.596583062631793	1.04334479192779	-0.392542095303071	0.651179583860938	-0.131257997697154	0.00749744278469384	-0.475787470429206	-1.0972132455555	-2.13187266526358	0.983658911421042
-2.51249323252652	-0.583861732240345	-2.76045289468505	0.467813126436528	1.50416630397755	-1.50186105052554	-2.50183701654541	0.192558957431746	0.937176129236567	5.22276912211016	-2.79502086450471	0.613070237281986	2.75655224329298	0.333906605998533	3.28950664593892	-0.533020168304316	3.98303686828054	-1.69497250775821	-4.72865136116376
-0.389302718857996	-0.0185963098409945	0.248557488472084	-3.27442301751332	-0.348615049344126	-1.1022478964073	0.628342575577157	-0.533937524109984	0.172314891531112	0.0138320499852165	0.844826352167058	-1.13900541645783	1.06891976496692	-0.00537571906252185	-0.0799764430607628	-0.250864870848293	-0.853678148709451	-1.25223515479704	0.966462130167047
-2.85752628460673	-1.52321112149916	-2.44192447045478	-0.460299089497283	0.744480613134208	-3.68590611178345	-0.615397568673926	-0.896585430169592	0.90805296072587	4.86170073619315	-1.09720287522109	0.109849051071695	3.00328669606204	-0.181795847477403	3.66219385067766	-0.961803183322609	2.31872177980887	-3.81362453474274	-3.22241366778584
-0.90264121768787	-0.987551920879378	-0.185249302222571	-0.053101791417405	0.24976221148439	-2.84921719736999	0.730935599422092	-0.00770048955568618	-0.0799440131736439	0.542906365844968	0.0837424969016723	-0.388319899680663	0.736292484719486	-0.019751222551328	-0.0289536790003236	-0.484951065436298	0.0826119660850445	-1.36393443896399	0.253621363953232
0.698727883423845	2.75489299857814	0.702138759663442	0.857595798133526	0.227564114583593	3.92909208549674	-3.22213460257957	1.23269072544835	0.222321883426744	-0.0481963645156938	-2.30668346942837	0.945407165690338	-0.351349236033199	0.0365226885876629	0.15425237617113	0.46453992053553	2.77182783111682	3.65690648841039	-2.25482135941168
1.55515450857972	-8.00862141499746	-0.878222757864998	-3.01858849577567	-4.07157240842662	-7.78993912481355	11.2672968446665	-4.94153434438861	-2.87559691056491	-1.86375590413306	7.82632376434041	-3.60743280130842	-0.094348859265338	1.98605659135995	-6.16851123886428	-2.53072787752098	-8.83466110176462	-7.68156794564038	11.2841137465691
-0.333963252091673	-3.23139498732357	-0.453016693473442	-0.656147728752183	-1.04487889249614	-2.36605292021304	2.76697348709125	-0.958581680972872	-3.65866274867493	0.976619879417072	0.548445734906816	-0.0541609378500999	1.31453521925916	0.416296325552731	-0.730240484922935	-1.52032267961878	-1.041874368235	-2.69869607007481	2.19219167226609
-1.06288669033897	-5.74681707948288	-1.08343336710827	-2.4473477715363	-0.543045320078965	-8.69100498645531	7.49311091033323	-2.70708164094312	-0.533118544775032	-1.26234804784363	5.27705431263638	-1.77741050600457	0.540108873838785	1.24948729806653	-1.43611206401519	-1.75119091017912	-4.60287893476055	-8.15537404170242	5.7673563609832
2.90421148833679	2.62640886266996	2.75960378406404	0.533552623085638	-1.46711113671813	4.65776617419733	-0.0703247452107979	0.649154895322109	-1.16258662891238	-4.35282587207596	-0.191384609572578	0.0821162602627819	-2.6694528456081	0.282129963608719	-3.4961966939795	0.710097954976843	-1.19071465611125	4.70244353400959	2.72684325587139
-0.947925457216543	-0.646621911685344	-0.66049346107065	-1.13545018062383	0.0390708650647326	-2.22339271165014	0.950495108869451	-1.28750596235939	0.5234982625482	0.992703948603603	1.08242111219505	-2.61774132957134	0.798461150218752	-0.148731220037197	1.12251465773544	0.24714088292454	-1.06059683676578	-2.10250670641189	0.226173050314982
-0.806994326250374	-5.47034594454665	-1.2209229497954	-1.84446227841057	-0.611372188732637	-7.78414368912392	7.17198369069909	-2.40695716463838	0.4100232095304	-0.578726272780874	5.45878011228707	-1.79654114449208	-0.722449027395669	0.460911105258622	-1.08632433112199	-1.10425023409082	-4.44324150969386	-7.63122803628503	5.22533664036312
2.03246441875615	0.144142580617751	1.62793006754389	0.284864171897093	-2.64825024379418	2.05683499418819	1.93941960930739	1.35333804325359	-1.75600084002653	-2.25404040582229	1.87899357866955	-0.552823447797613	-2.63598272661718	-0.920091313855438	-3.99458339800254	-0.126148804941133	-1.57704070837677	2.8762373906566	3.90210999220053
0.561038065201056	0.616513826189286	0.11055471669747	1.32790342823265	-0.548930519069321	2.15448900748098	-0.503178918302859	1.89638836229344	-0.0897710713492231	0.152189906543135	-1.45320452502646	0.31687797119428	-1.35838991074645	1.6201358030742	-3.63867259755015	-0.866426197302483	2.44305916351831	2.96106362892124	-0.282678430234323
-1.31136671844073	1.53250656287261	-0.475734550130509	-0.298214711664332	2.72044375893826	-1.01324565610107	-3.30796796120842	-0.898548511995634	2.24146058525792	2.1558143244724	-2.62906441533289	1.43854303072861	2.45946250756929	-0.996650050302509	5.43602991537223	0.015552908891836	2.77604158918698	-2.15010136664727	-5.07337768922473
1.22501643599647	2.9082429649446	1.53960498338648	0.0213830141984007	-0.363121804902179	3.24045801200157	-1.25822320996504	-0.113480754503638	0.5165190758225	-2.3339803267036	-0.124151129907878	-0.432894171574227	-1.32065050968579	-0.871839260269147	0.255485588021505	1.47304334946523	-2.17121842533247	2.74961478236781	0.291979384528308
0.0276526228193824	-2.5891540139198	-0.805737568394457	-1.24615593600906	-0.421407300964952	-3.2042036762806	2.9474985007541	-1.1565771341887	-0.904588408943675	0.473552222648821	1.73334952383888	-0.388556764713835	0.862440672639643	0.147045787985473	-0.709041268708517	-0.748685662353143	-2.03730732810922	-4.99345764408833	2.34100174043685
0.70785768721021	2.26718593685305	0.716537717573384	1.0411118571714	0.249434230994489	3.74938929638064	-2.75376078852864	1.31248179280985	0.136991607006097	-0.0332357248232903	-2.14354938367924	0.925076369890238	-0.593747190763943	0.185306530570355	-0.338848861267945	0.354729736535949	2.55857325532116	3.50995883543698	-1.98832561823396
