-3.03137110458993	0.471799358434221	2.47877533945113	1.35684884836179	-0.199001076304792	2.73551852954953	-2.60497140406534	-0.833226467093869	1.00645092248077	3.5899069422068	-0.765305636194768	0.573526751872271	5.05342085546569	-1.03681616285506	-2.78807102527482	-0.4792131108695	1.87004899676042	1.52760160316814	-2.09910009780359
-1.42211263317068	-1.14563494871269	-2.30231811718443	-5.1053094957266	-2.52550333068778	-2.37350687136391	4.00113631480654	2.47355107368416	3.00237860610999	-3.43031820314911	2.38410859409479	-0.256305037435189	-5.15697795850951	3.39488612511115	3.16399735523748	0.69074407147504	-8.65191923697399	-0.55865861522672	2.60179543994067
-8.1709854981314	-1.7831899300979	1.31511866284442	-1.38546046706606	-7.56015280445722	-0.662059124468413	-0.0297802922479369	3.79530430725934	1.92105281360913	3.94310682273528	1.24712380162428	5.41463338517669	-0.971862865537826	3.62111153114034	-0.955774304423943	5.88359679724209	-4.44396391905708	-0.169710992202863	-1.43401171529622
-2.12720563604661	-0.0178053292519556	-3.52098113698265	-6.94522453294099	-0.752787283860799	-2.07344463206461	3.27894921496118	3.21837049091129	4.79583431468181	-2.71549520909957	3.46712830634412	-0.209160610513392	-5.8288399493112	2.91021851013812	2.14975001903495	1.78691440641156	-7.97613833736782	0.504125209950712	1.5882096582025
-9.80452537899106	-4.09671402811003	3.08428546785919	-2.52208780655389	-12.3492449833555	-1.13141267264035	2.96746131207696	2.82545141580679	3.64265209431015	0.779773351154292	2.19265235604568	5.22881316768637	-2.93671407768791	6.11491484774648	1.5124656234919	4.8772574402133	-9.61902183724932	-1.27964798747155	1.12363207882443
-0.618996510859196	-0.530514236160589	-3.9699233373871	-5.73104933705422	-1.0132147177747	-3.52057793025988	3.5662311390403	4.07048928270084	2.32038839405263	-2.88261076826231	2.3380440295672	0.230941353666536	-5.90824792026455	3.17809984736104	2.87363289168381	2.31259127713081	-7.94886543762365	-0.302284497420949	1.91767401685597
1.78059888305956	1.30775971838673	2.12131225932422	3.32281093364133	2.76254124530595	2.63137969897563	-3.24013915783133	-2.75809087259015	-0.299937902959687	1.73864399288983	-1.59090341438967	-0.479228329885161	3.7413185473804	-3.44662669478825	-2.77888689459274	-1.00427163435438	7.44454716260928	1.20200506553274	-2.08875915414862
-8.1432348594127	-3.9886000058557	-0.542147402618059	-6.45648652596749	-9.69130593362606	-3.48937814583946	6.50421596526814	3.78249753768802	2.86947810229092	-2.83718065768464	4.43616037201564	2.26220178592408	-6.30782689100778	8.20727627257171	4.93308496775019	2.5689037647978	-15.2940176974024	-2.19030749711347	4.11056375604551
0.0912972313110072	-0.00196692528135123	-0.349412577375737	1.61781521848689	0.66762005278816	-0.654411788197144	-0.734392766658074	1.46736361431132	-3.4366960321851	2.1306361872799	-1.65657760252343	0.365103241252367	2.89053109853147	0.269116131464898	-0.24335940580408	-0.304457638689429	-0.70244600297017	-0.252731597519733	-0.479502498130419
-11.0417974655887	-5.89439127230266	-1.86883168366743	-9.63092338057872	-14.1715253341157	-7.18375927047663	9.50433020878391	7.10545153025814	3.07509368999961	-5.01016502403254	6.54245959570465	5.12743956126211	-12.1470758644232	12.4247460670349	7.36196193893091	7.23179970772902	-21.2288975594804	-3.40196059797607	5.48823445230594
3.62789878459005	0.978557993567216	2.66762730074184	4.96562373363489	2.28811285904559	2.41879071582919	-2.94319585624372	-3.59751782663093	-1.42984258589027	0.380594454215874	-2.51252178672249	-0.37649922165684	2.7782273474687	-3.81764616147037	-2.16882026605293	-1.39998196124494	8.3550170170478	0.479996518750225	-1.54593668066062
-2.80475781243665	-1.00367098304697	-2.72999954885215	-6.28003363043303	-2.95471733396099	-2.15651302159144	4.55746496748566	2.90877574932609	3.95627418191189	-3.38929683939781	3.32831290291134	-0.121740892369513	-6.14135779413958	4.17953688355459	3.42467775201391	0.678659160723716	-10.5766018115763	-0.555453968339218	2.8633218780456
-0.702640336045423	-2.82227774948353	-2.85904728938316	-2.98747993152222	-3.64310403028154	-4.74459381858917	5.07421464261198	2.3684342134667	-3.03628984613592	-2.72185207672266	1.97712258170339	-0.712513997058718	-4.07802291725769	4.67445799503464	5.02245865411415	-0.0170668114482923	-8.03251131060985	-3.34502341931274	4.02116165093398
2.98320347980699	0.639480944160404	-0.177488862583054	0.407407070188971	2.11308037553167	0.722713854781086	0.0481638090670718	-2.00679580949256	0.632347439284747	-1.6730364691119	-0.0356606372184903	-1.86444394326029	-0.600432747485972	-1.71183026723906	0.250326368415882	-1.92029053004101	2.60780146613819	-0.0226100955088259	0.542389520210848
1.13438542399945	1.18861923585379	2.18497758767792	2.7848002672212	2.30098292392764	2.64890816488751	-3.02096392724455	-2.66159085916797	0.311866678264475	1.61732369919797	-1.20076455550327	-0.346936949643824	3.39586722871337	-3.11005453437227	-2.71482668170229	-0.77552435171586	6.80294131195055	1.27902285124742	-2.01523590339076
-2.13458551631432	-0.933203933710845	1.34972849660751	0.212567142636487	-2.82372990933162	0.897986404654918	1.3090451633044	-0.693125897346901	0.355798904159113	-0.394626026503617	0.296048276804382	0.000537554629540915	0.0258602936586989	1.52534632111529	1.0285350506894	-1.79193508278236	-3.8016782004707	-0.79636149155857	1.2767981943811
5.25287426988918	2.01968365867151	1.43450606386385	4.58266325288569	5.48004744179401	3.00935391482895	-2.91269594729457	-3.99146000492528	-2.11974630254133	-0.0222574894057352	-2.95875882445329	-2.70132946022514	4.18493930032491	-4.579971859175	-1.9494072300074	-4.56557638073144	7.0429996743549	0.842734971667456	-1.1134789865493
1.79909660671559	-0.455805276794815	-2.24298511354249	-1.57851362224871	0.473926732149686	-1.47210113546617	2.446977808746	0.748948955493132	-0.844125234399675	-1.74379607558852	0.212542361546122	-2.22445738146285	-1.0828807308457	1.032029249654	2.55105322195912	-2.60537896350616	-4.44625392159927	-1.19609126221576	2.3051545417559
1.58261084974219	1.30452933716666	1.82836594808817	2.866104928159	2.70297982407471	2.35417913964282	-3.16430986183846	-2.3635610316652	-0.0655880376282862	1.7376729442107	-1.3909864268333	-0.298560759629313	3.36959180164015	-3.27422704668374	-2.7658322275578	-0.513178653544835	7.16860007389814	1.2762498952845	-2.15818151996385
