-4.54030590907464	0.0887482291833166	-0.343398865721349	-0.168086691923612	1.21999037410823	-4.57467847560683	0.957861389208453	-0.421057327011667	-2.00485967620369	-0.145464969293577	0.900831555065566	-3.02411400178437	2.20043956147627	0.103597183255836	0.0297306871989962	-1.33120424168852	0.669647252491444	2.33115040686509	0.365064220400249
1.50285450314657	-3.19062298040945	-0.769799314233932	-1.95956857552301	-1.35003451398743	-2.38757924902098	2.35901127907049	-2.25659722070569	0.766576194007583	1.37215087621538	0.758819539551976	-2.04998188347907	0.0611815818443349	-0.417801146525286	-0.548887308845624	-0.559862964387675	-1.86487316056928	1.083349792025	2.30657436349509
-6.74268077795847	-1.12210598333887	-1.33407425809371	3.54813588101577	0.501230578108045	-5.64461730800969	-2.29984398480965	0.30421421286503	0.706320319013933	3.39805865686716	-1.98373168450434	-0.410300628203634	4.92692850706688	-1.55375436407493	4.35020209162261	-1.57631583092629	3.80709066855845	3.78365864429075	-4.27616947333309
-0.924069193413947	-2.05081846147941	0.316468866069359	-3.61418754117071	-0.259857110162706	-2.1792792884352	1.11781930475368	-2.00322662243178	1.09389536778754	0.805828348016661	0.607291984504322	-0.232355702691439	0.769908970581188	0.265641720546562	-0.18391970131635	-1.03486892059661	-0.485729035510804	1.22815362789913	0.7840130563572
-6.01906758741122	-2.31830933515896	-1.5401457063794	2.28562954045731	-0.330948019103635	-6.1267757507476	-1.5850008814979	-0.664868807324117	1.33414775084331	4.02653856030721	-2.31560075177922	-0.405181404786882	4.98962682336815	-1.41172601617552	4.20364843454737	-1.68385220794754	3.90652967497374	4.19264760730225	-3.79876577473434
-1.44949556062678	-0.653797521318515	-0.316901986607709	-0.181882378810681	0.0131269391958408	-2.08770517829391	0.433796881619236	-0.492738632289348	-0.340933673950284	0.646396176691919	-0.358373730458077	-1.06855618220247	1.17095965167322	-0.139677651607507	0.209628854174066	-0.509623490137204	0.463216321067682	1.21308594604618	-0.0505540978933823
-0.869143170250145	3.76864775730078	1.20120548502719	1.70267093335432	1.08962499720302	4.8740779211483	-3.79509593785088	2.95851090103246	0.168780088920476	-1.09957833289231	-1.47634387629984	4.5859428354397	-0.229114143936357	0.46595684503225	0.665934469085049	1.34397385118362	2.30851092385038	-2.52548900199092	-3.65836201335901
5.27346529448357	-11.0024962916147	-3.43359314011505	-8.75096506052518	-4.71661572101458	-13.0470765911937	13.4063917909589	-10.0590653084603	-0.815844566941998	1.67341707061532	4.58597261039133	-13.2846983562004	-1.14539373121501	0.470324085875021	-4.82201791520318	-3.37530571746531	-5.66161490789013	7.33133113329257	13.0966629885419
-2.87986349217055	-1.04489660592676	-1.37573016262166	2.37177978177277	0.767385235582397	-6.31762088076155	2.58924575925833	-1.01192598913211	-2.90533283617917	0.00963699408409369	0.503035398341626	-6.14833847439315	1.54337262511244	-0.544260698847763	0.578029742621414	-1.62097949229685	-0.353596660238761	3.34173923652601	1.97427971241082
0.643248112036861	-6.85508172331181	-2.230947949114	-3.42468234281994	-1.55078352950176	-11.0012153732766	8.04083010401432	-6.31514251976173	-0.669134080021433	1.05735282276878	3.46609099183054	-9.79485858102824	0.149697423837381	-0.35524481262296	-1.02376490786894	-3.37936618586123	-3.13420377598575	6.52611177256416	7.55596810054613
6.0512110205571	2.72041621942112	0.818536014485683	0.0758697413929426	-0.778376380676628	6.39614008903035	0.957136132599727	1.15957399850406	-2.13602186062543	-3.06757467641386	-2.05684708260039	0.923315623614968	-3.90731529987496	1.73232059744442	-2.93225312804145	2.41167534641783	-0.503082054168297	-3.79039662941429	1.85836712884192
-0.956501304554496	-1.15809513666727	-0.956895047788846	2.08034853951743	0.412204745604738	-3.82603729998113	1.63242955686255	-0.67885932620836	-1.42177570074116	0.330135925744442	0.45705643527346	-4.06714448027488	0.648802770997374	-0.843513409261748	0.599061557229793	-0.980919294692763	-1.16436792739613	1.92561034147572	1.45360626594232
3.50758837815851	-8.1528762237936	-2.41795289278891	-4.61914255945976	-2.86490554241845	-9.6674139852228	8.67128926551986	-7.08710507944734	0.634848977386251	1.59565848199943	3.59201195057519	-9.04116360055194	-0.936006297004971	-0.408641230245526	-1.64276863827257	-2.89640450589404	-4.04897452070808	5.83375447219881	8.47943826802978
3.69860138055674	0.373860417134167	-0.32222332892624	-1.74062518159086	-1.58068885122101	2.15772243545109	1.84820704402033	-0.290031496396203	-0.924194734148691	-1.30333382931041	0.044275332838615	-0.374122431929515	-1.99022933523196	1.11997861993383	-3.06270489575069	1.13005980802226	-0.177355587359495	-1.10423377078073	2.31206399447241
-1.90573291498751	2.48222876558696	-0.223103242654833	0.573390607608666	-0.557109818825741	1.25100240231433	-1.87691289561799	1.65785818696996	-0.840317540933016	-0.210541167718898	-2.92496168516824	2.34944042690141	1.35868548987513	1.09105894942169	-0.303096414871338	0.750388369063519	4.89839265373886	0.229638169928787	-2.96975943242337
-2.78548786779369	1.3280273785442	1.30452925900993	2.60074675944147	2.27695766321151	1.4783490994447	-3.98045619823399	1.79305959197341	1.7208077661068	0.6540607840093	-0.38906267274109	3.23890032981449	0.988177730001023	-1.21928714998747	3.44244632995748	-0.262091444130321	0.0320375834399638	-0.962474108986955	-3.91241263317412
4.17793301204859	2.66418906490408	1.48324850930452	1.07493305646639	1.33878072075172	6.31156304196775	-1.02261286166486	2.16787851934481	-0.603817530587137	-2.78005888508767	1.93235832811419	1.45018133478104	-3.79330960086271	-0.132178618411521	-1.75308117025438	1.62887283841157	-4.33584471056928	-4.71384151902554	1.18024145326467
-0.591536541103832	-1.8117289792573	-0.937865622189711	0.453378513816618	0.228984655315205	-4.11786832050854	2.5937773556332	-1.4214348711973	-1.33933077106386	0.0657456064299744	1.96865182573639	-4.58254981863021	0.221653707418948	-0.622844451327338	-0.189804871274979	-1.16362057669878	-2.3123080965083	1.73488506041218	2.77978060173322
-1.00384083241984	3.61479508995671	1.07132884378059	1.56947804016789	0.859597906477304	4.45142369518654	-3.4818717649657	2.73294071038482	-0.130503105599943	-0.95210458475153	-2.11020487237616	4.294092361099	0.0632561884242249	0.653338213198793	0.636303871824336	1.34526692447314	2.81761303122403	-2.22867515913862	-3.61930342062456
