172,243,77,154,70,256,337,64,275,86,98,114,153,288,332,123,7,253,319
206,168,39,205,51,158,336,255,128,31,223,59,78,328,326,105,138,118,348
228,216,43,121,100,126,297,163,83,101,317,269,127,22,349,135,19,293,351
162,179,58,142,71,29,360,139,274,13,277,198,27,287,361,304,155,63,315
88,196,24,248,91,145,335,55,159,97,299,209,217,76,342,273,2,247,359
197,122,82,194,38,84,311,208,137,56,321,199,11,325,343,21,107,298,352
244,41,53,207,81,229,324,300,133,150,290,266,227,79,232,25,144,219,233
37,226,16,117,65,191,316,49,140,132,183,301,108,252,347,106,134,281,346
193,148,119,112,60,187,308,110,87,231,174,251,52,167,294,73,212,286,305
222,270,10,250,169,136,354,23,102,85,176,161,156,33,350,235,131,202,331
170,234,165,267,241,160,358,80,291,218,32,295,203,314,240,54,4,17,237
47,246,36,242,129,185,329,249,157,34,224,120,12,181,344,264,68,262,345
230,192,95,279,35,268,334,18,189,211,109,99,46,330,310,245,188,178,75
184,302,26,92,289,221,356,309,94,57,254,69,9,103,353,259,5,171,341
215,115,42,201,20,124,313,312,190,40,195,72,327,166,322,93,50,333,271
164,141,45,175,15,96,340,239,104,272,146,257,66,260,357,28,177,147,338
44,284,1,265,278,238,285,6,152,67,113,318,204,116,282,48,220,323,355
261,292,3,276,225,200,283,210,125,90,74,14,130,180,303,173,186,213,320
89,143,8,151,61,236,258,296,214,280,307,62,263,306,182,30,149,111,339
