-4.463902114566	-0.843875043132109	1.13106258154816	-0.904225880953132	-1.44065695906869	-1.05141022249773	1.23736524581635	-0.375785830069462	-1.5399855974131	-0.422601754889401	0.241486009230269	-1.86929357055869	2.37082283285401	1.65241813295707	-0.479362536913674	-0.371791863635253	-0.323085795795389	-1.34993627668575	0.710771512165364
-1.08496662859911	-3.91550431540322	0.310641786695687	-0.399730438531234	-0.846927904045974	-1.1205810096405	1.63327961424614	-0.212107475405627	-0.548598146465908	-0.665516229681073	0.978506068269504	-1.24065592291303	1.12249162076633	0.317292065857126	-0.278578368568082	0.309600869539519	-1.60117311192564	-1.81784433913709	1.60220590499657
-0.140409276023097	-1.19861037234592	-2.70309482143148	1.07507655050077	0.715069252299259	-1.16692623164622	-2.50077362496734	-0.890652328801314	-1.13665578613274	3.29434910057414	0.79454895913907	1.27116655366826	4.59242814925419	-0.704452862928595	4.39339690821834	0.225518083042991	0.351743745135738	0.38525631327086	-5.4752943056285
-1.01615439319815	-0.66737977068655	-0.314175278905541	-2.46582045796056	-0.294133113790439	-0.59805584780418	0.394541298030235	-0.317451972592107	-0.343579183874574	-0.0945305940434695	0.623092800065976	0.637243884005547	1.10883516962405	-0.363404681805904	0.983786933223629	0.517456557805576	-1.13821048450991	-0.248367930458988	0.0431817192156273
-1.57130126799081	-1.5445073536411	-0.989539575391858	0.609260070008197	-1.13233556325643	-2.28883998807521	-2.2699519539	-1.66606088022269	-0.116228493155849	2.93112862115431	1.0086415022069	-0.00670202709774566	5.64681467426972	0.0199558086952776	4.58735994085257	0.414469677289184	0.157643330354752	-0.0128838258624534	-5.3916709403543
-0.470248148527541	-0.447098246998265	0.100214030968335	-0.176230711276198	-0.82528114407967	-1.92200987124994	0.569727768861426	-0.566430821602089	-0.285241063783711	0.327938646001013	0.653048120983534	-0.797016879889102	1.03762028321321	-0.265383810522716	0.298470909998633	-0.0521573940888793	-0.955079504384182	-0.560366128039786	0.444499551196592
2.03799437989419	1.56996803380146	-0.672321682834951	1.38674454459611	1.70626681566778	2.92642400468237	-2.48899557651981	1.49887681494237	1.05007513803015	1.42063718649875	-1.17906261727423	2.50032531880466	-2.63217596255813	-0.924942021414215	0.229312876307255	0.308243464597487	1.89922377023979	1.97389178557154	-2.16169124222499
-6.67207075954148	-3.79423095554741	4.33611460544214	-5.29038964680038	-9.02944447151	-7.34326406015721	10.0088134274596	-4.71841548192011	-3.70146312066946	-6.23849832630252	2.98303082409238	-10.2860070884055	5.94967605299037	5.23851271829473	-5.57035255899137	-1.29925738785013	-4.56047776500785	-5.17632479099404	11.5443851368613
-2.40809356311948	-1.43097533900061	0.817287218335447	-0.761595405050308	-1.09430766185154	-2.12811772357756	1.57441592263374	-0.922226041722229	-3.38426003654381	-0.231106912210732	1.42424413597054	-2.53722787809367	2.69098512846429	1.5177413218408	-0.408748031527387	-0.628677001214947	-0.960924461548722	-2.24651478488707	0.864166812867951
-5.09740813897344	-3.96250228263429	3.13201536504093	-3.20141663992842	-5.88623401119362	-6.49900941249631	6.09081777950732	-3.17977014068217	-1.30895449361581	-5.09075350771166	2.59986666345999	-7.11333728776464	5.81014655652808	3.61882549418329	-0.64197030342876	0.0195418248723868	-3.16719045323857	-4.43754009676874	5.54450318783368
1.79238412717438	2.22067572006936	0.535765390965988	0.119659277046219	0.160172540167642	3.53908786550691	1.40855143078074	1.93156489156686	1.70916162705879	-2.57028315564909	-3.03291290679225	0.395570206772382	-5.73980563400084	-0.189549329484257	-3.38314529346299	0.550691433054398	0.566304258947157	0.755333919743595	4.4561080674737
-1.13452690890008	-1.05246363647386	0.718454363185533	0.771028649733425	-0.540454551848455	-0.92870121980565	0.54971416307327	-0.799809676689544	-0.575117510897188	-0.299150004567119	0.399627127336152	-2.92345153937189	1.97549100252207	0.808649240905052	0.204344634207014	-0.323171632662474	-0.618783867216322	-1.03971726751624	-0.205813440144017
-4.12242285823227	-3.67415671480054	2.90260733868524	-2.40857063540745	-4.67523592752403	-5.46970669099876	5.08646687891141	-2.33927034598519	-1.39505373140416	-3.77357807694357	2.97004313437302	-5.0870614189717	3.31062871996204	2.75266646591366	-0.747673542619846	-0.0253095529130471	-2.79856880170776	-4.2022461864662	5.15349207624325
0.972231824648725	1.44922672985398	0.561640913608788	-1.14758115536129	-1.85376689522744	1.37111012997479	2.01506769072553	1.65369056151041	-0.829558148448087	-1.69272660426221	-0.729574563401964	-1.32738321979959	-2.55683115525894	-0.0799684098374748	-3.6876258811416	-0.0358888645335543	0.787412572444467	-0.068830041973208	4.20799615900844
0.752298567949862	1.59910146033728	0.718767398179392	1.08504181709402	0.431646647277133	2.7109162925322	-1.35739098258344	1.78855583668835	-1.88473060422018	0.510672843675648	-0.398521116433033	-0.299564219505701	-0.928234909223505	1.70229127741234	-3.40363492990318	-1.0164940284491	3.16903186337365	0.802298114746609	-1.34180448265964
0.816934797109438	-0.99024199424842	-1.07847527748446	2.69518511245354	3.33654663419955	-0.368296092114985	-3.00725241224309	-1.32617749809957	2.50854264082692	2.71224007387264	0.8337442477026	3.20437007339266	0.716153434163355	-2.39070333944424	4.63320535844427	-0.64711239371556	-0.669255949631214	0.518757916347537	-4.93842492105015
2.32813345973757	0.900008923289619	-0.886140112442202	0.420208275928325	1.90928100253125	2.63097796506624	-0.115227198698716	1.15478542947859	1.59821505186374	-0.246236862203045	-1.06057011004708	2.1134404809107	-4.8108795659103	-1.85039010632473	-0.812966186057025	0.693073929273638	-1.58029178864789	1.03598368912129	1.85289832146659
-2.17970419740861	-1.98978719535349	0.735649773963387	-0.953452554988401	-1.41505484844564	-2.24522071075659	2.20507422739464	-0.362518745846736	-1.39261353699294	-0.948855290136836	1.0692792985008	-2.26793253829641	1.78404551508163	0.535914441744442	0.162308300129741	0.121059282257711	-1.35511047103054	-4.3223732310466	2.02885886935673
1.84645656831815	1.66970662166287	-0.658219936437958	1.30737119041244	1.64188523495617	3.10615196670416	-2.27591779856107	1.4440718631885	0.903781933372742	1.31235785556019	-1.36700328609289	2.2521718244676	-2.31206050603094	-0.754061837048424	-0.160859516426525	0.149719974754491	2.11405658642201	2.03881634746873	-2.09538019196067
