1.61511936989359	-4.65908657588358	-1.30958948840532	0.390071781320476	-1.58889841636025	3.05090933384981	3.97250658153018	4.43525059038272	-4.72600213422503	-1.39485888917915	-4.23735077019287	-1.5277857402284	1.92569453666809	-3.30791420926465	-3.18759816667742	-3.93671651663051	2.71075780799009	-3.77445419976988	7.00537387023751
1.18401527916892	-5.58293145686488	-3.23993821839576	-1.89639215799935	2.10027260552443	0.347004470284971	2.49323826574582	-3.43367070118439	-3.99779218620635	-1.51545758766255	3.35870982193517	1.95569225713291	4.11933466593417	-1.97715783421346	2.21809081115203	-0.394281818155453	-2.67604256886144	-1.07110869925152	-0.245469061126011
1.43265776120962	1.08733582381363	-0.0992489766453417	2.62080105254633	-2.24837315884193	2.72426658036107	-1.57269896521923	8.26453861456171	1.58494002995243	2.82582904352423	-6.48776574571592	0.171291448894593	0.644437206724419	-1.68419930251843	-3.55246694043448	-3.97791741547577	4.31928703063928	-0.289890574188416	1.91499633995014
-0.808510518301771	0.450183825387795	-1.18882812646089	-2.0666174519454	0.670611603012478	-2.24405753775426	0.0108364436239741	-2.90939157663728	0.127320953524612	0.079538221453207	3.23422768264663	-0.776167998795967	1.60276123122715	0.715755983225123	2.67968761717759	2.22802957397374	-3.2425352877158	0.0129882104256611	-2.44082903862191
0.125845094146453	2.14305388993369	-1.07183530597323	0.794454509037564	-1.29156142647723	0.79706612366316	-1.63550401799138	4.7513513289213	0.482700944140621	2.12745757536929	-2.97890895964438	-1.35149837460672	2.38482321454935	-0.260172724662715	-0.158156111740517	-1.16186967481279	1.56516085588004	-0.298994982513812	-1.15267308727611
-0.421610918092556	0.0217617297854824	-0.317961692720854	-1.24150119613403	-0.452118899211258	-1.54923530271967	0.438472448069459	-0.69177014119566	0.966974288181673	0.575698398937811	1.07764040135818	-0.635428024052277	0.04491533931271	0.126688947582733	0.358670061457512	0.564880396597637	-1.74706384826484	-0.350432862629363	0.269979753101097
-0.345545786018632	3.15853245021565	2.5520562242705	2.44689898860484	-0.385701279782764	0.531037066689659	-3.08507376724519	1.81464860649513	3.81476049753354	1.80408686954137	-2.15554730742124	1.599334880802	-3.40631604100809	1.26770041476119	-1.86838871021679	-0.470812256565972	2.39533024545223	2.46017783373545	-1.41374945684816
6.22961789253296	-18.9043756532526	-4.79560410842923	-3.22806523918833	-4.01317569357452	4.99279132498871	16.3302221815754	5.47186390947197	-11.5579624660512	-6.87874672901193	-4.61300930008932	-1.80723734247168	2.53332480945772	-10.2220967486651	-7.90747904998137	-10.2306145301086	1.9484767277043	-11.6331816044421	24.3504305192131
1.52722309328477	-4.88966274265612	-2.80826234847134	-0.74206552916748	0.04367442109689	2.67911681048288	3.98890036582377	1.64787717407966	-7.09852115893715	-2.77529727038588	-1.26393417923627	-1.80531363793413	4.56345195915358	-2.77848557907793	-0.208066525888452	-2.05632153724314	0.757538914776582	-3.66417391620443	3.89567684605767
1.74166519536511	-8.42545665091077	-6.52325329413971	-5.70241097780413	0.99977657552013	-0.4335741246224	8.3608975124233	-4.59373212947015	-9.94775404022216	-5.91566950826617	5.66784682144731	-3.3764972678169	7.77294255673893	-3.19452636470628	4.90344166860578	0.715124900772565	-4.74884623716304	-6.20062222818062	4.38420654654488
-1.47726936657853	1.89957654867761	1.59124742913746	0.291424871812428	2.03210826827476	-0.615057255865373	-1.22162595057462	-5.0215229593966	-0.364589137446067	-1.76597888509971	2.48150830384891	0.28653433533735	-1.73775932970791	1.88616823337983	2.24516163132039	3.23966135713014	-0.316566671612023	1.572698798641	-3.46496277134764
-2.09436256237194	2.90192598581912	-1.79982568222658	-2.37699320444958	1.12352028959349	-2.09263228283257	-0.43480690836634	-3.39271059368913	-3.08199987766945	-1.18335817760043	3.4360309218768	-4.14517089375517	4.18961033259033	1.84230734083987	5.2303153275064	4.48722784023375	-3.08596417879397	-0.828675332401112	-5.05788955197344
1.80267046565069	-9.05190976327483	-5.63724836496815	-5.13121074910481	0.632568531693053	-0.505407314153314	8.17076104371227	-4.30691893512939	-8.09887477263219	-4.9401599446424	5.13432109970778	-1.88385551566105	5.88910663849348	-3.30650180551927	3.43922324282488	-0.392054899659845	-4.28119414144774	-5.54326820404921	5.56998202865659
4.32791953105822	-7.29533313211856	3.08739281845508	3.02756811590057	-5.68862501577771	4.7378213430582	6.4966780083967	10.5722676711058	1.35962249279502	-0.797843622134867	-10.5981559546858	1.25959596674092	-7.78104372820243	-5.80111786822389	-12.8942092216229	-9.97739945076444	7.45451461593202	-4.38766472341487	19.0919264427648
5.30847989721474	-5.90124979931113	6.05937543933891	6.10380292803891	-9.25253462823037	6.31373329582183	5.15511246304287	18.7094726551518	6.21390925867748	2.52003181815797	-17.0743940466779	2.12248289608145	-12.4931865573492	-6.26311061720475	-19.8111627781026	-14.7424696373082	11.5631483615065	-3.72971629607606	24.2503667730993
-5.12349363782854	8.57335677639983	-4.1644860829018	-3.21861584424716	9.13479780125789	-5.69654445984712	-9.81014609099908	-15.8335148972717	-0.789646746082308	1.33140994894985	14.9639882698144	1.75008124878054	9.92054471062161	7.31026293532015	17.5901882702514	13.007806513652	-9.69532773133625	7.56078319256314	-27.4323839622345
-3.73858336089142	5.26712430171519	0.837095874637722	-3.32544398994176	3.79125012046491	-7.06578345788422	-4.68915264844444	-11.8187240940674	5.2770649831328	1.42991978712041	10.832865103081	1.62121997641501	-1.02193036381919	5.41567106565936	7.27110701619936	8.32881704170869	-8.64657877451296	5.19966609289773	-12.1228280050583
-0.221622188757932	-1.62463633887698	-2.4561209071803	-2.18909450473227	0.858877408885666	-0.539109745188996	2.08828487256084	-2.41307135070862	-4.0540314938117	-1.96136983588618	2.32520205455711	-2.10809786629444	3.8042398460984	-0.598014231211634	3.02582199883232	1.59386660816827	-2.10165329326354	-2.02013276908229	-0.595483617422255
0.124049104210472	2.49475114580587	2.67738548845107	2.76322559119017	-0.841711170129229	1.19620927260554	-2.45026369982247	3.03373809339214	3.45945103501056	1.61582499750833	-3.32118001071444	1.49340323201911	-3.65216287700917	0.621551521147215	-2.98181309008623	-1.36950310518821	3.18944656357073	1.90183415450436	0.250295591128796
