-1.44578192696086	2.70172845492706	-1.49145193753674	-0.617644414260056	-1.19565930916063	-2.63401164383815	-0.833925679418158	0.754015749086165	0.346961070580917	3.83395371025581	-0.708329052616136	0.885802679103975	3.58967627110209	-1.0100287317083	-0.833143971323338	-3.62343021957768	0.924092202441173	1.36003881584301	-0.810207625316631
-0.267310664329614	-2.88442383760678	-0.676102901377774	-1.918152315081	1.19763472205487	-0.692846676930742	1.798418743562	3.428478344946	-0.825494505046535	-1.7620837480398	-3.43522179736772	-1.46257661095584	-4.49806983615265	5.2304013505638	1.18771760465017	-0.137900408900137	-2.38031079043283	1.60746176789679	0.71427055910249
-5.30694820046112	-0.571099771998206	-7.35182160020693	-3.96400719271253	0.377040681539075	-6.89369460550651	3.21719383113833	7.72113645723016	-3.25815900456915	3.82652888537553	-5.59899472730734	-3.07513295230427	-6.6009667240821	11.8076923215301	1.68214703632125	-7.0560114461754	-3.08583090278916	5.0036966109154	0.715508349569095
-1.19345945654966	-4.2908651939316	-0.554437212368754	-4.08675758296123	1.56662311839794	-1.4205019016761	2.98457448822001	4.64693185960851	-1.81412800559156	-3.28246396532235	-5.32412516003615	-0.480322403447261	-5.75629825176506	7.67010484719145	2.06645140661352	-1.44980435388997	-2.76210428630591	2.16371487148706	1.41465876036885
-5.71028249087598	-3.63284741172895	-6.09756523992631	-7.17456867643666	2.34933763269871	-7.27167485901754	5.22081330734738	9.10274875025517	-4.42613091396928	-0.55759978020594	-8.30025349754207	-1.20236361087166	-9.384111249884	14.9695641660891	3.18668927698565	-7.67664840752717	-3.63569943717197	5.15971168476755	2.05418246817695
-0.479669317815002	-3.83223442475763	-0.525732671687138	-2.45682404612998	1.11496199944828	-0.348013861041181	2.11924609767143	3.7638979564361	-1.30612002576331	-2.50144387250414	-3.96872862384973	-1.4676102264396	-4.60802574998047	6.07468301090165	1.47832135912692	0.119264291568868	-2.60189896223542	1.63740895947628	0.92598301709009
2.38881980803101	3.09343235118763	2.46500299246961	3.81600995574365	-1.1883055366851	2.96670290480387	-2.72573327754251	-5.13456345311659	2.20405418399156	0.935569785325806	4.91920143358328	1.39319291918229	5.36058975901051	-8.25006380277572	-1.70611695177964	2.74805377736442	2.34572155008163	-2.76235419341926	-1.00823791199465
-5.71186501443163	-6.06131203108815	-5.97494257184682	-8.48587088071991	2.59799265992747	-7.3491731274766	6.0999251880996	10.4932154321673	-4.95823877350802	-1.7071027361255	-9.68436197951235	-2.71775962722877	-10.8745652851576	17.6547623769292	3.85282302903177	-6.7365364439938	-3.90837085314663	5.82576530959266	2.44166711901955
-1.99406373404662	1.70152374864629	-2.25799170854744	-1.56925694401325	-0.740692166884079	-3.45566019958673	-0.0242069821381676	2.19462583963599	-0.229988729770305	3.48771763847007	-1.95817947428995	0.148254020342463	1.71180830715731	1.45706937860771	-0.328879730564946	-4.10858842731366	0.28553817089076	2.12709490947354	-0.511327623625506
-6.95543407675152	-7.18837835621433	-7.7673818783771	-9.4286450065789	2.95062783386017	-8.39777129342239	7.86355974499824	12.1627794662191	-6.38033760798625	-2.3065022045631	-10.5565342843274	-4.08720100738373	-15.9855344387476	22.3159325488603	5.09307437157818	-7.66626644680962	-5.40507364466231	6.56491096346826	3.36082803567407
3.58177928055575	3.1036928785999	4.14882377040264	4.85682151201349	-1.25844163642781	4.9989990495997	-3.02206374135328	-6.98077973385345	2.65175119795629	-0.697492592181744	6.23088907477883	2.26411715532964	4.85726502535599	-10.1842936311856	-1.72278005978551	4.37173959800004	2.2405949147429	-4.12810425601849	-0.837296297972214
-1.06990646955963	-4.60472924526913	-2.62113753707669	-2.57352385446129	2.20621609830882	-1.61178966284716	2.91987242438316	5.94586875605088	-1.86919930223511	-2.09402735702897	-5.0847467870812	-3.46495799908418	-7.39127343330134	9.26641777972756	1.83475491099648	-0.121141892245433	-3.94027060831944	2.70129223385094	1.04154400668144
-4.16743725695296	-6.54856291076085	-4.04425585924521	-7.28304578222168	2.58198610879779	-5.4888727219221	4.97553501177551	7.34347323297338	-4.21223754241398	-3.05723543766012	-6.86149718021265	-2.8309341464714	-7.85671072843534	13.6228162339018	3.2542349242092	-3.6679278746923	-1.89056632379453	3.73957027354355	2.20459623448743
2.87702361124323	0.493402234527885	3.53390064725632	2.74126058561934	-0.402267482405076	3.99976929790229	-1.68901094645477	-4.29340556501843	1.67996673028179	-1.90895657940445	3.52092629865845	1.09795012600464	2.60071692898644	-5.97269869489901	-0.862102266914576	4.19799414822913	1.56870807954249	-2.7023311592985	-0.366908661319483
2.20315586014375	2.72864855006768	2.2170048784608	3.5191554986449	-1.11438132216827	2.76554284325657	-2.45794763957415	-4.66993389050517	1.98769762295575	0.828035315396871	4.52028613739476	1.11556870872604	4.77459343174278	-7.42107179019361	-1.52800548707648	2.6259000074658	2.08337844488479	-2.52838673385268	-0.901804126994403
-1.60032930584824	-1.09747403997729	-0.861303169599837	-2.6690845395277	0.171470534571761	-1.81271218129927	1.3019542528703	2.40237909523221	-1.16426053694462	-0.506941674652723	-2.97974906902124	0.665228086541796	-1.6830056390551	3.66561248035391	0.819057894759058	-2.5576711579395	-0.722305275201706	1.53655503170007	0.499742489174677
3.27196683347385	1.66982148646153	3.48186274625325	3.511027088883	-0.857161171408442	3.82638376697857	-2.90429621456818	-4.42148913363229	2.55808117736985	-0.421608214816068	3.38568105259802	0.930416213260401	4.29391938951333	-7.80599795879205	-1.90794676414485	4.10486726520554	1.89761155045814	-2.32200045301673	-1.35626037504935
-0.360546746282118	-1.49431060152822	-0.159207791104421	-1.76935231528443	0.327268285773498	-1.0473244909267	0.582450264999885	2.0722741452022	-0.250541519937855	-0.335301624377996	-2.48461963739734	-0.540334990644748	-0.592163342920571	2.33483548676381	0.29331444664658	-0.630177925953468	-0.301624533721942	1.3742643790644	0.0172440448156994
2.27827817222328	2.8789483662766	2.29185454967757	3.65040991629263	-1.11868815601834	2.83695303514811	-2.55549377597623	-4.8606995293156	2.07063545138627	0.862237581025795	4.69930834668268	1.22596064113333	5.01556172014816	-7.76477136998714	-1.59190616344468	2.66475502092133	2.14772757549657	-2.64568202346824	-0.932212875920091
