-3.24065521131199	-1.72223143942676	-0.454305550800447	-1.96356239358308	1.93093057209944	0.494266480233556	-1.67901902414435	0.838242700243921	-0.514689203288167	1.63403441926286	-2.01599670765968	1.60289868894242	3.1632823725641	1.97554059739292	-1.47879525324725	3.79104216072117	-0.222948285055143	3.54889119596418	-1.59611684275522
0.808221820519041	-3.03246248867198	0.0870358600301913	1.21205840101819	-3.04106864767422	0.159841275351944	2.76837789501012	1.79712325283349	-0.703304920059363	-2.20317769572472	-1.20727100043194	0.0897359780489069	-2.25510504756568	1.5766153467276	2.78163028529392	-3.14854307258059	-4.25382053558232	-3.31648340664396	2.82440156221402
-1.70701031246977	-0.388437529308478	-4.68631889982332	-1.57864084398648	-6.22733341026485	-0.700526954212071	2.600406873722	3.93700329658742	-5.2750368861674	1.04100700956714	-0.533864006255669	-1.23727964705878	1.54716881019255	3.52950231381881	2.40395510045076	-2.01124680186288	-5.01922323461532	-1.00588727667334	1.98324695517413
0.982295246892773	-0.52724991774048	-0.614131135630984	-2.86152968135748	-2.83961020652522	0.217120845342286	1.50781366765024	1.65327051414298	0.550816383460258	0.172679668459305	-0.71210984645009	0.528156333538686	-2.86330744304335	1.2295054867096	1.37696551625359	-2.37113909134006	-2.23924563995921	-0.154225720431842	1.26228737499435
0.819086386347395	-0.522508661629794	-3.94829634461584	-1.01952919420824	-10.3467097795141	-1.90462385678618	4.43461871669254	6.93175614039962	-6.25229217399885	-0.364220427288326	-0.650994164972911	-1.42338129155553	-1.25928369224618	2.90036081705034	4.30257653967089	-4.5818762083263	-5.36986420614471	-5.15974956608497	3.67536256409262
1.24826270857694	-0.0544241586390292	-0.427162479506495	1.14257476878767	-3.0090467403696	-0.633781024241827	1.23652812306259	2.11957668701279	-0.0966786057280959	-1.01436460434126	-0.350559714840236	0.432756640414492	-0.689491322653242	0.122121356984563	1.37088526580724	-3.10657649706091	-1.8871774478211	-2.84597998317318	1.30452285682527
-1.18696781926465	0.184572408343951	1.66042828077947	-0.07477664230474	3.45651695658081	-0.162833813937988	-2.95674277800954	-1.44102461824376	3.06181188617841	0.0789504319393134	0.0396569503743924	2.68639898873143	1.47277979857458	-0.891491832479699	-2.4825208425459	2.2265787433331	4.46306809605875	1.60278416342177	-2.36484267958532
0.932199657079032	-0.772421048011064	-3.88905092502859	0.33700924683577	-7.3565829365951	-0.333477572800065	5.56042768863061	3.04670664077928	-5.88443302299518	-0.129730422123728	0.700802609088239	-3.96896631839994	-1.69940939265927	2.72405103202414	4.93203656737188	-5.3439823410793	-7.91194887896555	-4.21051743951076	4.71029143673355
-0.547073144490641	-0.0918796292346492	-0.970608470323761	-0.935222225914037	-1.28883699603809	0.149874281283754	0.553387722104095	3.13129114225811	-4.61165214020458	1.64011716081487	-2.01865241537684	-1.94265277125806	1.67001620411867	0.821138919576499	0.229921225794619	3.85152665204357	-2.01536518593038	1.79169582214976	-0.186604057829088
1.84102813108559	-2.10371357031627	-4.86965389144076	1.98855728529869	-13.9417949910018	-2.25620179139048	7.95229866501977	7.17687576981443	-8.66353860730915	-2.94543426557946	0.583049257265777	-3.27734989951266	-3.21476127678494	3.87504624178359	7.6591172031054	-8.54765793437724	-8.5050998745117	-10.0267933672672	7.12897684270725
-0.299932570963436	-0.682544787789747	2.4479345530528	0.90829180305203	3.37744410816469	0.12306976644094	-2.28466650747012	-2.35487307989668	3.85037084956305	-1.68251517551797	0.140127217952088	2.71505364352895	-0.48193124172402	-1.16893255070574	-1.82408687608836	1.31914542004382	4.4510550922055	0.445179225120296	-1.57219772265366
2.92158522124896	1.03193328969399	-1.34160600560189	1.89345923450046	-3.35994540402792	0.450504671205463	3.48634669612684	0.901635824287582	-2.61760481522614	-0.601322099348024	0.380916833648996	-3.70831577022312	-2.16348989551526	-0.420399504648113	2.85357196199481	-3.55208221750759	-5.28894480827637	-2.50295711258517	2.83996080255905
2.38030405719037	-0.495291313258337	-1.18796748239214	-2.37063104375181	-7.54755981995149	-1.27939370540929	4.77506824928761	4.73112942865785	-6.18626937447189	0.471557005730299	0.434307473591003	-3.68882496434463	-4.40966508657382	1.17114438573983	4.18564933490205	-2.24420154308022	-3.26987281540179	-4.23254905363292	3.65099969997259
2.15625895771254	1.73777525253855	2.1133466398419	2.07959867676762	1.66325623311692	-0.368816536332661	-0.87461369075406	-1.55991499530045	2.38320807531315	-0.866627828266183	1.35009024420276	0.0712905859847659	-1.14229845854952	-2.84016440712054	-0.7657171459234	-0.851294158422974	2.99794556275909	-1.56501646137405	-0.583661329945674
-0.871564481687275	0.369755231608753	1.41080416893603	-0.122024886281004	3.07629277155202	-0.0487671625707259	-2.48086083674376	-1.42896415462181	2.55512930231298	0.169511255821037	0.150655425647849	2.02969700913684	1.11144117132864	-0.891132852067902	-2.13288721681356	1.99245698519739	3.82435055129396	1.54943937588557	-2.02776678447269
0.442179918979903	0.419916993530518	-1.10409219038011	0.103216347682616	-2.29045864395177	-0.699096618390659	1.03550584349406	0.719611361286006	0.441894666650732	0.285882801899297	0.871071040993471	0.041931315353704	-0.251356237691335	0.263735291063144	1.09850192381953	-4.38919858223632	-2.26147640869601	-2.49991066496901	1.1476221090679
-0.924661416315018	0.0732804437270096	2.4005833607741	0.791595511913763	7.41597642362843	1.56686390853833	-3.28685172710511	-5.39472899076355	5.34487165884175	0.0313595779763087	0.254722459073292	1.55109964567451	0.912820412729106	-1.8055769062593	-3.13466620307988	1.9996469783436	2.69198673843312	3.62970106328373	-2.59028443508914
1.43426616568419	-0.173406186351766	0.827998291306493	1.61385692026551	-2.03913045702801	-0.994481893623046	0.885586520779537	2.62570131956554	-1.02647389743515	-0.350782234057237	-0.519560673776738	-0.327426967174333	-0.143077062615191	-0.812788886645667	1.00791028854596	-1.5449812142461	-1.16693925375742	-3.2550469365283	0.882529339034164
-0.905305632758631	0.432074061966265	1.46830591820205	-0.287992458958059	3.08793418839383	-0.0947656399309943	-2.65045003506702	-1.25402585980687	2.53303066903079	0.23521079147117	0.0330358841478197	2.16423094656381	1.18035999073243	-0.923482047616885	-2.28257033237292	2.32787967930172	4.13199017839271	1.7283103767706	-2.20622658765987
