-0.417310118594774	-0.578792063760215	0.967003586355624	2.40087169759014	1.18363218624339	-0.455865848273827	-2.02015131197787	-0.624922946742984	-1.94039225591328	3.13642020281102	-1.71487286463014	1.73247102931198	3.10048046064158	1.34447039483946	-1.597965178446	2.79946623013602	-0.818560759355094	0.102171240583296	-1.31001039533673
-1.29164856114932	-1.03548648754035	-1.20153973119208	-2.37857290601306	-4.22328860430572	-0.511116321707597	4.50472892893716	5.05155413516833	1.08320781346507	-3.89367808059394	3.01146650187227	-2.89483780201833	-3.17182801973177	-1.57181875096469	3.43857983833519	-7.24829646874262	-4.61758430469312	0.589812033735271	2.81056345957345
1.55103305413164	-0.132362609144579	-6.35915098640474	-1.64283198459685	0.25441553864961	9.36191320091276	-1.1717032722104	-3.3475051058638	-4.77857796918736	16.5355099281941	-4.91023887410295	-9.04417000751326	-6.75290368393829	3.67188170762225	0.881878709008724	2.50233423695657	-1.84259208492685	6.2724594570313	-0.378943993735966
-0.460261121934774	1.23707051732113	-2.36846797900318	-4.33834424602628	-3.04359652979841	0.932896735418069	3.85112240737423	3.63692494863263	2.50246525813905	-2.81231912542309	1.86555936153753	-2.63298344334459	-2.62322279723971	-1.50868322647665	3.07710391401904	-6.59123728139956	-3.36645153377937	-1.777140232645	2.6245561888921
-0.160333608279018	-1.34098731545831	-6.65659491940105	-4.72288009778886	-6.58412758360232	8.77135878440592	3.69246492915654	2.9556132513564	-3.2024363741413	11.2991507602057	-0.807313278776195	-11.9762271293826	-10.0161610353957	1.03281459179848	4.4042186853119	-5.4389487272077	-4.22991871882554	5.85057610868482	2.45589365362306
-1.14547394267133	-0.360886734794948	-1.10544492042571	-2.00846499884923	-2.44947931797917	-1.01004135686961	4.03315980840984	3.66586066280835	1.2070953304045	-4.09397188127789	2.61700316320794	-1.55951570941376	-2.38437442951712	-1.00042455420048	3.07972657549287	-6.27596997114113	-4.85982754214403	-0.58859337086598	2.7307319069995
1.056593973464	0.597977942645534	2.53809181446219	2.41564447677742	2.8856317298614	-1.14079701232117	-3.6279746314079	-2.53822543595795	0.380373187428036	-0.261837894092875	-1.51064201128039	3.71221324178969	3.6541062967253	-0.123393380589307	-3.21767277963654	5.34621191933276	4.88692534217877	-0.333117324420966	-2.61732536072245
-1.42335766037349	-1.0776286532488	-7.28950858694331	-6.01528346629056	-5.31361825204018	4.63771160254603	7.24118117996176	2.91553002866792	-1.74119056195013	4.59122878188336	2.0849187498036	-10.23581859543	-8.99758553432136	1.6716656305086	7.04318804838809	-9.6968144778827	-9.2446473116917	1.78835728870562	5.5831759198463
-0.631397429260705	-1.31868174779739	0.797567695187368	2.43809576655601	0.28851711626816	-0.578631934330868	-1.40776664505609	-0.00884655511421784	-2.2846753591423	2.93190713911331	-1.28946722788946	0.898821626313222	2.54444764167309	1.3270980585954	-1.0877347691463	2.00419074689377	-1.4590913006033	0.956857689798801	-0.946776118311529
-0.853735548049374	-1.14990998720748	-10.0411298587052	-7.60657450483096	-5.89130092777926	9.11622740497136	8.15410569580645	2.11987122093156	-3.19172063892949	9.91498298747765	1.69760266147784	-15.3275781222728	-15.5036602859416	2.17654608730397	8.52311256261714	-10.4108844939651	-9.28864547849419	5.15077879671771	6.2050748655584
1.43376136195413	1.06918621667048	1.77019369579589	0.935993567621694	2.12987161707142	-0.777515573714684	-2.46620818712668	-2.31786479385455	1.65027180148493	-2.2248289372308	-0.764835373710511	2.71279210048264	1.79276104020679	-0.905343848867319	-2.28825799844928	3.63772091103231	5.11428447166916	-0.499902555362704	-1.84065255084646
-0.631721672508258	-0.140062711808262	-3.43393474722605	-4.40236878209302	-4.59851498547139	2.4174207232401	4.69692076906274	4.70330199097852	1.12607654712074	-0.438036793192811	1.97421025025855	-5.66495566859832	-5.21708608095741	-1.31248118043253	4.03152832127871	-7.72446844086051	-4.60400403374003	1.27421674989185	3.02496969384824
-2.73872820659343	-1.62375095674366	-2.57856222481112	-3.36996395033978	-4.04998024866979	-1.53649019171532	6.24327873596183	2.75960832913893	-0.702488438607735	-3.18989873233021	4.45805797173199	-3.69284068001828	-3.43673984895299	0.672486907045023	5.23519326356283	-8.06834747366953	-6.6888798179374	-2.2393663647308	4.80336287581199
-0.332528957689124	0.763859196750229	1.80139863461795	-0.904025442037309	-0.420932143233031	-2.87703001501816	1.16692888718093	1.52986308711586	2.86870173061032	-7.06994928904851	2.46872211460191	2.56023811923257	1.18196840081695	-2.07731097467226	0.26489428133241	-2.09259034944358	1.46944671398782	-2.7666634791122	0.601503902736209
0.921103649511916	0.549371293304618	2.38842347637503	2.23952147277984	2.67756467241981	-1.11075045005177	-3.27940860854008	-2.28703401783747	0.353056083697211	-0.357247848563319	-1.29520600710011	3.46981630975135	3.28983641490624	-0.141660949974137	-2.92505540792394	4.84080689000021	4.44558556173738	-0.354800735085635	-2.3713274786491
-0.282836055612277	0.182274017127329	-1.4329588607548	-1.20390999011302	-0.765347778810106	1.12863784451095	1.22777065496305	0.796595451160532	-0.191002002450784	1.0948889728761	0.107194785331503	-1.69696627987663	-1.77832916405146	0.165235344699269	1.19296833235676	-1.99439604336125	-2.20195552294289	0.0854743390575223	0.919551543021624
0.153092825875636	0.576593547793308	4.41459318528793	3.6939408666529	3.97413583625485	-5.82834793462548	-2.52314011697672	-1.76972138098314	1.89861486594911	-7.68480746120788	0.131903630513566	7.9722377521384	6.33444412239686	-0.739170198628171	-3.00931499977976	3.45611525535617	1.94653480457244	-3.29272748663143	-1.74963083235756
-1.76929072157258	0.806262818836777	0.271865878625505	-2.20912327796288	-2.39606880976282	-3.5683976100705	3.51528952480518	3.34420857463067	2.47201771304621	-7.194094959695	2.81870547986449	2.27970103223385	2.42156532830869	-0.981570104729078	2.2628511489191	-5.80156330826422	-4.31905510194788	-5.70739867662214	2.67863329676423
0.95306439276442	0.514194253404576	2.54150690351004	2.36926532051789	2.72082069739104	-1.11734833410333	-3.47016839042522	-2.27669888326341	0.333797378634451	-0.290994585721696	-1.35083652608486	3.55689413725618	3.41223858002751	-0.211246736527329	-3.09958535008361	5.0726563764772	4.73676224004625	-0.219674203741828	-2.54265198450123
