-2.75536043001552	-1.29133091191686	0.71091504815827	-1.39927318986083	0.220886098843146	-1.20369999399092	1.1878450104517	0.0950592595339768	-1.56017952112838	-0.259436069454122	1.47717735184347	-0.80000019404547	0.547235544782765	0.507379694007519	-0.593187996815686	-1.17204771535533	-1.06689667161963	-1.16096695834805	1.48539094813965
-0.175986528474576	-4.09411469364617	0.279541466671428	-2.08561229238909	-0.198224414930841	0.821259215783288	2.46778115139332	0.217989645861752	-2.92343397323651	-0.777205653518475	-0.317317075894651	-3.16538712029887	0.751583028452131	0.754519971531629	-0.677317067934292	-0.457349536283006	-0.533683084588761	-1.36621445416007	2.19832239839461
0.823351397220972	-2.94664231374985	-3.46468063366143	2.34613190086198	0.00922939390153132	1.09936847921249	-1.48604002784673	-0.997087177929089	1.85183021905023	3.40563202010247	-1.33158440415486	4.43904272048083	3.68678518013744	0.154051199500663	1.50098977511534	-2.23475368492004	-0.703241432929012	-3.61471331446256	-1.34150799092602
-0.0923347822705887	-0.910479027681248	0.396802638223471	-1.36664879118254	0.263620178304863	-0.605947261074366	0.921172390193382	0.474788705132997	-0.895884046071374	0.208493584512039	0.0840746588928762	-1.03458223085738	-0.180132825278092	-0.104328047040478	-0.516630394648706	-0.830232585687685	-0.426722552722642	0.279064373182089	0.816130303336012
0.618618553168947	-3.00705738307602	-2.6204960800576	1.28279287665542	-0.539327123875671	1.09504131328828	-0.539429965018082	-0.83212069150843	0.894283625174609	2.62258513068563	-1.00434650083471	1.8732288529927	3.58143705255032	0.971333757910733	1.2010696810762	-2.05769727727249	-1.44780033981564	-3.34401137358831	-0.572336808137303
-1.18797608748435	-0.0146993999667577	0.172731318644231	-1.3276419289075	-0.107180415082515	-2.0290803155171	0.973716409548221	-0.58039467539231	-0.869984115582816	0.669917636900251	1.04732915092543	-0.940818233633433	0.0960149766569676	-0.0736023725212473	0.0217507066150875	-0.601277739168737	-1.26272654917342	-0.122221698623419	0.944806468323685
0.363830031681952	2.56684664039255	-0.49678475041779	2.54582510320205	1.37884065254059	0.0388902233773084	-2.89941758558191	0.487454265245622	3.08571078259665	0.800663790562818	-0.529275197979095	5.30732805084136	-0.909510211731902	-1.52447883921405	0.572880639503898	-0.244117541766774	1.70420441887329	0.990151770176431	-2.42509366000598
-1.7691264641107	-7.40109396696005	3.28689664857264	-8.93519686466621	-4.09272846951278	-0.323558650564163	10.6113909742086	-3.22789542993965	-9.86538140463205	-4.96903207362113	3.27331475808497	-18.1209921788934	0.408151594080522	5.74940511983825	-2.38731597756521	0.402442766692227	-4.23422911524339	-2.42370352153528	9.03806048919526
-1.08032252102712	-3.19269048000833	0.00403033477139952	-1.96115188373349	-0.626198641954969	-0.130706649369097	2.15238805742501	0.0823838557031533	-2.70696030512918	-0.34956219267087	0.470034222687937	-2.93797011170333	1.1058508793841	0.97864874703494	-0.229484169625751	-0.661833805446056	-1.20342459805421	-1.54350280131496	2.00592485920727
-1.51558702906453	-7.03593075039958	2.62663265780379	-6.57627867029818	-2.01512480361303	0.766826354555256	7.43817340086697	-0.217528882916564	-7.53661944597529	-3.91047164424754	1.73493912587092	-12.0837411602232	0.356809113554203	4.1149482174195	-1.53366530553046	-0.916780515410576	-2.33088712490691	-1.86782888983371	6.54715739492621
1.01695448427594	3.05187884259864	1.69131335541192	0.0795395731732462	0.606928201087832	-0.00124330750786372	-0.576018013199018	0.675365748962061	0.403823783633758	-2.07891836935495	-0.24694961429684	-0.340427752540222	-3.33187853475066	-1.26646558719299	-0.510551386160069	2.20242452321014	2.04102544837226	3.2587777268063	-0.636095281118065
0.506584583466918	-1.6258382545266	0.67567852222251	-2.11902567946337	-1.19346577140251	0.247855360775008	2.12475369838293	-0.00916132017630528	-2.21580842762673	-0.717156574688129	-0.138574984092967	-4.93676917319035	0.520895106208894	1.33176209544461	-0.280608864514323	0.243729206845981	-1.61249573872882	-0.173622589207984	1.59423002407385
-0.917997771485039	-5.81095706349263	2.51780937830701	-6.51087705467301	-1.61475827460305	-0.124347205604747	7.04612173179872	-0.346529338932493	-6.70339952921137	-3.32074025404858	1.81978496873182	-10.9701239218675	-0.563900790827525	3.32267069815877	-1.48065142930697	-1.09780510175788	-1.83393508398714	-0.777472973260931	6.12266953165611
-0.760152289213019	0.713366153141017	1.23228968600312	-1.40011649356395	0.0841064570534407	-0.973959767675778	1.22040405975947	-0.195512936501587	-1.16255093166614	-1.68644288884163	1.28532075582135	-1.52895471089435	-2.1622585587105	-0.202819405678698	-0.868570603077562	0.512405999024039	0.934672474150283	1.33879722334773	1.1936463937913
-0.262694812475189	0.0295444002097526	0.140052842234754	0.116334544604608	0.571163314716351	0.519990103705684	-0.140445868766839	-0.141077170320175	1.00030073906189	-0.353571356801513	0.772789042811774	1.65094096706325	-0.792004737180293	0.134180948305018	-1.63894684127457	-1.62093324605567	1.3727632890908	0.0522734760775306	0.0657259347112133
0.967462271081694	-0.21974952457399	-0.858237264951169	1.38506910677182	2.10864540774451	0.0687868950240399	-2.08443123208795	1.1484551883291	2.53324924418896	2.56670888501112	-1.54319977496953	5.23554426424456	0.540823357635983	-1.62852624252412	0.194153825920962	-2.31030185220878	0.572519762472171	0.0773153478098969	-1.76679002742312
0.040603600989316	4.55563177412901	0.802438454795007	1.32275216450299	0.978928466529189	-1.49114199721476	-2.33099944424603	0.275468077847955	2.24762081110065	0.352698501594026	-0.158420798152123	2.65338600131554	-1.82829920492606	-1.9674171338449	0.0163699366035459	1.32975670893244	0.559959331809742	2.53658442447649	-2.06682103125439
-1.03205878614491	-2.99290250989922	0.121850745063022	-1.48281358301028	-0.773318774509203	0.351583997265069	2.15365480528554	-0.950490139689412	-2.24914401794469	-0.548792350164432	0.484635653715825	-3.05574915439054	1.39181627555042	1.37707460097026	-0.455774352153218	-0.35263335548624	-1.35857291127213	-2.06739665215149	1.96794434558787
0.737772853378802	2.27400173288096	-0.412498846704022	2.12752071702439	1.05997847384681	0.148838069259679	-2.38798513298763	0.298062741540511	2.6614533235643	0.616254638657889	-0.611615247645757	4.16540452319082	-0.910115985026807	-1.2532248591847	0.541170088719557	-0.0444137764722617	1.47800792788757	1.03652552794081	-2.08238894843769
