-5.37262762102984	1.34077775827075	0.546422739426472	0.919287811892268	-1.72281648104396	1.82355346740822	-0.839526071131992	0.271617121548869	-0.604623010487933	1.38476819611245	0.575252727557737	1.80884099832806	-1.43492820961594	1.93149592356801	-1.50324843572034	-2.02832482757536	1.59060907809129	-1.03098726113522	0.413933167280234
13.3382109739781	-4.70243183575029	-1.0697730537497	-3.0799114230012	4.76436690314517	-7.19989434117986	3.82051960473436	-0.703565901662535	1.77495284502146	-3.25560538826441	-1.57821041501884	-4.78206790855914	4.16511086361031	-7.10430364100669	0.765211742128339	6.35098413508721	-3.51816854985488	2.96288897388179	-1.1613064258739
-12.4743251705524	4.65008544168543	-1.26906604837292	8.70129891147129	-11.3799054279722	13.1247451306053	-1.93633041972528	0.71505131678049	0.529060299000933	3.1815112911821	0.463413695222471	7.20966548729675	-6.2026733301121	11.1034795730321	-0.190296089337269	-8.89799917680321	1.06709103924449	-0.992407882965502	-0.174356236321443
-1.33182657879774	-0.0988871189759817	0.0410071828044935	-2.70013844434717	0.998606783602928	0.217608889275858	-1.19965680131147	0.72592385362536	-1.03656547063626	0.682676197821472	0.729821309394057	0.598578825968134	-0.123950862441303	-1.50868730177198	0.126101032233682	0.59374593227419	1.75709710486622	-0.917571959379684	-0.246983694291541
-9.20181619694878	4.58511336988946	-1.66156964013827	10.9009259725138	-13.2260303090065	12.8737411873558	-0.859500433222333	0.79067087116321	1.62732260978003	1.28410086443926	-0.917772469788402	8.22887949479227	-4.87180632923554	12.2386507468115	-0.244612082407758	-8.46597415016348	-0.836349484353785	-0.153799097473986	-2.00407773655493
-13.4496659995733	7.51012457030091	-1.29833401446789	18.3691663758213	-18.6246013997961	17.0051585268505	-1.12744453942819	0.971599848228419	2.77149141977917	1.49939326146709	-2.13818791794461	9.88082801229726	-7.03484016681638	19.9979918934113	-0.460948128310753	-13.2899378948711	-2.64725659183183	0.0469916425587145	-2.49545624920315
2.42395681617755	-0.988661051556001	0.788318699746552	-5.16796171861736	5.49447664315509	-4.10374574288628	-1.32071455452426	0.869732195222301	-1.32311960820843	-0.642270152080181	0.894920855193915	-2.62058572531984	1.51722823519582	-4.11129836911929	0.759462387894152	3.52377100623569	0.880657244671274	-0.705481196309846	0.150415003212677
-1.01593222586704	-2.95787580979409	1.81117060545536	-6.97449625921372	7.21742728822382	-7.20004302022038	1.159251208052	-3.45832139343324	-2.23961597409883	3.1240277643362	1.55783755995056	-3.99426184952086	1.87882373638127	-7.99621307123887	-1.17553429026482	1.127417716183	4.39403226909892	-1.39347197900698	4.37934110737424
0.430756583661304	-0.261203346527775	0.0927463181436304	-0.664555179847871	0.717265439269017	-0.673803902362073	-0.0397342989357996	-0.0194214842308527	-0.1627826138131	0.0373100078735469	0.0447159963085701	-0.466671131816748	0.240728100240699	-0.652416701331978	0.149814520922311	0.348406323944736	0.17392985692108	-0.0652170922045604	0.0359067483090186
5.32279996926731	0.563049872930779	-0.856946846841494	0.806208885969802	0.499010191434053	-0.485454161542863	0.890944098831681	0.0390793947143908	1.59309477478252	-3.75044277576308	0.062082876484002	0.417740557751049	1.38809026137643	-0.196547329862788	-0.00771479807172537	3.79083225441353	-3.53885790313701	1.64814244826893	-0.0446202144910739
3.93687693596591	2.03591590826559	-1.48879628024109	4.43478095919945	-3.85194613262	2.68190706492004	0.958277973560361	1.01183523477791	2.5981364933185	-1.77972610038788	-3.54406809461989	0.288797568372782	-0.545099035320689	2.64055513194005	0.303988739698807	-0.143325074919602	-4.10838676137473	2.53563636519686	-2.22619747437951
-0.0432247654466282	0.495900666890564	-0.294994714726295	2.42183993473481	-0.768328365580785	1.01706268725324	0.360991433965666	0.478754610217654	0.995700213222004	1.26551211289181	-1.62691360884364	-2.84219125150534	-1.95107080400172	1.53086388829159	0.565857120872761	-1.74542146414419	-1.51919666592415	1.29789195681788	0.182758907729294
-13.3469248977701	5.14106562118407	-1.18040135363593	9.13961230137309	-11.2401583488268	13.3993892355587	-2.23550816083715	1.39118255419797	0.692322222665558	3.59310507115313	0.218602775031422	6.2185444793317	-7.16322362461861	11.6347653647135	-0.477035066824978	-9.0944849195244	0.695430342660482	-0.720400505544877	-0.0516400569029036
-3.54744928192893	1.61253189645894	-0.970863334195467	2.65279448102392	-4.64063699542382	4.85919718507424	-0.0684156435554517	0.194252141149713	0.612159987375031	1.25967194657059	-0.732144798103655	2.94726875586084	-2.05739659156668	2.68403380444241	-0.642304212816705	-2.73247246965302	0.328986362676475	0.20170465337973	-0.438471900812353
-2.81729353249484	5.72904035813157	-2.70977742051609	13.2684306789238	-13.7618288428497	11.9517831111532	1.09914895544029	1.36657203431081	4.4232532466369	-2.92378827307561	-2.62912085373778	8.12786803181209	-3.63116087243386	12.1573724201607	-1.86549567407696	-4.23713702686124	-5.9312159342475	2.75988843823914	-2.79295958907899
10.003804651521	-5.48662163371145	1.2878858991184	-9.27347766228743	11.1974903392908	-12.7958255834576	2.40493732539983	-1.78571504981078	-1.0461386403605	0.0361620580108521	-0.983090155764387	-8.61389652571117	4.94561012457303	-12.2353291924967	0.394432975181493	6.21898383415679	0.961261007750723	0.746074886821723	1.2661123298745
6.96936471559039	0.114835759407153	-1.18219360041514	0.356211216606891	1.66832396868933	-1.42968441013192	1.66700711433281	-0.00806964699404578	2.20901972081487	-3.08217574953557	-0.972178947328441	-2.18174890790569	0.868528251123367	-1.86657771880559	-0.00585483329791558	4.30946559759263	-4.34571769871135	2.79272835286725	0.521671349390168
0.147791489858434	-0.139059793433584	0.220754432924893	-0.307707905119788	0.421301519549479	-0.622313587267776	-0.0659885962989164	-0.155750648887568	-0.217590638636622	-0.163175794542948	0.189706132028371	0.0271995625405013	0.424450761882648	-0.169884773332428	0.0768403482178616	0.153002687169446	0.218488613827461	-0.255892280082067	-0.00639302992733126
-11.6844502345275	9.05942292883358	-3.40605997147495	21.6241320132495	-23.8944139255293	23.2369423302765	-2.37178463461249	3.89618347639191	4.10279796151045	-0.656818411438249	-3.05064894269995	13.5233283489245	-8.32312385861872	24.3894690934249	1.32569510824687	-13.3911181317974	-5.16804471840092	0.94386434613771	-6.382717772417
