2.80474795657454	9.29581178038933	0.559078962721055	-5.78324871658645	-3.73995642803854	0.730894114262973	1.08949077536654	-1.95105733298696	-4.88605782538902	0.300911257159839	-2.42056817237182	-1.98433484469815	2.86977494706198	1.7964990296239	-3.57170662943812	-3.96167744694564	-1.11143131196568	-3.70747754477203	6.40584395859057
0.781740558426859	-6.62617113168091	0.496554692716734	-0.449611291234607	0.212396241978755	0.340690115914959	1.25400385839878	-0.869633674851169	-2.91953504911886	-0.405353791065384	1.27865306269717	-2.53911489231499	1.7947082690438	0.253156887176151	-0.589209748887837	-0.83788761331324	-0.483648774270677	-0.0719964150343797	1.23696506080077
7.954881281648	14.4359987517545	0.792050044167452	-5.89145363704373	-4.99239186337264	2.7234407552167	-3.26323888270185	0.923708926801215	-1.36406944397488	3.35447420877758	-5.88781254955715	0.211058802018787	4.84541485435217	-0.394484463796443	-4.0645645756663	-6.90476097891094	2.66884967238016	-1.95903779002295	3.81731533349878
-1.79853484602077	-2.46894579168344	-0.599931940273918	-1.05347823854649	0.638802770005759	-0.770621073946909	0.275556560727031	-1.66346054666678	-0.371623141633602	1.71181024144799	2.24525605809978	-1.36801927586114	0.294786479857827	-1.07888779936199	1.95998303468292	0.445429593752136	-1.16320409251481	-0.222727158600331	-0.642744046979232
5.56572988104828	8.35334125763252	0.319530199061598	-4.11501088258852	-4.10099036036002	0.461445405969702	-2.28774588574523	0.994510474351792	0.348821472194714	3.53866981581634	-4.63287380181024	-0.651107384275676	4.19180959049076	-1.02524576869285	-1.68539834014235	-4.95465448008934	2.76171335156982	-1.8304945411643	2.01036932222955
-1.45977299214939	0.108245259374776	-0.385418870868814	-0.514100652477431	-1.51430633952006	-3.25507597444407	1.3437122588904	0.084730455562557	1.19382055570226	0.704543350894443	-1.53541897474403	-1.1866448878402	0.605296516607929	0.0127046102770665	0.865013323455609	0.577096476104529	0.129056841922349	-2.1813918702046	0.755873630494868
1.64988349039025	3.62056200226827	0.344557185632534	1.29922515355284	0.412570418256273	0.988861003181291	-2.4288013707087	1.70881346127298	3.77161765713549	0.571692323533965	-0.843102786923099	2.15027942295158	-1.77541269305453	-1.46396210409952	0.116614974167436	0.526637090533149	1.81991160288704	1.46499461421238	-2.49095655911587
9.90815322890968	9.09542288870782	2.95469953372899	-17.6776430117554	-6.9714725425424	6.12177877922562	4.42621311314549	-13.0420232993546	-19.7405118904341	0.189355904513469	2.66053873410361	-11.1167906783106	7.9333187851426	2.41185986591861	-7.51599478192554	-11.2442134568083	-1.88452120079727	-8.00432040613117	18.4141974919236
3.98583853220893	4.54081226552541	0.649708975880786	-6.14319753978274	-2.60685701295629	3.31884724381679	0.915752417417873	-3.8208804307023	-8.54970735011893	0.0376275332832341	-0.745903175732673	-2.53189339752899	4.63792325059697	1.77441835960148	-3.82350198686513	-5.43711211011734	-0.945886452784396	-2.16365542671059	6.64007527531486
-0.763932697551036	-7.31423049125841	-0.236862060443084	-4.87102524423006	-0.547201075187652	1.4972108881077	4.42427414040039	-6.29657034181472	-11.250569934104	-1.33993135048291	4.16435071781393	-5.19483642396985	4.17734705942967	2.97132386726771	-0.561273694944352	-3.38880605362984	-3.15992824010141	-2.15464542206863	6.67158294762309
-9.4119202080604	-11.3666108468438	-1.99341565994361	8.74280655882614	3.91950762544206	-5.23799331020023	2.75759411539304	0.627985396110262	4.5510282565323	-3.62114094384067	0.061640758199486	3.80135436834571	-3.90373737200833	0.679421046927343	4.96687597820904	7.79289021012316	0.650958999222571	1.89729058194991	-5.74592160527827
-1.20844423690413	-4.8147601823551	-0.00629364702593099	-0.837547749795459	0.268048161890254	-1.7066281860385	0.90748612108838	-0.546861252873004	0.461498491630486	1.46778939761068	2.6563636286549	-3.02213168083773	-0.0960434126053202	-1.08930907226422	1.65417606862562	0.722094703983775	-1.38389974195595	-0.813150400516544	-0.314215700373667
-0.284863964232189	-5.44927297944376	0.388976784644729	-6.13300526020963	-0.31203273304948	1.52265491791896	3.79118575405746	-6.34471365305282	-9.16238117298776	-0.166393469361855	6.78215246969412	-6.66982639824174	1.83085924822321	1.50892286741596	0.0406638249619318	-2.58727999538675	-4.08262369430725	-2.51927348317369	6.28753536610095
13.1804149486706	19.0603406575977	4.51690511762567	-10.990974199612	-7.18626011037954	4.29894509169119	-0.716918413917369	-3.23944580261872	-4.32353598789499	-0.0320646668293776	-3.00448484999396	-5.39004926869922	0.967771815995405	-0.489456358571108	-8.45347652816453	-7.02177652534966	2.8219134361381	-5.86183310862802	11.2344965774882
19.4499302032338	30.5422899547152	5.90675551443383	-12.5191715724384	-10.9630345880866	6.02736991251053	-2.48542113629377	0.866738063631921	-3.82813297431062	-0.905957208864123	-9.21603730778161	-3.90498320614972	2.44129234550155	1.26310644354685	-13.8305313331861	-10.9389109181087	4.61359340413058	-7.15131640940927	14.3501849600156
-17.0515924436318	-26.4142936264534	-5.84592071892588	15.1568900667843	10.5899146895734	-5.66936347873047	-0.757502407868149	3.53866907105559	9.05472410997764	1.76248951565236	5.40082951793702	7.33104289934764	-2.83799176812586	-2.31577634580853	13.3816690014822	10.6494267896985	-1.85450893201751	8.94924046025866	-17.8519922953295
-15.4271673639332	-17.3641541376333	-3.2602121097164	11.7972766429492	8.30789894345543	-5.98564117244559	2.14605614356106	3.45777243380474	7.66108405641492	-2.2113656804641	6.20163132872107	4.12155550763175	-7.36732489423028	0.101572922669586	8.20715889864634	11.5692316878366	-5.23503659072689	4.60979108910075	-11.0794647045962
-3.2346558462297	-4.87185025150752	-0.773509879366077	-0.95964027748412	-0.0865534719134862	-2.62986129372152	2.45713505820612	-2.17609702258119	-1.65005703952419	0.504218947368392	1.71696253710021	-2.50313193276185	0.838904043766473	0.257521543023813	2.01417768897515	0.838118008416718	-1.54123120695237	-1.69742953032934	1.02787277825315
1.95972265300426	4.67283626313931	0.521903248324327	0.79763283529214	-0.18045991123104	0.806114488940825	-1.9973831543279	1.69559349121346	3.24373557163343	0.233347401976017	-1.41923656828367	1.84550543272967	-1.54415398693301	-0.998045754736206	-0.567328336429458	0.225672174724395	1.70623086871571	0.801772255526393	-1.44975429144859
