-3.23686728955526	0.139690612639366	-0.136218274397105	0.906484785821218	-1.291105025341	-1.01136757590654	0.407996943775396	-0.481616633252636	0.88598428563973	2.8919619918767	-1.68617423446548	-0.743034008908543	2.17440298184172	0.722875498423475	0.452029707560886	-0.689610285050848	-1.85666573733222	0.47290788667717	0.175947093186994
0.463552664669234	-1.93253907048449	-1.04592852337435	0.812324462879865	-0.141089231114138	0.859682273739584	2.50145936675261	0.743203645401564	-0.688870281214529	-1.91235444727005	-0.322042261950703	-1.54003862434863	-1.99207699100441	0.562535744246857	2.40223350468799	-1.86714997347176	-4.3745414350624	-0.639806914723038	2.1430618759007
-3.78967637117436	-1.86335892990665	-3.19244927316191	1.78350657487253	-4.61330645767705	-1.08874747695527	4.3044743061069	-1.35717879683596	-2.13755197262076	4.08781302004766	-1.67134036224947	-1.27478221937282	-1.95635171987724	3.0134527464669	4.98729773183518	-3.3584139024757	-7.50492960410728	-1.17851265657381	2.97460450186672
0.548375571678678	-0.3147028120637	-0.215418150972008	-0.41627773048884	-0.77322857669812	1.02517047646087	1.70223320801172	1.24386035602399	-0.633577195152441	-1.71327981640446	-0.487170804293711	-1.44343838649324	-1.69388646296697	0.396345648976759	1.79477976732607	-0.897553876310675	-3.17956278195708	-0.456300976295171	1.49376231529341
-3.24760763682845	-1.52770397508134	-0.753515126907195	1.52980782476077	-7.24370111862836	-0.368038046240895	5.68987936928372	-1.46224204614046	-3.41256161616358	1.98212035482768	-1.58448109568725	-3.42043978133105	-3.56842531606238	3.68263052468851	6.21459098349729	-3.95846859691518	-9.36406629025006	-1.09026409258064	4.54053026366963
-0.0917984870826064	-0.375976800175827	-0.60655691280773	0.725768206993529	0.516463860388838	-0.911606726538679	1.77804084385651	0.349755297252923	0.290443035211587	-1.37000710516356	-0.93729008001655	-1.05998561537343	-1.8348100579054	1.00189267980615	1.51769328497911	-1.2948621373393	-2.93405194242028	0.16318104522578	1.37831797705961
1.34900586494434	0.968787934907407	0.529240103572615	-0.96126090037834	1.90254227048406	-0.108242433350099	-2.88315416882888	0.636293619182074	1.04177620007419	0.0502396036043628	0.575841304023051	2.37294297682181	1.67661492674592	-1.53084540421331	-2.72812232897077	2.49411943515663	5.0126371847365	0.448313360578311	-2.45947735631568
-3.40415346197554	-1.81965685799438	-0.754800134989569	2.57802578923909	-4.72356870086465	-0.0104096471681272	6.13872262851745	-2.97422671206728	-3.07589250781483	0.958823095541678	-1.31821899576833	-5.24452347849483	-2.71401103618941	3.62536679223709	6.05378253602169	-4.58712750521551	-9.52941636175329	-0.620619086432711	5.22758797318548
-0.853816375920627	-0.227875150759853	-0.019046435288452	0.233062687245868	-2.38986183186463	0.615628917873212	0.555146942730378	0.146640163548122	-2.108940171013	2.51931408689897	-0.771543167408477	-0.888924224333079	2.15528041942982	-0.0546888507563713	1.17691617530358	-0.655379106539393	-2.82827313608182	0.0131250007966273	0.564355473567423
-4.50944189572023	-2.71135311208824	-1.3703852789334	3.13318998168723	-6.15865341629634	-0.24314452515987	8.91610537336266	-2.27048651923836	-5.69989367423917	-1.32917336121841	-0.211102232467279	-6.33480237529368	-6.52866914475857	5.70677972239143	9.20012676579971	-6.41587758171043	-13.6117917560942	-1.75354513660119	7.52479767955174
2.18467606970631	1.03396929625548	0.659761672560792	-1.46311587318696	2.58917910569254	0.117071806474827	-2.83120938301042	0.451177619897555	1.12743233597317	-1.08791374218776	-0.237304442603594	2.76915150497176	-0.0123960621177392	-1.46317525468077	-2.79046272291676	3.56034592043949	6.23568204752354	0.65512124194599	-2.68122587595568
-0.58422282450184	-0.321072018553051	-0.112616968317974	1.31943632742795	-0.710703732517347	0.994517853983683	2.90321709643618	-0.0779957715569808	-1.03065812775026	-1.67563450947077	-1.06229507283762	-3.26186339109783	-2.06134149083214	1.13326664461447	2.74454700777631	-2.19643513048327	-5.16308122138709	-0.150277568263703	2.59983958310884
-1.64365064953473	-2.26888210153825	-0.710350711884307	0.80607446724329	-3.24770557715999	-0.614252676702603	4.13880580911071	-1.80097308881035	-2.64444519379539	-0.0116586743778313	0.864996036865164	-3.45339665953654	-1.64448975626464	2.37054444763272	3.76022490259098	-3.24636289268328	-5.39016762358323	-1.37092330267954	3.82806730989881
2.42783507005583	0.372603637799967	0.334192166293608	-0.643503216824567	2.3513445633616	0.926146485881726	-1.72760143206356	0.844587927609566	0.869178241373563	-2.39178580327527	1.00049353412344	1.46671299685069	0.456633063521237	-2.48280898174605	-1.7521335331658	2.20639605952784	4.24095793441992	-0.528805647460061	-1.20547707976009
1.10855777928913	0.908712218603967	0.526533179520383	-0.792768667463382	1.89285930583987	-0.157812556623931	-2.57173978051883	0.429568742058874	1.14978107315996	0.0706835189163848	0.550225745431805	1.9851580074137	1.34344494552587	-1.13105637455478	-2.61802940118332	2.12633675222656	4.53270187435588	0.525817225980414	-2.25323818711708
-0.47080357183761	-0.404970641587376	-0.478973051590086	0.528681923760856	-1.08995654622685	-0.110363312589643	1.11263595884923	0.082900063851635	-0.253754572721484	0.366260630291346	-0.0173887438893817	-0.966835182811695	-0.697544987909437	1.02411518608663	0.965876198217534	-3.10888109537488	-2.58931880864299	-0.416782706971443	1.10550913710938
3.1343443448506	1.36838481908581	1.03294689112663	-2.06362911295666	3.70679264294666	0.0361577890429238	-4.07676815971212	1.86747422195766	1.52642425259621	-1.86793857396568	1.18822821570804	2.85482589253018	1.47851876818476	-1.63060983166502	-4.33750454196212	3.19634624200891	4.88712281287042	0.994411946032593	-3.59083020125628
0.577311146870132	-0.158272700613234	0.0785999568799059	-0.141923714769261	0.0296736848312025	1.03573094750008	-0.0602382763093436	1.13202774946104	0.486320275383657	-0.656201529037841	0.43161824388276	-0.768696712400306	1.2846741407398	-1.26620325290514	-0.141313005538556	-0.616648244558345	-0.583108177951397	-1.06279792085352	0.372155498138007
1.28377461991714	0.715581069593606	0.310582285097332	-0.949856643775364	1.91181381138448	-0.240969937316419	-2.57192459921702	0.504016416788646	0.976924249098511	0.165076184351232	0.351857961525452	2.37613698212535	1.41087707924573	-1.25015544363047	-2.4603595855386	2.69912783913258	4.63430324247983	0.462511633705023	-2.45038232202607
