-4.1857958192853	-2.58555175498933	-1.15190225430771	-2.17438325136163	-1.96136025396781	-1.61567801310334	1.78362001136732	0.0868797570360145	-4.15820021440378	3.23856995759387	0.0641880641882389	0.455147045502867	0.824075070280767	-2.27767467368761	1.75699061634837	0.157965371411318	1.05564209254015	-2.78191266198421	1.89536165148484
-0.593854036793189	-1.84398870854626	-0.330756508339164	-1.14436425823165	-0.292443217384602	-0.786139626166918	0.430378424375997	-0.199759906822842	-1.99246411684877	0.93285431114198	0.19717241824539	0.0373710439916413	1.4286480901692	-0.611091803575031	0.0907179878683788	-0.261572867491718	0.312255599397127	-0.773208116477807	0.441617433772386
-1.13561788647115	-11.4572258162244	-3.68377961782238	5.94198635998424	-4.0875806190569	3.75493152181543	0.96378077481495	-1.42568209188755	-3.89162528886808	4.83322335107547	0.42943603372925	4.75403069492221	1.49417369480042	-0.69252974959354	6.31593532121433	2.80932123698803	-4.68493849244813	-6.24407154119249	-0.917798227242979
-0.835995863006112	-3.19903192263169	-0.512857369650074	-2.54670021331409	-0.193878531807961	-1.8507131584103	0.444841087361539	-1.15736819901373	-2.66451942201867	2.11409787311575	-0.669099939239311	2.41312219553786	0.584703114894438	-1.39831745177887	1.72757054287692	-0.544393825774884	1.31039453895838	0.330092291347668	0.444274088665702
-1.78776287906324	-12.4463125976351	-4.16061802730072	6.55267551394326	-4.7793567774177	4.17545203449293	1.2368758625362	-1.52811821679302	-4.3830464836968	5.62224420411512	0.319442801677256	5.3518275776038	1.28254337489292	-0.970820823058382	7.15443968949729	3.2939341298494	-5.11449082125477	-7.08252999446037	-0.807640576492945
-0.854565066481843	-1.38691432593819	-0.00507377676885135	-2.1424531771125	0.208049989498463	-1.83169775138817	0.359893701479649	-0.269962069328772	-1.72385440258893	0.947685547579368	0.199002347066312	0.282264471643032	1.02704621597988	-1.07824563945719	0.434478152025264	-0.736533469863039	1.02892267040932	-0.0945844494046106	0.453108855299792
2.48963464338814	2.37046091330448	0.830011058272651	1.78341792859737	1.26302791033194	1.18179209985512	-1.27688546612632	0.145043992695256	3.4221170641741	-2.11742017847332	-0.188876312382784	-0.0522983075594317	-1.3414556888899	1.33134366069092	-0.852290703908925	0.0471614710505577	-0.667976441293322	1.95277975245741	-1.36404801410622
-9.24520390442356	3.83105815980002	0.182364018276296	-14.3431874763796	-1.67491838193069	-8.14201259903366	4.53530139639915	1.73503081370242	-10.9411024374238	3.19673219209125	0.0892427226798329	-5.29991423067477	3.90079917303373	-3.78997533812544	-3.71018878629856	-3.96800209585421	9.5399800704255	-1.27386158401754	7.39409440136432
-3.63981164174224	-4.42854528880607	-1.60441320763886	-2.41525781335022	-2.2958644657841	-1.28920681214407	1.82345919599396	-0.534772447085516	-5.51539789891281	3.7328082190564	-0.334080146569499	1.53145447660733	1.45321035045687	-2.11333120697911	2.12466559779534	0.1189024749981	1.32538443134934	-2.78337099473158	1.88938115110987
-5.96465861577368	-2.775032600819	-1.34955153632687	-5.26091182071257	-2.58301012323956	-3.03219989426751	3.07452064969248	0.211605192664236	-7.68671284352062	3.60802613608367	0.593636507935385	-0.931621348646829	2.48486447858565	-2.59839868121488	1.27137235664307	-0.996421799565377	3.71260089694736	-3.7183906634986	3.77850979092355
2.07996558870832	10.7112456460049	3.2792848598334	-5.26684086557096	3.84010323836991	-2.90173090207137	-1.37873306021985	0.674492808799469	4.54614571174179	-4.19962118476815	-1.69398253256304	-2.38603784811591	-2.82571386126754	1.06872997144117	-5.31714386871359	-2.32831135408667	4.22549902193075	7.48749650654929	0.367939795462283
-1.80332630155588	-4.54140056826131	-1.11829944962079	0.408162177869095	-1.23295395914261	-0.381140257392959	1.02149669343149	-1.03920759993159	-2.59520040516152	2.06744843915508	0.688509009143036	0.934433746144024	1.06151104101149	-1.2431367480224	2.43042611725198	0.752313806382863	-1.11056795214448	-2.78779807526775	0.423933147560808
-6.01285240753874	-0.437956352650417	-1.01361173348218	-5.95506263697927	-2.37584392783037	-3.22649953654111	2.82168127042039	0.77284311413173	-6.5682647864535	3.55993321263868	-0.233243721555085	-0.722306131936033	1.29765114182855	-2.5171246314476	0.61500582015125	-1.19620375748827	4.33424009156879	-2.25122722589425	3.88907912748925
-2.18637000527226	10.3038924687913	2.26684974218453	-5.62088659790844	1.3927855937764	-2.95273039884422	0.49116241129273	2.94228189833281	0.642058645007101	-2.88722825648962	0.143508618790007	-6.10777900297661	-0.195913278968072	-0.0230610892474696	-6.01352848619446	-2.40459994159148	4.71474225291998	2.36330562331132	2.49184930137308
-0.427709246687193	5.68516634434616	0.419222109249546	0.360912572078838	-0.622201677449247	1.52191510672223	0.259457992932994	2.38283396570558	0.763331671480628	-2.60664227146432	0.677310746853607	-5.08062612467047	0.512872798011493	1.87458527337309	-4.25066243045764	-0.434071577011544	0.365299255220187	-0.736058737256357	1.11070540932269
4.01918890312153	-10.7638914666343	-1.70490185983794	6.70794568278662	-0.0406886126946553	2.90969774829332	-1.71708108001477	-3.70702524775643	1.83695353227287	2.4746414356857	-0.620501574012872	8.46071637794561	-1.34415588245419	-0.201207985287976	7.3846254438072	2.54058668078762	-5.12456203308766	-0.504617584592257	-4.15746112748232
3.95217546852629	5.28382517905145	2.23182344624431	0.195810322622464	3.34823340274223	-0.39128116095967	-1.88745018405739	-0.303818350204959	5.61632019384594	-4.04956521048316	-0.123343024596595	-1.86772375929698	-1.38429546925594	1.85864151421024	-3.29693536119118	-0.534029576341009	-1.00187038498215	4.50743678252279	-1.65457055418601
-2.79361462721594	-2.48338530358481	-0.953160243494544	0.132625025305136	-1.56868060209035	-0.26473596173723	1.22591290444703	0.00208651658756653	-2.48071807621199	2.00222184183102	0.562065791475719	-0.0481772934151659	0.703932301392254	-1.42782445746179	1.50459523908793	0.751348588571009	-0.440976393959647	-3.02620807415617	0.970491801449336
2.31528668019891	2.94093505577518	1.01502652926589	1.3782922027834	1.4168789986806	0.872192633894162	-1.20054166053089	0.353326479584197	3.3828351567037	-2.35668609347356	0.00848264658461795	-0.699035667454144	-1.10942852127489	1.30130610335391	-1.31944855096496	-0.144404102427808	-0.43156041464871	1.94802661269989	-1.17644284820019
