-1.49536572491097	-0.8160518018055	-0.343140468793408	2.59111358253344	3.2092795208172	0.217640791053828	-4.20050361042486	2.58635437934703	1.13542641523078	4.37792963278282	3.7072197612514	-2.26975161597023	0.320287372036873	-0.487725456646686	-3.43598495905308	2.83653421065042	0.0833189966871828	5.5352472540747	-3.75539344555755
-1.15910223457326	-1.66724392946403	-5.19892883489113	-5.33596869532567	-8.17022524069569	-1.86790271934763	7.64886265921194	-3.37897705573539	5.45591049806622	0.414357730196329	-6.00226357946001	2.01344597890926	-2.21947350882242	3.4280787695428	6.93792219230324	-4.51192327388486	-6.4752886158555	-7.70531803040871	5.70853326723196
-3.15512865815451	-3.06324421337957	-1.22656045692824	5.75981936869283	4.12142415074865	1.68054666624188	-6.01782862384337	4.60690594400696	0.126831519276436	8.07891386474327	12.9241717046299	-5.86303187668156	-7.34943740948063	1.82085250288337	-4.01770304777894	0.60613880108599	-6.20525300587312	12.9117930340624	-5.41580281043035
-0.689699912802382	0.0677541259243988	-3.26515677586551	-5.46849105619828	-8.35841573367529	-1.87845106665533	6.33247719806238	-2.60762505807661	5.00719819406206	0.95088087121367	-5.60137063308215	2.52618780759019	-1.7293753938898	2.36894832008606	5.50484443898867	-4.65748522782395	-3.93347227892895	-6.66942822100402	4.19298633147141
-3.26976634738209	-1.68253501368064	-2.78624880284592	0.260700954711041	-3.41695240630764	-0.268127872840914	-0.793000304274514	1.85659556831634	4.01982714206467	8.33365771306582	7.25485938418139	-2.63561489017388	-7.94119518590541	2.85347833483246	0.209602768369386	-3.34245836530319	-6.08341904477537	6.138227993179	-2.19830087192119
-0.437633830271736	-0.208148272922395	-2.76898919241496	-3.866652785084	-5.93142747121894	-1.33934265807838	4.72128000900621	-2.00178691628392	4.00182269895291	0.506229248043553	-4.40240949004829	1.82048029800231	-1.16300678565324	1.77402025745336	4.13785595524902	-3.13527910587985	-3.11452474870575	-4.91960602859068	3.22026956066162
1.92627837886187	0.952315895141298	2.99501764263161	2.97078587973769	5.4998963296582	1.16487316476453	-3.70246111787378	1.24819952921157	-3.95106184098006	-2.88410165263961	1.16425263134598	-0.442985408970193	3.25840418997033	-2.62968941704329	-3.52822147608607	3.00569471221448	4.89130903273768	2.66751877608652	-2.17968335583916
-5.23799021699742	-3.11726432712242	-7.53644966260864	-6.07056030753237	-11.7472320866335	-2.76478274478659	7.60489061449216	-2.75390599911366	9.53795191649549	8.07951460151002	-0.122210234102878	-0.111816901606748	-8.53934606387442	6.42764018560828	7.55388838383989	-6.1111141188355	-10.7049984585764	-4.21627649658215	4.21748622190007
0.0015242977800014	-0.845933213477078	-0.123337588712069	1.90752543801212	2.4392132645109	0.428588383982643	-2.70351100205516	2.95376412125227	-1.96137149823173	3.09729209720346	3.668943162157	-1.95125066697503	0.31275087023031	-0.494860743180148	-2.01642759032994	-1.24336316496789	-1.2552617144805	4.57132901929389	-2.19322466623169
-5.51736005467888	-4.47050413141274	-8.12623738461265	-4.38687480080837	-10.7767685395243	-1.77502109055714	7.44452999149324	-2.66474755869051	8.14227669209037	8.23723354824369	3.93829023234427	-1.37724174059961	-12.6698991081824	7.4569594317539	7.94056160398517	-7.40889031594092	-13.2247170288502	-1.76722451974666	4.38864088368641
2.32024334211426	1.69231085583663	4.00019794932043	2.20577591930145	4.5777325297213	1.4855674943331	-1.64981463519402	-0.446447311869164	-4.68750749088746	-6.32503560005086	-1.39117688945335	0.919035255920934	3.22718874357955	-2.24397240595154	-1.98494913929617	3.41850470310879	4.32593049069422	-0.908565729606373	-0.112737107473183
-0.933610525939446	-1.61717042633463	-4.43501357672124	-3.14320576195081	-5.5371430692278	-1.1796968901759	4.65479777248584	-1.77290622265618	4.68039820293632	1.71672051287128	-2.9243246911186	0.910152794376324	-2.75576486144796	2.45616033318877	4.44809052839232	-3.55737348763507	-5.10513837025876	-3.52897084296575	3.23042118587144
-3.3836067429018	-1.36180782091061	-4.82987692310662	-7.11957057561975	-10.5183858962431	-3.12231634897164	7.73269444031953	-3.67836440776946	5.90647392581697	3.93187479069517	-3.32439481425756	1.45648021853062	-3.61850563102035	4.33093704389025	6.99765553051849	-5.42844631213881	-5.08663081562855	-7.78113861297255	4.90813162317266
2.15208926236932	1.5292031347468	1.42213473681312	-2.23316714148311	-1.39894787032883	-0.309607399500287	2.93936289869814	-2.15599570628481	-1.85237358518094	-5.30772475317906	-5.2815680466165	2.58991137868133	3.09931502382537	-0.872190515095802	2.00968118859881	-0.87521360933804	2.70667046180915	-5.83573404226281	2.9566910916886
1.74034704669058	0.971952319236323	2.89110287156509	2.82590689074307	5.15101615780981	1.10442564196313	-3.5881504189101	1.20223169688713	-3.61202100246026	-2.55811044210174	1.23596728645874	-0.414884450145379	2.92050961778637	-2.47746101704421	-3.41497691120156	2.90320483429308	4.69349578660784	2.65047478703232	-2.18455419809051
1.16440085011095	0.573608566258838	0.740619974711507	-0.735493981596608	-1.56661295613479	0.0960045013822537	0.549998317284738	1.23543983159987	-2.41218260309748	0.368654692896676	1.16674206125857	-0.0482519555335376	-0.735689775144671	-0.0675262196383635	0.56836450085869	-4.50099077114078	-1.42998195586352	0.779805565254237	0.263403172149091
3.16072505967327	0.647336296912139	1.99438557263749	1.61363259314313	5.00094401784411	1.04413036145216	-0.698814870360678	-0.665744109151545	-4.54047290950388	-7.09710688340216	-4.58266607021478	1.39310725300188	5.90961771862892	-2.79073856640235	-1.13339252635474	2.81027575841639	3.99354212970545	-2.91936781901764	1.0832642216735
-1.16409357326468	0.0326970378369325	-2.36558808586473	-4.56761918796588	-5.89279758238141	-1.78479129099001	5.10866027683729	-2.36865582004625	3.84484612556005	0.372364782245413	-6.03116452919385	2.16714161082385	0.860314169285999	1.82260734174881	4.2514652614855	-1.80724771008327	-2.67958713452059	-7.03696981103608	3.62175716814121
1.77101256342934	1.19983864376579	3.05132430072453	2.66075220218042	4.86594711471013	1.02027814656644	-3.69672569215668	1.31166505087102	-3.49223948090252	-2.31912063411546	1.28150848953209	-0.360970802125541	2.92389258362508	-2.57278571191366	-3.54347194775368	2.71128854506939	4.9613221735413	2.8075062221042	-2.39525127125666
