151,161,125,233,70,278,350,59,130,110,140,95,56,337,335,255,10,294,197
223,167,28,220,58,154,345,260,126,25,84,81,82,338,360,121,141,129,355
235,245,69,97,156,188,282,171,76,148,191,64,127,50,359,173,21,288,361
311,256,115,153,52,198,353,217,168,4,120,19,136,313,357,269,65,54,274
182,316,78,299,38,258,305,210,158,165,63,219,107,204,339,105,1,214,257
207,101,93,176,30,133,327,246,202,89,149,241,24,224,358,62,88,314,309
189,40,48,196,77,240,341,307,137,150,276,290,212,99,187,18,155,195,254
36,244,17,200,37,222,317,27,147,132,66,321,106,292,356,114,124,318,349
193,146,103,145,74,208,329,80,143,159,190,211,104,312,281,83,109,218,265
310,272,51,284,46,237,324,73,128,166,60,261,72,164,332,117,31,252,248
232,185,142,331,111,215,304,270,230,273,7,323,44,320,285,85,5,61,122
33,263,26,192,91,243,344,201,213,13,209,116,35,152,336,295,92,277,333
296,271,96,326,12,275,266,55,175,225,90,181,23,340,334,100,43,298,75
157,348,42,238,179,315,354,325,170,32,34,134,3,131,352,268,9,169,262
319,94,135,183,6,172,163,300,174,206,118,178,144,113,351,15,138,293,328
221,250,79,283,8,184,287,234,123,236,47,291,45,301,346,22,67,242,253
162,280,20,343,71,289,306,180,102,139,57,303,39,251,330,16,53,286,247
226,297,11,322,112,68,239,264,205,49,41,29,186,228,259,216,177,203,347
108,227,2,199,14,267,302,308,249,229,98,87,86,342,194,160,119,279,231
