160,85,68,191,91,121,349,162,81,70,245,244,59,314,345,93,32,301,328
228,137,19,220,47,142,350,306,98,31,112,71,51,340,359,151,161,120,357
165,234,184,270,114,174,235,72,44,118,177,202,143,56,351,192,4,307,355
305,304,57,30,62,131,356,268,169,16,128,87,101,302,361,266,86,66,289
164,274,82,300,36,249,317,217,127,123,84,207,103,229,344,125,2,247,252
283,166,13,221,74,251,337,232,199,17,134,287,78,92,358,149,50,167,325
195,54,29,231,109,273,348,310,107,83,258,290,203,106,200,26,150,193,216
126,198,183,329,1,312,352,79,33,99,76,259,100,211,360,18,108,239,346
243,208,60,185,53,222,319,28,158,238,80,190,110,334,260,148,140,237,157
308,250,63,316,55,226,311,77,116,171,39,263,40,153,323,132,65,280,227
284,175,111,240,124,293,326,122,204,168,7,294,41,288,330,133,8,212,210
15,187,181,264,37,182,291,255,256,24,178,117,27,241,339,196,75,276,336
303,248,138,318,46,257,267,104,146,206,43,139,42,338,332,113,20,272,115
135,254,45,186,141,194,354,335,213,38,61,156,6,230,353,320,3,214,296
333,73,163,253,5,297,172,271,130,179,90,173,147,119,342,12,152,275,321
279,197,88,309,10,155,324,224,105,282,21,265,52,261,347,34,49,269,225
170,281,25,341,58,242,298,89,94,159,35,331,64,278,322,95,67,286,180
236,189,22,285,48,154,233,246,295,97,14,23,144,218,223,315,145,219,343
176,299,9,205,11,277,292,313,209,188,69,96,136,327,215,129,102,262,201
