-2.7292932012733	-2.78477435712944	1.66787207943065	2.04835367665481	1.03109624063057	-0.269006439178181	-1.33731855810604	3.4897509428761	-1.48785200722549	0.0979668501184108	0.0964862043345462	1.39514010499702	3.3166040143643	-0.135711664714318	-2.2296920104348	0.094747557957632	0.627507869615158	2.29373018183279	-1.59583435320572
1.5200742200457	2.31457583284701	-3.859019237665	0.257674651868479	-0.912611120254949	-0.348251860254787	2.83593259034479	-3.1587409931374	1.53840798531062	1.47001112426895	-2.64860057988746	-4.43708595195613	-2.56442881934509	1.55588729465688	3.6004611525393	-1.64027261150835	-5.09033883120192	-2.73022636417228	3.61159339174021
-0.516253296933897	3.38187040583051	-5.41570816352447	-2.08476638466512	-0.291706067069228	2.76905350323279	0.784508663629666	-2.64685385225775	-2.96741230837492	6.95400061334553	-1.98262245177386	-1.25125974223022	0.360165815037504	2.36314027207543	2.02361885152501	-3.48455148349548	-3.55287701795601	-1.38686709655835	1.0342589241647
3.41274658463106	4.3696913039037	-3.98232971282376	-2.84153711979987	-1.49815935781868	0.432802565539753	1.89220672132944	-3.58980677222399	1.76678913052759	2.24499682814721	-1.62764708051679	-2.95989124079325	-2.07264165404243	0.748007151840344	3.36786818032864	-0.873254432636784	-4.15721449086028	-3.428878186526	2.37807472999767
1.13547482056987	5.64415152676727	-7.64190382489522	-2.82250255380691	-2.23450827084299	1.18228131543224	3.26318760301941	-4.99001156006452	-1.18592980939497	6.47499779706742	-1.95850756932381	-3.98536595912935	-2.4804468290662	3.19891289625767	5.24999220854608	-3.61907601203652	-7.77401328070812	-4.89413515766006	3.98291430609309
0.730579704434461	1.6014495617204	-1.95643815908803	0.878435157779626	-1.74024757824446	-2.70631553953766	2.03361252384153	-2.1304072075373	1.78399211425369	0.801632896509386	-0.578485803980458	-1.22301183408113	-2.06577764007489	0.322000905699019	2.64365178683249	-0.915796852046676	-4.65658480562285	-1.13719008399152	2.60543797005287
-1.05182328367211	-2.94435737853343	4.48063942336258	0.93445130511808	1.26011727408474	-0.174006765382247	-2.62613214033817	2.79859061970642	-0.405364554804212	-2.34401869886237	1.76941052341062	4.24574818550881	1.91083291913212	-2.0128751809699	-3.61741532645926	1.57029251111657	5.42054592898939	3.83282059615989	-3.25144145192895
2.04613405386017	6.21221528518407	-9.90729422083473	-2.87783369372165	-2.46862556182823	0.970750750315863	5.51077362905964	-6.99004326890882	-0.197187089839437	6.54239986207598	-3.46562791053261	-8.48223051017726	-3.80077148147305	4.5735748193027	7.77156349160385	-4.24631913056548	-10.1380526845162	-7.41352180410365	6.7502304872313
-1.11671852037948	-0.654789913859005	-0.663348340531215	-0.242197521671233	0.512297959092152	1.04404157605546	-0.580269855329576	1.55654600598191	-1.55353086052446	1.94546743540243	-0.790022564558512	-0.118862456848504	2.69128422358429	0.58536990047461	-0.694415490496958	-0.879990533029847	-0.766837189779324	0.583967929296378	-0.732881195980355
1.88247492566188	8.91980075741977	-12.5085684943566	-2.36792441162318	-2.52277692659081	2.36144178844991	7.06555979551891	-7.85793698587038	-0.201761728860487	6.15261642447339	-3.79615775684653	-12.0721903235161	-6.57343959554012	6.5161813612691	9.72879042488985	-3.23786762309964	-12.6218734148463	-12.1919945787684	8.77395051436399
-0.136812790377965	-2.83600264398172	3.97499495798361	1.23527685004246	1.42691599029932	0.152640467785639	-1.76381885268156	1.00234330569619	0.390772290693095	-3.07498698794493	0.658505101426179	2.72342164135906	-0.0828814563241682	-1.83070429315798	-2.7353372399343	1.0334450807315	5.60483995507745	3.54345804041618	-2.1582649251347
1.84040958323722	4.47532785487559	-6.25549291618492	0.347403211010388	-0.433797038583947	0.93163968370057	3.59679656157644	-3.75344593562535	1.84606652529193	2.22611185811137	-3.95015164324511	-7.69423033042682	-3.30556493670979	2.75822124079868	4.78516077924154	-0.92801903130643	-6.93781304287391	-5.81991034338617	4.79952797339602
0.235283746791865	2.83082794560201	-6.14092380155822	-0.744045933967246	-1.77348397748654	-0.12060500736381	5.12555715336935	-2.93935029969821	0.218671145193033	0.550668038366879	-1.1688381706079	-9.44646368097125	-3.16895674793493	4.30865957455248	6.00496644180062	-0.78680064370689	-7.87476192412828	-8.77235094752557	6.10514924870603
0.592924919734251	-1.05516622455605	2.36739745330799	0.672734026406181	-0.132067956347708	-1.49775600890277	-0.29531770575813	0.101244733379204	1.45490680738391	-2.69822222168147	1.15354832815184	1.37553182549054	-0.997840457345472	-1.3030315073181	-0.653820375759764	1.21151491401074	2.02405269376196	1.10874787254149	-0.389659134388097
-1.15409157081259	-2.88776165542245	4.0683315708023	1.24396538319802	1.32820142698824	-0.0557999118587669	-2.25188179361636	2.65374214538293	-0.374787428733314	-2.39333557147663	1.42491144882311	3.41896860180009	1.61065725001069	-1.65429907163008	-3.26029985838345	1.4781500661917	4.91167167591542	3.34151779077589	-2.7755850714745
0.909019644538953	0.746887672892164	-2.03933962744702	-1.30495538241969	-0.762487985125833	0.311966716320799	1.09818398309415	-2.15757532771802	-0.286433782538145	2.09790652112817	-1.25053267277983	-0.985861597403854	-0.577679303400668	0.663986477657808	1.61138138854712	-2.28176783043659	-1.95178718964711	-0.0843632136834742	1.22595618066756
-1.05582629455178	-3.85575040733437	5.9961330760355	2.22128971776874	0.476619037510346	-2.31884725496647	-2.656647174927	3.7783804729524	0.977449747904691	-4.55566162153659	2.26071409626599	5.21801671163016	1.4669153276894	-3.05213232058283	-3.96651443970772	2.2637269669835	4.32435059179231	4.45105212060601	-3.28169658572771
0.349428067336113	1.67289126065737	-1.9814745834334	0.851828151520067	-0.212535120987489	-0.384432353972858	1.60496976713485	0.899816773753159	1.65117471706929	-1.44834050526958	-0.902771649513738	-4.97526406623825	-0.474617187681609	1.30284746981995	1.80546925274074	2.02280341105913	-4.16141151319033	-4.90107323677117	2.1678045290025
-0.82336834205357	-2.60282512169722	4.17885547162957	0.531254636159132	1.14990258596846	0.0430870288144409	-2.5736956207727	2.57706116079398	-0.468899129085182	-2.0432641451879	1.71715707889723	4.18669343699461	1.86143633642746	-1.93305824296955	-3.44260684401918	1.42842023024675	5.23355299862323	3.61636058631715	-3.20716495665485
