-1.41615754088024	-1.90786964340623	-1.6194001721858	1.77035120305602	-0.87477820646041	-1.77064010639806	0.491227321604092	0.764764794833452	2.74717025320805	3.95994401707788	2.67117177545553	4.54379882178415	3.75040976449675	-2.81978186470549	-1.6024411540326	0.348326111157854	0.0866948621736965	0.28276014513943	-4.8979909713941
1.12638302981371	-1.53506989951516	0.250226787951303	-0.126342208351237	-1.61331114259349	-0.790183523280654	2.52035759544492	1.39713209766541	-1.97507158527348	-2.39175139144687	-0.139404623036615	-0.637335770305706	-2.65767581867053	1.58206885791572	3.09779491438012	-5.15565419574515	-4.76780196985289	-0.221930063909936	2.66233730823669
-2.87635248348689	1.12071001225552	-4.29407761960628	-0.901698779491811	-2.5666870331608	1.36386931751038	1.20141770932244	-0.224526751719046	-2.09611824107574	1.93614570934346	-1.30996487271416	-2.58646640645558	2.85298608527864	3.43827413163312	1.0814822541704	-0.401857705095834	-4.67506009609729	-1.7994704695171	2.48164302498954
0.929727065556514	-0.311132732066437	0.918391888146776	-1.15932106973711	-1.6055021799783	-0.358106302956522	2.12925422777735	1.02833385582488	-2.43429867893025	-2.71096703740233	-1.31486945579427	-1.79577025672723	-2.92385414853666	2.48209568188654	3.00904958860944	-3.98333629012016	-4.71674527202785	-0.105295406591683	3.67813189732286
-2.73910898371701	1.04215438096459	-2.51219861247161	-2.11956383197936	-4.58598827503323	0.464720709719563	3.09213711358549	0.433751108395931	-3.99270176804476	-0.558253356168136	-2.10601140943082	-2.65553064515338	0.544896100658761	4.877073004729	3.18189417740407	-2.94159667656498	-6.88430478258219	-1.8916858289775	4.76484674049708
0.850809970220493	-1.44290890068303	0.77195728666316	-0.321411067914903	-1.99581664529582	-1.43628893561288	2.58003130050965	1.2106935550567	-1.32872110460467	-2.07831681417099	0.287545288838745	0.387681639699968	-2.51022762848712	1.16453660881692	2.67627814630125	-4.39328774647886	-4.17579668231838	0.324523687213756	1.6949148782867
0.119298580906364	-0.0210269562562166	0.390165633864899	1.09412740353072	1.35611613382116	-0.426982892338348	-1.51485597748189	-1.06150139644288	3.51868504137716	1.60551177599845	1.4224378665909	2.99647357084916	1.63817544825629	-3.21311105929046	-2.71514810959234	3.63414171680983	4.86616719797283	0.820261767894513	-4.11504373794007
-0.83217660325084	1.38502859903319	-1.40807173461838	-2.91550861671674	-1.94549999494236	2.18852634764851	2.06895388140572	1.23995493385885	-7.70781167342028	-2.8888665698764	-3.71009889297538	-8.26337915571317	-2.40546854233272	7.58302516816687	5.04203788249024	-5.26292582873443	-8.380419950206	-2.30145574650764	9.60289160904299
-0.933961170909534	-2.21957193761898	-1.1766901285081	1.62146864092783	-0.791208229883548	-1.60130956962434	0.555573899760185	1.81081073713708	0.559284786469573	2.67100198413596	2.37209724001649	2.91183690314032	2.6100443584876	-1.60469919969892	-0.463068951988002	-1.8178123384245	-1.31396543070076	0.370811566677604	-3.04185075923287
-1.86692059759022	3.3622514170896	-1.4200916568139	-5.21233318487548	-4.22698258371553	3.57197406832146	3.24452053456826	1.07401948861082	-12.0836287258273	-6.05282171654524	-6.53429217375393	-12.2264002285074	-4.16339626717297	11.8787059998472	7.56356986236623	-6.79092799907865	-10.9945885257047	-3.64001782331273	15.2161068081788
0.842512205826745	2.17113748504799	1.86706473147596	-0.748837846017425	1.86940008987499	1.439697711216	-1.90261998765434	-1.83811623451333	1.52576306850056	-1.22705299134798	-1.99296429165123	-0.598435903880686	-0.790649287627838	-1.06760160320621	-1.66247701614158	4.10541537487497	4.62501243622622	-0.227593116010338	0.0818978249758416
0.732042826625376	0.040548711237661	-0.491725324648001	-1.16761560624172	-1.55819005375542	0.518733799349982	1.87804481154204	1.14511106980488	-3.3350677108854	-2.51389658384614	-1.83821038853317	-3.53438806844615	-2.45302399611179	3.68627943946018	3.31110962584712	-4.34703687240776	-6.10326094266987	-0.312417218634588	4.82284447246504
0.153036128558039	1.64265773470862	0.648172223690837	-2.71286844904396	1.25251088782965	2.840884931553	-0.655607793587749	1.59489091384545	-9.01395433097049	-3.46011750388384	-3.43993192813629	-10.0407799081512	-3.32373913003624	6.99590772637751	3.87026925628845	-4.19859069987073	-4.58775141908691	-1.65845035361181	9.69224255323118
1.29760940101041	0.0710661260015581	1.73233108669732	0.0268785568346381	0.901287373685701	0.050197206345719	-0.136572360473331	-0.766336068410113	1.11527726623977	-1.66788752563116	-0.284069543563031	0.726216346826151	-1.65349429279448	-1.24779011927453	-0.145772640933406	0.695942585901278	2.57097736748272	-0.131613911918276	-0.0935980135069744
-0.116732652664641	0.0618457036141354	0.28675754678416	0.884650952824301	0.902956446920324	-0.495133743710229	-1.08665621706563	-1.24799476466421	3.61021825185523	1.63065954878308	1.25212035107258	3.17627899938761	1.65090854540908	-3.06442846275187	-2.51173854035967	3.63164430937887	4.4794129923459	0.54371135082879	-3.95481629176718
0.229942091647283	-0.869390862380637	-0.176157219803871	0.067377894205929	-0.62927563379644	-0.0984350311599222	0.900477293354423	1.23672095743952	-2.1174033185868	-1.01149223893408	-0.154223076454136	-1.03705163728412	-0.944923002880981	1.16253933633294	1.61318835068557	-3.1847008024691	-2.71605489638875	-0.406776865723216	1.78077101831364
1.20104598955367	0.0737430090648266	1.0389295597318	0.915781539105224	1.87592677375538	-0.332372408852698	-1.65344192072616	-0.956931088174147	3.62242859145027	0.780063934406244	0.573832408363915	2.37351410491161	0.0519478625745518	-3.12702858060168	-2.43885534260775	2.95595102573028	3.48327653539282	1.28624494355319	-3.61696615365833
0.882859007294167	-1.03880233638824	0.246214023690142	0.314708494346014	0.425637472360483	0.227654377110097	0.691034738987125	1.27290953550721	-1.33307269031291	-0.662072435186906	-0.586395514030659	-0.962052951274791	-0.816426285934952	0.36890752815165	1.42260160451439	-2.93166542980932	-2.2792397667675	-0.933057346223062	1.66133960273937
-0.07471313884374	-0.596485701610332	0.319284625850304	1.24068582846032	0.671387496687823	-1.14104332438335	-0.702257311121042	-1.1684632182541	4.10728676603088	1.824687476976	2.09984944379954	4.24568906702938	1.57064307513339	-3.64769110016653	-2.50474821062572	3.19906976015804	4.5224078372434	0.7623304745929	-4.8271253593005
