91,53,59,264,46,307,337,162,94,281,283,257,84,169,185,81,89,196,349
209,72,49,240,24,268,321,187,83,320,247,215,69,245,243,71,160,61,351
183,161,44,300,14,261,355,113,255,280,116,303,163,42,254,9,6,317,352
125,212,115,136,74,194,342,63,231,244,96,103,256,171,273,211,178,17,339
316,139,29,249,122,265,344,87,124,106,193,345,272,37,107,82,3,318,341
232,123,140,158,18,305,340,92,64,312,275,76,88,112,248,167,119,159,338
43,21,299,33,282,55,225,246,57,360,279,30,310,348,354,117,137,31,135
48,38,176,190,208,271,356,114,62,128,100,335,23,294,34,287,85,218,361
127,111,189,214,86,179,290,177,105,326,80,170,154,70,222,213,130,205,278
184,288,41,182,181,203,157,10,238,73,195,16,175,343,174,235,324,239,242
330,332,336,322,165,313,327,67,301,102,151,39,207,51,241,5,2,224,131
228,147,236,237,126,120,229,68,251,150,145,129,58,220,277,22,148,191,353
221,173,101,144,40,199,304,1,188,180,250,302,202,217,172,200,284,325,65
358,308,164,314,233,293,328,15,93,350,19,143,346,201,27,8,13,11,319
210,198,295,156,267,333,262,7,26,329,331,28,289,186,4,252,60,97,292
109,110,99,168,108,311,297,223,197,296,142,234,95,155,12,98,206,263,253
274,153,50,286,291,298,152,35,226,20,78,270,25,306,259,269,66,285,149
134,90,260,75,219,204,323,104,121,258,227,266,141,52,146,216,132,56,334
36,79,133,45,276,54,166,230,77,357,315,32,359,347,309,138,118,47,192
