-2.82438384663063	-2.404933640725	0.550917545870136	3.08551422783714	2.30589160274543	1.91424975645773	-5.56254267224983	1.67530614497243	-0.161860635539554	0.8789935193854	-4.47894740841208	0.304879869145825	6.52382986455148	2.31674344081088	-0.0477526494185216	0.501452018866181	6.376731783355	0.463616634825288	0.129579959222038
1.41647016494842	1.12000461767616	0.0324176152593791	-0.55350684648084	-0.660924788333137	-0.317863887848682	1.78311637563403	0.938745097598137	0.441954822804089	-0.355941090962343	1.07076663614123	-0.571565454007267	-1.96399647316106	-0.380266245595532	-0.175854377831474	-0.121523275441674	-1.10807959625539	0.838362189691731	-0.73805182800281
-6.49589089446278	-5.2980713273178	5.75444072547765	-7.74566310262587	4.74923040293329	-1.61747745581428	5.78690595459748	-13.0963955501603	1.76596795978858	-10.9700726601528	-0.25445096839722	18.135216241336	1.96765244849296	3.57654945265804	3.04776044063391	0.297080606184147	-18.5227265275477	-3.08501993565054	6.3441942133576
1.27072233243264	1.14367657662341	0.0229473450391184	-0.859700058267044	-0.553856166023277	-0.35685460622418	2.0027646864742	0.585122410580073	0.497240102770078	-0.661170536965312	1.10352948489708	0.100969887353996	-1.98605331332271	-0.473502920585187	-0.0622733267883717	-0.124011959844231	-1.67250900983286	0.595316164001184	-0.441544077351352
-2.05099236363779	-2.0482178006055	2.58867664197228	-4.3156915182394	1.41250581043212	-1.36142359823878	4.38770044611847	-6.82946635510003	0.981118394742632	-5.39217653022627	1.48225818756919	8.01437868593448	-0.886081053622438	1.08437126223349	1.63501174238118	-0.0193243288150258	-11.1609265069649	-1.57322619672558	3.01682625171281
1.6960161345039	1.29944022349778	-0.173096913273717	-0.730503137462896	-0.916997912852433	-0.463032813476725	2.21812548145503	0.690367161040214	0.492154644933252	-0.406490395590126	1.59288511587333	-0.622771528652255	-2.40917539322046	-0.699842300924915	-0.0361457817940778	-0.173632778688075	-2.0162196955049	0.60782427241329	-0.575764581397058
-0.968150485578984	3.97980038476962	-2.54673290370804	6.2073940712248	1.61559151620766	3.78711592678039	-11.0536522623921	14.5036929615293	-3.16729754694869	10.43282731436	-10.1099206829159	-8.27105187008757	5.24788481457159	0.652785285668751	-4.69623161647235	0.642674861890667	34.9817610114717	3.72279435993492	-5.05108911274403
-2.1465258150608	-3.20063568552542	2.95482968075288	-5.4217677465063	1.16202808268918	-2.20804365247588	5.99360811448256	-8.9657279561725	1.23055903436563	-6.44118140329439	2.87639967954631	8.58634292569641	-0.833726191158575	1.82969370122553	2.49214034573313	-0.0996065094939148	-15.8107893762632	-1.88492097946882	3.96250767990114
-2.43995226550894	-2.18845832943643	0.432863301707442	3.06818469751344	2.01337819409058	1.80669602096088	-5.19335936644552	1.61128189975496	-0.120910322996195	0.959814921887933	-3.97614819344451	-0.0318882819337016	5.96738231060828	1.99446383361104	0.0173846695789948	0.451707213338425	5.85854150171262	0.367014454492944	0.119701043713509
-4.35167516002439	-4.67237757265386	7.43973644910757	-16.9379614035481	2.43512356222903	-6.35084570724297	18.7577860299491	-22.9889383129007	2.87224936558179	-17.2206099267355	8.20473630547143	24.694328507622	-7.80494012913864	2.2413374591561	5.18357617627315	-0.494241067913022	-39.676673241478	-5.11806800097789	9.67849537100701
2.39428805822968	7.89959273828364	-5.75330732272145	11.0561037339778	-0.537137161365776	5.33848938714854	-15.5770399394542	23.6579497204273	-4.49108224341626	17.3060943821589	-11.5898485430157	-18.3691792813461	4.10536646082394	-1.68365419790157	-7.34614508260133	0.579169823835409	50.0747544342106	5.91050148947267	-9.51136474045037
0.574866566086323	0.583629859993703	0.913025109196679	-1.44531127134273	0.082485597504026	-0.360539842807355	2.5050113913208	-0.809543989562066	0.76807902751786	-1.87985136980684	0.940043879690478	2.20334645635981	-1.85360977928935	-0.149932864047027	0.264138226434013	-0.0701731674464738	-3.30347632168911	0.291166761936163	0.213572001359928
-2.42237950890347	-3.53087287238529	3.25470152901356	-7.88063724350341	0.77384532425926	-3.47777315909599	8.65112368420567	-12.7563912476344	1.01592321099981	-7.54240402899097	4.72691165565653	10.7840680504793	-2.81567710329022	1.32696827211212	3.22570059069263	-0.281540733147905	-20.4376791333839	-3.41588524162571	5.70989870162343
7.28488431527137	10.0088706177691	-7.57893063333686	7.15852561658475	-4.95582255432133	2.00408178215547	-6.95434203140612	20.2336000477919	-3.80083989887347	16.1342506070657	-2.91597518840832	-20.9871156487301	-3.91273039490573	-4.46396317384483	-5.84894030550698	-0.279491579968519	35.1987237502323	4.82312204173498	-8.75106387462533
-0.745569583405931	3.61077513120244	-1.94090426415292	4.7881791817391	1.37192942552292	3.05115981709255	-8.83905184559517	12.0376892194757	-2.72446455696973	8.82318513281279	-8.53832243801837	-6.60504735428725	3.82100552529598	0.456323093765248	-4.01824352670818	0.525418548378949	30.1118613442809	3.13007288416181	-4.1108769355672
-0.0457856087053329	-0.00274043231279775	0.0209188894230743	0.0127886352419367	0.0446757719922321	0.0264281491785667	-0.0540830433410568	0.0256301072455956	-0.00738595930131206	0.00651764245091424	-0.074865498109757	0.0561705710499869	0.051866136648818	0.0155911948420383	-0.0114287009731359	0.00719039338935414	0.141120416736964	0.000140969283660627	0.00482267144392112
1.0963579334755	4.81725703055024	-4.79099206336874	12.2913970840881	0.337766332394572	5.8527975273231	-16.5103975045729	20.116145445471	-3.24127031083705	14.3097320789012	-11.0104135375836	-15.9966332094039	7.10123183944526	-0.890542474160385	-5.6698090622077	0.711888139142137	41.6563102198322	4.7407008088788	-7.94841310827619
3.877587711843	2.91997369123689	-3.63722478545804	3.9287479656999	-2.91848619652876	0.630013114947881	-2.47928961094399	7.2211162832894	-0.772007219619061	5.76141050801654	0.939011555542091	-10.1231788744242	-0.910221478930896	-1.85157819037138	-1.29888797138857	-0.223121201230293	7.88909074368311	1.65074199073053	-3.28790413455385
-0.877580647393909	3.4601630257902	-1.93630826070338	5.36289873551063	1.51556116286926	3.33709331974359	-9.57141259615817	12.2958948032031	-2.73531281488361	9.09588510358944	-8.98796248714228	-6.8470712646426	4.34451905991434	0.498160933918674	-4.05266527083777	0.570721278715341	31.1193919854202	3.14687206011043	-4.14613398609007
