-2.72657608958903	-1.15491573498292	-0.410793709418127	-0.471146455601227	0.513879046085748	-0.779515033029156	0.566290760800548	-1.27906510433549	-1.31791426550295	0.837233268979613	1.68280616258303	-1.42471678982051	1.1129298535942	0.112696413511403	0.327239295290714	-1.10494670466277	-1.02375982937833	-0.489645819148697	0.671542279183034
-0.782580773907704	-3.3270556094957	1.85237413497824	-3.31233185777699	-0.653622399159374	-1.59243793066346	1.66943909277239	0.280405036906476	-1.53852815785638	-1.50473739066181	-0.347099904106898	-1.03229670411388	0.811017320921451	2.18285354410346	-1.43124376910353	-0.444172004908766	-0.541728370009309	-0.676756782709219	1.98203692476345
-1.19513932725861	0.136192745089256	-4.7182176882436	-0.934788674749807	1.86587074976087	3.04851017654299	-1.91278342786699	1.84953617453371	3.02983006130832	3.62758272213747	1.56220913874539	0.255351116907271	1.20564906950843	-5.40160514831539	4.74559837601182	-0.823221460566678	-1.04659927123128	-0.540949106573123	-1.58590507045339
0.459331554172993	-1.56063206613218	0.159966901513264	-3.60090755939858	-0.736011906346912	0.467701521456888	0.467425257164177	0.180262194050815	-0.0778091573872128	0.0435309676104616	-0.444653992178111	-0.985266226886271	0.999320825801799	-0.170407182580108	0.313020666306837	0.336343438066751	0.209686758505605	-1.0310164588122	0.595733698941324
0.837113225880868	0.438923103724998	-3.36917998688627	-1.54887459616045	-0.576449102290891	0.796011427412935	-0.35452382982772	0.760469368847517	1.31544124468022	3.19890319002757	0.593743753860312	-1.33221513920259	1.99804394043412	-3.4897098002637	4.27214354787727	-0.700647434973802	-1.68784056211787	-1.93122802838586	-0.6862901248948
0.311895923469926	0.0054812258495181	0.931260220709553	0.30585608445553	-0.339357155482437	-4.02556237791381	1.20177787654465	0.216918513987419	0.259779702108694	-0.604401064810519	0.574171381115857	-1.07827191513455	0.745176506615156	-0.980383602788476	-0.354389653585135	-1.17536743337757	-0.377567307725823	0.153599485255637	0.760178135502757
-1.17683092584165	0.91738530751206	-1.73186700768023	1.91544153245393	3.04911949784047	4.43659937951639	-2.92299157474498	1.67139912852051	2.68652768315316	0.59092909416632	0.0450062749772845	3.07334388903982	-1.93843624501226	-1.89979743764083	0.995258869808425	0.284070983434931	1.06577252494368	2.0357365872379	-2.15732694642435
2.90498012947221	-0.333063236221351	4.57470768649907	-1.5912634333722	-10.7558792989646	-12.1331797587252	9.81907655838819	-11.1961513206422	-12.5339213163377	-0.810153207951787	0.557631084298716	-10.621828453527	4.7498502159064	9.43036067230999	-1.24664247563267	-0.286249483807445	-4.92734353139824	-8.52331215768491	6.73690240840199
-0.227000970345326	-0.706944907701409	0.461749532741565	-0.854220909211488	-2.49986164796894	-2.28046201334251	2.21604691424787	-2.68441730798264	-3.61764482060769	0.746769872594901	0.303904785598976	-2.96074655701677	1.83033424035185	2.51161845004642	0.163224144544538	-0.415116962124955	-2.20566125161773	-2.54854431765194	1.60115442074043
2.29680074599812	-2.52649138244912	3.73788003074741	-3.28363919204582	-6.58898375539566	-8.88719853324869	6.9493901756659	-4.84528192671067	-6.81136137438873	-2.09433905199424	-0.029065067209622	-6.25363303249947	2.90983425903905	5.96254750302757	-0.759260234678461	-0.965287367932874	-2.87774220388616	-5.07568918545259	5.33891930450354
0.851638319730601	-0.447327077583125	3.06809912180628	1.28846069705437	0.261382539873509	1.21741030832177	-0.255393654525463	0.34186673180082	-0.757190718573412	-3.45363065175478	-2.23247990758025	2.60732710493596	-2.88481445152917	4.0023503725794	-3.74309185294754	1.53070241381449	1.58952092902993	1.67825165422392	0.223808162016269
0.246297869278186	0.680156776945714	-0.554594499926093	-0.282950866936183	-1.14634957970264	-1.27905372881798	0.728101627532972	-1.50552900138182	-1.02293045059568	1.42712372561201	0.446432480500171	-1.9575206164516	1.47629401857343	-0.560110816800462	1.09094144836432	-0.323545237242966	-1.1493968190578	-1.45402877488542	0.172803978957331
2.17656209048125	-1.69933983744129	3.24087292857449	-1.83970866909551	-6.17829757946308	-7.41341926580104	6.25385844098126	-5.14407497558766	-6.85898682128314	-1.73720084144555	-0.204476580460179	-5.45809148982477	2.21227019731581	6.24145212746754	-0.570430686909321	-0.5319121582352	-2.92821549870451	-4.84500119565994	4.70932479406734
-0.153712061512783	0.151831866131455	0.363848586055765	0.165366154519749	-0.698762241562378	-2.58978138326633	1.49932106496253	-1.85218174772595	-0.460835617224042	-1.24337234200857	1.42708772119832	-1.07503281204767	-0.251466888813262	-0.821712164978051	-0.519047484610003	0.229899964732321	1.02656875566899	-0.298514849602942	1.14751015004421
-2.26964590808752	-0.526041242718257	-1.3409592564669	0.0312486482207355	1.51501607492485	0.838159852092446	-0.729512995533749	0.233281150187199	1.14396995849928	-0.128991470486552	1.97245006736816	0.589244063849243	-0.569169045500121	-1.74992699083243	0.239560879873352	-0.44051361670639	1.241839607166	1.04994860487178	-0.244602418373058
-0.491522279668489	0.411352791385829	-0.788615100241223	1.23164669418092	2.89620930320389	2.34121022894909	-2.46240437493276	2.93682791573545	2.82841791610918	1.07121927733404	-0.813632033805528	2.31142048219369	-0.584378401832613	-1.95345902692515	1.19855831398017	-0.879917560769303	-0.471296282759862	1.80460402767861	-1.93165710288176
-1.34091656825402	-0.759152970647083	1.56952542113802	1.87927216519186	2.75949955502637	2.57763653316788	-1.93176288039388	2.08598202793924	0.931216180283961	-1.90873920402122	-1.47626681279712	3.56277017138795	-2.50617951483593	1.5758326488841	-2.96019734451679	0.616779873493858	0.862536134926088	2.84710854251789	-0.9347928957066
1.25733278474351	-0.752934140044328	1.09918989211516	-1.56595577197479	-3.20365206711147	-2.76225544803715	2.69214608104301	-2.46267160016667	-3.39712469866976	-0.0172316107240116	-0.510338663832979	-2.9031393410934	1.61837802884047	2.5692704246949	-0.122525734129468	0.195793844285181	-1.79965340233972	-2.81571033878176	1.94165187932754
-0.62432476855314	1.49112552083081	-1.65109494452554	2.37081897362081	2.50645287626526	3.79728777103453	-2.62906180246145	1.19711781609227	2.36251360189356	0.735115614434409	-0.05545462154387	2.67922988919256	-1.77838205799264	-1.81237618278703	1.10215831467179	0.329799191656633	0.82671059559214	1.70051464766537	-2.12295749545544
