-6.77424724213883	-2.31927084788081	0.517853111329205	-1.2655857275907	1.01611091975987	-0.586026725166532	0.590854830377995	-2.00654107495304	0.565218642609524	2.57568793060861	3.27904423160353	-3.92476343025391	-0.225602229990403	1.93946618766893	-1.28398203341948	-0.816125538802325	-0.811774971152263	-0.424165674085877	0.422776733507172
-1.10884453344908	-2.2180864663165	0.119663378632944	-0.7280221532881	0.0151497472188154	-1.15917019625073	1.01128016189824	-1.4174316460172	-1.12295398741624	0.638772186675785	2.06564025002465	-2.03056377506178	1.04860425535514	-0.844241712079018	0.0479147694908094	-0.826796730447633	-1.09297237465029	0.118003002125349	0.983449398814914
-4.39563939377617	-4.47654668377485	1.40735030018567	-0.268185662415628	-0.166393284075278	1.04319076072097	-2.29696042418336	-3.33161697171919	0.0124442427730158	8.07340113706199	-0.907783078632988	-2.42589424478698	2.6784120974858	0.916579673084535	2.13339477055874	-3.6752067598457	4.74602137468251	2.86022552887187	-5.47271298426
-0.638867451342031	-1.91133782880744	0.803961998635644	-2.05114257249134	0.305101783623418	0.0890186119634006	0.0127425782782029	-1.81877615402876	-0.84218238755127	1.20094840275223	1.28997574811206	-1.96005174413978	1.2052327294902	-1.41010339953035	1.63745197220407	-0.96374431825613	0.573915020012676	-0.559512990956388	-0.470964469382057
-3.42214345488377	-4.56215637966589	1.48597105065045	-0.517570529551626	-0.272070681043066	1.16559854762212	-2.43814498398796	-3.1367810431511	-0.136570270168723	7.89741987358281	-0.520140365305036	-2.42119245041918	3.07705191931439	0.0464241260748252	2.27683123983825	-3.89537159009225	4.98204886472038	3.04069459287659	-5.54965033331776
-1.25132226949169	-2.13905826357088	-0.147664294260185	0.0242143383743313	-0.339621424718028	-1.76322673345096	1.44565848367102	-1.97728959075971	-1.49917264142958	1.10603551483979	-0.00593424479086626	-0.961958371645978	0.677098766058037	0.844495258734901	0.00707558438464373	-0.934536171351411	-0.760411620815353	0.467658793913642	0.762354605419936
3.02214963128176	3.70698596058796	-0.600566272904186	1.97120734294494	-0.454320508602946	1.33746056119908	-1.44943782012548	2.99580133283583	1.36757478159377	-1.22767654832192	-4.10849372157713	4.03194648659869	-1.2320567548083	1.13114745831672	-0.618779741583789	1.39095814566759	1.0553942852577	0.288447060748427	-1.32901863463464
-7.68274495593275	-8.06424920603218	1.43011923841107	-7.74732161157701	2.37402531468894	-3.32507352486197	4.99580836839981	-5.15814745116834	-2.21566881605275	-2.39566591412693	19.5249539278854	-13.5148415369311	1.88946893351898	-6.24973071419554	-1.40453268542137	-2.32271382162645	-6.12783467729771	-2.85085394905798	8.30784578361833
-1.58319368557353	-3.07521244685471	0.373069328616695	-1.81678319554809	0.0209732064885185	-0.796150369679607	0.661060646771292	-1.70026654871236	-1.17979184156545	1.41384349795072	3.7431229571773	-3.32681213067205	1.80545488684428	-1.83057419043356	0.30651049182413	-1.48435708812344	-0.478033736836605	0.0946836709704001	0.589680506938699
-6.76772355223657	-7.94890827111121	2.01311434453017	-5.37654172126719	1.7176050073907	-1.79823802029724	2.58787374119969	-6.27765898076109	-1.75408074904846	1.76030743723186	12.3285223645798	-10.0612428548181	2.16111015006314	-3.85742421653964	1.44673939104876	-3.5072411794401	-1.34714026007896	-0.53146915544561	3.0023048357551
5.94092380538951	7.28163783055334	-3.07491410998073	2.86981857529128	-1.11947997270556	-1.70953502007029	2.64269371360745	5.32907081431255	-0.185663186731668	-8.69765929460557	-4.5124947802994	6.50403492857658	-3.75481646451009	2.55509436469531	-3.36179237234099	5.21156684334046	-5.21658754633539	-2.926241129457	5.4946925561479
-2.49024983034885	-2.07987666947878	0.65550020408184	-1.10648869002279	0.455460854205197	-0.0517875406725759	-0.119977702990538	-1.53781351800147	-0.194322657552238	1.95286078856546	1.73478109359163	-2.37119111780662	0.884082876938859	-0.447060248267671	0.471942214065641	-1.00904255240899	0.153818776292934	0.0670324415833988	-0.5378099091916
-7.80641136839929	-6.73116732714235	1.68102890237158	-4.61046715391496	1.79978078532033	-1.86792877036573	2.68058503722267	-5.59574630972338	-1.06946367567372	1.61207148240178	11.1352378322041	-9.15665866846631	1.09245321073443	-1.89872793284418	0.244627858132771	-2.86144902914687	-1.62247661991854	-0.665485974206583	3.16408158487029
3.90515066549474	2.06737525847233	-0.37407935293815	-1.89230215142481	0.492001763048556	0.353483904262876	0.639275217578168	3.4383260573822	0.575135200649233	-6.19669707035745	6.74119650153638	-1.24416682337305	-0.405702110030909	-5.06797326598095	-2.03729046990736	1.50346116095534	-3.14307910493858	-1.67900218019971	4.11650475814688
1.30090925922379	2.27781580619848	-0.458275390051403	0.627783051536549	-0.205819487440448	0.223677147936454	-0.475707813442692	2.87629779606552	1.44598438129628	-1.40365246345818	0.862314880849438	1.3874364429408	-0.994251017633245	0.442886792086492	-3.69699119635571	-0.0784414089658305	0.272394489790277	1.17996235605518	0.363260291084025
1.82136600134353	-0.855461758865573	0.13550884537726	3.20080169323772	-1.37348331656378	-0.349723737665046	-0.967914800280181	-2.37078297064893	-1.45478797830379	4.72970287948724	-10.1539607187181	4.57333192127399	0.96668388599717	3.57470673294494	3.16580334307018	-1.41218710217835	3.85143176392167	2.66554114093991	-4.75323108913857
3.43002690267544	4.94777856201169	-2.36292976970302	3.98605924967379	-1.15918465670782	-1.70723897033345	1.68895510369361	2.75355710712719	-0.55637891998754	-4.17532368937635	-8.00679132202473	6.40607189921312	-2.82688349381367	4.34105649171009	-1.5542352630835	3.70846580533797	-3.26749029389756	-1.37091025874724	2.28214943603481
-3.72959083616057	-2.35260053890858	0.646898231725031	-2.53819803508045	0.785667699221316	0.00889899115084614	0.379669512464579	-1.90366315154623	-0.296327351039318	1.21668444714434	3.93556242034815	-3.97869575695664	0.764135152585455	-0.95537291088914	0.83812005229534	-0.540818153690415	-0.694804127865269	-1.41917118017785	0.601336064080836
3.34804329818127	3.6638058452272	-0.764967425028274	1.84184801344301	-0.573280814972166	0.96824288716953	-1.03215715218288	3.04994295685652	1.03922653739006	-1.6401349189769	-3.82282775572207	3.98616794712171	-1.13097108610747	0.995841710312394	-0.850312343162881	1.46067212929119	0.596829383756465	0.145264424750739	-0.744991098923091
