5.61126852877575	0.373596461278552	3.13740870290345	-2.9263414941533	-3.40400894041103	-5.18064260278267	3.30339633509443	1.16264421730161	-0.298836386124315	-0.873386745134461	-0.73476429299832	-3.63843712734447	-0.239815461304193	4.98130477085418	-6.23937307466143	-1.10868691893485	-1.32046019482705	-2.355972391051	2.8283801821279
1.05854665650374	-8.30645144064124	-2.11221731860827	-2.13450538683262	-1.15552265800165	-2.01591902087983	2.35305145603497	-2.7332860797481	-0.171581705244993	1.48775756161522	0.369610072632099	-4.46368308363553	0.891810539254585	0.195508182582899	1.89229418159435	2.16168924475037	-1.0927376157068	-0.492868940650641	1.61575279995137
8.71357107234341	3.03836837811485	3.23129836206212	-0.852874120551768	-3.09316949549961	-3.74395677278699	-0.997504003411933	6.84853426147775	4.3695227749973	0.632848172043381	-3.54653764260742	-0.3096534557395	0.254274592748644	4.72362171574789	-7.55962949517999	-1.83931988353003	1.31462581913347	1.65593059984859	-1.91881693604334
-0.0161048564885196	-1.34143268096938	-0.457992068664743	-1.52252672763007	-0.371797188266838	-1.11145333963788	0.233999692255242	-2.26699289621643	1.0164632386304	1.6380117449181	-0.0222475122403767	-0.811126283049447	1.33339246957584	0.945206274432303	0.58059822912793	0.247212298085019	-0.024175206194057	-1.43121655865779	-0.999971086821065
6.05805612871881	0.0335799161257171	2.01212446930254	-1.99122953527467	-2.87349100649655	-4.87103159705892	-0.509425211626038	3.64658421566715	3.93884493827173	2.01304164948283	-2.7348562704694	-1.2017180607503	1.39306131722584	4.59402861370996	-4.797490032002	-1.03039447196261	1.63251381578722	1.17012136589704	-2.44540515252764
-1.96031682362416	-1.16846661745051	-0.400846077556526	0.0348452118412865	0.16467435900999	-2.96342040297407	-0.0970816322295107	-0.962835542037013	-2.15967655461409	1.12300142521283	0.108394894146694	-0.643347817231735	1.29090304369572	-0.315229888652661	1.77854794715926	0.299076429245147	0.469603713904061	1.07871481420456	-0.716146156873259
-0.717738913163907	5.05280258952052	1.11400969161279	2.4254332520768	1.42586005249579	2.39678525911448	-2.52267312370043	2.72131264448192	0.786546755177209	-1.17764975580711	-0.818767286469453	3.75113898230855	-1.10272370308382	-1.23378044751166	-0.509062547490614	-1.00500178724031	1.38109267019858	1.89420097009213	-1.78834866923242
7.80318866336798	-6.46276479687178	3.42035901709038	-9.74512123125782	-7.9612768946216	-6.84438550358945	12.4697564110456	-3.93725976132862	-2.43919674009887	-3.01696600167206	3.35203563210911	-11.9432174549132	-1.28927511583798	9.98092569924762	-10.9909839404966	-0.511634667024992	-6.80958793107752	-10.908176396446	12.6119983860769
2.05815491334821	-1.5434379723869	0.246058981571117	-0.843670359054684	-1.77343270948394	-4.51392212639247	2.51331003679365	0.059288806294866	-3.91892802826013	-0.11541226464459	0.536663779645001	-3.64304425540784	0.701921821670375	1.423442131836	-1.19229967730863	-0.226727258778357	-1.7514181577456	-0.866646680487705	2.76986840052475
1.40614887211005	-9.87795762905077	-1.59909166267778	-5.36102166765976	-3.54083719041422	-4.86255774842645	6.34348307383609	-5.42560037077993	-2.00577603213157	1.05051113716011	2.51377530823831	-7.92375900219865	1.19530877994598	3.63936406371485	0.277891379993332	1.50726334928298	-2.78428058378918	-4.41262688355127	5.23767174095843
-7.97361190048655	0.453101280845829	-2.47680559871788	2.95766250878425	3.99217264160558	5.74659884820691	-1.04604731996917	-3.82287866589598	-3.4464106815198	-1.58846447970601	2.50375855845403	2.88653519613217	-1.25307518754179	-5.79558218799543	6.65577076290436	1.18209649619038	-0.443865355192827	0.184208414715116	0.649094526543053
0.0645098606396961	-3.75827993398663	-1.54791730822864	-0.900784248461163	-0.438132644425901	-1.75084670109295	0.844949607063771	-1.88381246542186	-0.948709198461898	1.52493322238294	0.33553743250812	-2.26726806818098	1.34144576990794	-0.139604484291036	1.79421994561982	0.910594313912927	-0.684897433115228	-0.458027294430515	0.229397747892987
1.16544845043583	-10.2695494383989	-1.68488827845925	-5.43694504621836	-3.42064056733378	-4.12407368485643	6.36518041595643	-5.53569752515014	-1.48188935027503	0.878392527026023	2.58124844889755	-7.76622856665557	0.907052772100059	3.48154386419374	0.351079954920547	1.69938866390152	-2.71293422144957	-4.40596607182748	5.32619485686117
7.75748442321444	5.21967338434181	5.91022905616431	-0.80030861130852	-3.53892167267504	-0.604796145605935	4.59933321787049	6.55496605612734	-1.39452246384122	-6.83015308260329	-0.360307229303636	-2.22610287942609	-5.13745696423681	4.36143217248979	-11.7181993548016	-2.25380359538783	-2.87325468731834	-2.01872401890935	7.7772136116457
15.0575213185186	11.8812404804154	11.9406601839036	-2.28292125459398	-6.57154785624858	-3.7491107427759	3.64967111254231	13.6987003487238	4.30874921452136	-8.11794207006694	-4.10963523333594	-0.461116153122596	-6.53871837609404	10.5375060203857	-22.0768196363059	-5.03836792451724	-0.53322624734648	-0.79470500429295	5.88492963017351
-14.2516870547245	-5.68638171408048	-10.1513602122381	3.94387576953184	7.35161914026015	3.61314679752328	-7.60215404470889	-10.6066195366588	-1.37926070529078	8.94681382179716	1.82298418403798	4.77352614050948	7.00248223026917	-9.90615662909049	20.7943069567332	3.32328843316188	3.39067953558713	3.10179938812505	-10.7943242014699
-9.86898031661751	-0.52869226438461	-5.87862234621161	4.21807797747363	5.79415835622904	5.83650112167248	-3.63243092167473	-6.78882874086666	-4.14619047215255	2.15935319609935	2.48933464125494	3.58523532282956	1.96273457706097	-8.50863982630186	12.4487042934269	1.83476770447397	-0.256579539908778	0.264203346661834	-3.14876077739953
0.642897542703867	-0.582570668854501	-0.518950198779676	-2.64123923478002	-1.20567502978732	-0.748532299071506	2.06421304901176	-3.5394814211651	-0.12453969977834	1.14606474816902	1.31427774080531	-2.12510556258403	1.40809407493938	1.91390069802037	-0.58718888128698	-0.31701218307094	-1.93504764323847	-4.57682476987964	1.24798261131391
-0.419879782851909	5.8051552591695	1.90988857922104	1.70448793417782	0.997681160086436	2.08730549608234	-2.24003475081742	2.79942814642276	1.50227644258156	-1.28285286292203	-0.93024137502513	3.83911821232799	-1.16078052755397	-0.226234409256637	-1.86727089684478	-1.31788677268435	1.45771165440071	1.29679660483525	-1.75112649441775
