-2.42351033081562	-3.15894216130431	-1.91208786901283	-0.650439259333549	-0.176401547403124	-0.498711376814603	2.34498435292695	1.26933408688303	-1.29473457469678	-0.394479146554254	-0.280654169214426	-0.616690699975584	0.776075474758834	0.295315582996623	-0.650154817933742	0.147074390792457	-1.04339064134883	-2.92583223902048	2.77918448743364
-2.71699255451935	-5.55227054850469	-2.50599706630503	-1.4162834849145	1.04994006256039	0.452485579066582	2.71397875126465	2.59753056821203	0.152446791100812	-1.64028507337587	-1.73390186904714	0.0933816397906044	0.903469582495632	-0.657545347491947	-0.527196465001922	0.252128770009194	0.332833760820754	-4.41642521087155	3.54059568731001
2.90234391497363	4.43065460231188	1.50761176086944	-4.34783149568824	-2.63607714154521	-1.4331131303522	-7.02929105220454	-0.849746466410195	0.397945528534927	4.15212243666203	3.2076511508039	2.22970875598108	6.67558480311178	-3.61259700434274	5.03458727739036	0.704775288678045	2.39643514626529	2.82648083449831	-8.01792870761751
-1.99501447962546	-4.10907064925126	-2.24239503499304	-0.762430057369488	1.62874000103135	1.82107870146712	1.09022480224162	0.19382398724202	0.941219176475444	-0.379205615006846	-0.985797248324444	-0.293077110582565	1.10108971889661	0.0367506217710232	0.239157861316884	-0.0447376317542674	0.176922703825533	-3.50848261050605	1.31871450978569
-0.0661702132343152	-0.866204914454727	-1.2567868244701	-2.00089273900088	-1.51484353530102	-1.33636450011651	-4.29567441152665	-0.669890108513755	-0.24502462081908	3.97352337351016	1.49407327303465	2.3210465462512	5.7919169338188	-2.74436285217048	5.68734736264975	1.18927396764105	1.94382735377049	-0.277507561117972	-5.75947023275275
-2.43059429171331	-4.75176977247315	-2.1775058536804	1.78338824853611	0.191030158287916	-1.41397310343956	1.59600983326547	0.686288780738177	-1.14872623421233	0.601579793844383	-1.58119283610229	0.966618189517251	0.215329851177472	-0.458704682702534	1.76964466442403	1.03265668618422	0.0471817224398894	-2.17600233848359	0.8169486145881
4.7144854744336	7.85767539574586	4.46365060393284	-0.941110143952149	-2.15926024966661	-1.75948365519131	-4.58982803422009	-1.27506270263304	0.230219953653463	1.22681013164476	2.15069932158391	1.02103356563178	0.214817573687034	-1.52160435393221	1.0078274543297	0.0743970805087434	1.24377487249509	6.27934021541481	-5.04176130807294
-9.60061526696473	-12.6285521667767	-6.7643471187322	-4.05052322797862	1.73851646895607	1.78049990008613	14.822875275176	7.68613419408949	-2.93479041943243	-9.05179252291195	-2.53647034733462	-4.77684413226365	-2.53840622417659	3.66009931173815	-9.52220303459561	-1.34421722507992	-4.09192414825191	-13.9109440738014	19.8077874990468
-3.32756380603186	-4.50403584906571	-2.6731598444957	0.688214750573012	-0.337230048898178	-1.2849731792373	2.84576505573981	0.948668251379207	-2.11130706427769	0.276134352678309	-0.610853123877565	-0.310854114076139	0.623194261407631	0.465020147987958	0.26804064844179	0.581098098460375	-1.32936368528499	-3.30270231525539	2.71343626268142
-9.53954168188258	-16.7855569859042	-9.11598803299441	0.492948099845391	3.91640443133923	3.14520277668629	10.5668215551128	4.82210275475145	-0.215766516649687	-4.79847399895818	-4.52906322665545	-1.42637471196735	-0.989305738439241	2.4539361898506	-2.47056229643295	-0.167080463674192	-0.86260810518704	-13.4707211945427	12.3758635285365
0.0200031573214403	-0.349859748833381	1.03567435439976	5.02768981860624	1.29407503265142	-0.334075338615879	3.87391945257585	0.305049632981348	-0.290012599256049	-2.78732281175024	-2.59853349981424	-0.837828069153021	-6.76294463863757	2.29053300758764	-3.51464110038036	-0.307009514936509	-1.24977476027854	1.54310643753963	4.02284195104764
-2.20047498187533	-3.38830958881052	-2.37373780696334	-1.19626370282375	1.55671613859332	2.39029120456971	1.35404933163402	0.161844994209062	0.745139073482533	-0.432658335680249	-0.484169496973584	-0.95329565595738	1.30561217937384	0.695365530642036	-0.6475055311463	-0.457442100038601	-0.684442928902435	-3.91376111945186	1.92999197378287
-9.48042469008192	-16.3140627987937	-8.95333392291416	1.33364086442968	3.96025824820633	3.17278518219884	10.8654547064068	4.64375532394286	-0.390175476879329	-4.86995076125729	-4.63442118744816	-1.55941423859627	-1.77115787630241	2.97807261956735	-2.85777486111625	-0.270635293481513	-1.28700429691891	-13.1003410814084	12.6263423727538
3.53081285947431	7.30998040734383	5.44198522359473	-4.80995304352336	-4.24602826226973	-4.78108553890922	1.10028647745981	4.40046724879831	-2.35974686831032	-4.40704827609625	1.88754201291317	-0.254616470216396	-1.89253520116401	-2.05726048858263	-4.46219565033643	-0.135032726526968	0.398723567679486	4.38910152526179	3.65875002822569
8.71259276544093	17.3185135933076	9.6732915456187	-9.85102472722634	-7.03770780537443	-4.91139114037879	-5.81840509272521	2.91848806413584	-1.49875912406625	-2.14875364602403	6.33972753504241	0.0830975463546224	2.23626224878835	-4.01507251205485	-3.3356348386851	-0.848703687579692	1.43530526178923	9.71728855842869	-3.01871539261036
-4.20386196595396	-10.4433011188225	-6.80523514112782	7.81623713941584	6.12671986757198	5.91968158533427	-1.34419809859874	-5.5208631031441	3.68697790645369	5.19849675596843	-3.80480673939199	1.24588331305142	0.965300994831928	2.23696781833118	6.36952130639931	0.534084030427396	0.514416097073106	-5.01429632450771	-5.05857676037769
-1.58189057733779	-2.19128867524154	-1.4435866742661	8.257370424709	2.95445068044779	1.88090343128679	1.71046948755185	-4.33922018406614	0.0413052229276927	1.93199597246253	-2.36968752030688	-1.29741443527845	-4.76551043176999	3.89510610618565	-0.385747766583034	-0.179691082704847	-2.95867147740309	0.473335996504659	-0.320779978127177
-3.25579312219589	-5.00752570992176	-2.91649944118633	0.4367860118241	1.15811513687303	0.890580499444544	3.33542379593607	0.876685748765073	-0.555136700755209	-0.765013086033727	-1.15242399235321	-1.05277578856212	-0.1100010470099	1.17911744344963	-1.10360687208951	-0.102574331232199	-1.25161778724692	-4.14730090476019	3.73092265842357
4.99684018661401	8.59787641521773	4.9721198473708	-1.32817900296757	-2.68637029219844	-2.41379096467633	-4.59759085199602	-0.93016031951027	-0.183327902406738	1.08525738234859	2.39456075251466	1.06426414722353	0.240934073881609	-1.77508803022756	0.791519850733797	0.15658196767903	1.17241485361648	6.75279114589306	-4.90765500233866
