-2.09171451220077	-0.127618250436214	0.013498390070282	-0.0473023527910105	1.5440059745772	1.42526126626246	-1.20197604825891	1.56517910733254	-0.939510162946803	1.65648880555625	-1.4434304323936	0.44087659230641	3.39761407396394	0.294088507304827	-2.1021519427003	2.41445971518265	0.355637655038497	0.425724655717143	-1.13673620114019
-0.451033849346457	-2.40124508711108	-1.14544697666656	0.908543840372741	-3.98992745141074	-0.0200010298427112	2.59739154846899	1.01263355573894	1.03251534160539	-0.379196846385983	0.167406763964312	1.45376523279322	-2.18418910279396	-0.914960275143562	2.71926976637127	0.97010950237909	-5.29833390255763	-2.82729289003446	2.89648716547363
-0.841226523535287	0.00116698945802777	-3.91764359257599	1.3063467815023	-7.83937352133053	-2.42474065547033	3.82310941948023	2.3023281617347	-4.64589328198467	1.48252306409895	0.0339973863085167	-1.707250997258	0.981096180912842	0.837357770414974	4.67640988712266	-5.75883900594444	-6.03541111563326	-3.46891944681445	3.9952944621697
-0.967483152173495	-0.952766912436113	-0.222487151121001	0.194016392634363	-3.13481684114545	-1.11443454467068	2.1358345296059	0.273339259783324	0.907342491390011	-0.394441764752826	-0.579801884839182	1.88929072317675	-1.6554683508641	-0.394005603620179	2.34421293224286	0.47198359431537	-4.13022677257017	-1.17933196823414	2.14506359895683
-1.36764661283908	-0.465943729169761	-1.19694647849304	1.82839480079424	-12.6522477711013	-2.75030943156246	6.40374373976167	2.73795127247306	-6.17064772810434	-0.855406868377019	-1.40969026412054	-0.343554314987362	0.0229134184519888	-0.135776994530602	6.81981966372594	-5.21461835089525	-7.76031438464501	-6.05101427280553	6.7698528658114
-0.871720435103879	0.09802460481841	-1.0665007164228	0.955915929776729	-5.34392100082908	-3.35325781617289	2.67489690457272	0.974925577895021	0.554830438362879	1.15229344669013	-1.00863304380342	2.20111317400805	-2.17813632144934	-2.09933657089191	3.66548439062494	-0.218141666302422	-3.93932469751605	-1.450136557038	2.78089221789705
0.630947846459013	0.859737640939417	0.4615131058927	-0.34969564077713	5.59181930209299	1.21049639982534	-3.26068867504478	-0.863756840431985	2.01003448445823	0.988492615991317	0.590139100193182	-0.0296845080349396	0.309377168577632	-0.429106793661959	-3.38118878806858	2.36086609933662	4.8390853490863	2.66114777449658	-3.33760075145491
-1.81930779010354	-1.86201971100988	-1.43292196898161	1.27822012475064	-12.0831492724262	-1.97396628101049	7.07648505198174	2.23444898636782	-5.54434930849621	-1.29303879601238	-0.273286033762176	-0.175262822786741	-0.747926033953088	1.34206945364169	7.35672026857595	-5.34156176579467	-10.1749051614189	-6.60016034803427	7.35829199909276
-0.487871808013573	0.2069800265583	0.433171155492423	1.07480109937472	-0.22431956334239	2.42872664688557	-0.750979085309233	2.76468491650165	-3.15443899452336	1.2404468962869	-1.45524298039697	-1.07919557315453	3.65101176773827	-0.0523583127357564	-1.64206690762258	0.225841446099442	0.252032148135033	-1.28927355200784	-0.4242557987354
-1.89494943430649	-1.90565874486123	-0.625284939333207	1.17393591036106	-17.5108553600555	-2.98831499726144	10.3678714272004	1.59635099692035	-8.55672565387602	-4.37818317510201	-0.393328389853769	-0.798091036780081	-1.51746081128887	2.80699773105743	10.6139805480616	-8.96129027927798	-12.8954418844954	-8.85407541921197	10.5704874180259
-0.047818493980497	2.14210775217626	1.92378196849063	-1.24747249977519	4.21062316030616	-1.04833381815209	-2.42361130168839	-2.49212133543069	2.50652559861713	-0.743546846443968	-0.643293050132055	1.41394134342815	-0.595874282290046	-0.398712489490331	-2.37907067291995	2.19814416992238	5.35579215505869	4.02662435826112	-2.84619242302359
0.485720202820947	-0.904208344641267	-1.45472136508617	1.52954749210624	-5.64285825267526	-1.00527675839148	2.9527062330415	1.62450836366692	-0.700905267017182	0.0681521233376731	-0.180908574576317	0.47244887725747	-1.89658182416297	-1.11308843521749	3.58546012076663	-1.84194830619464	-5.15844823341308	-2.99681478182918	3.25514665178124
-0.00616737729617225	-1.73399038708051	-0.771940626641847	0.815784968752654	-4.93988209822183	0.569039892089077	3.09629764181031	1.12582625264259	-3.9707715552546	-0.616542826204241	1.65425561973376	-1.90870793168641	-0.353426704999072	1.27950793547245	3.10731624298925	-3.58918599999236	-4.06894328494927	-4.58106299368677	3.41690557891058
0.900297670556045	0.437128311170419	0.28197806075351	0.708773231317033	1.03120354348497	-0.857054966015844	-1.05486891365453	-0.471064927356681	2.55470054220783	0.766425250424197	0.372707993471186	1.31679394544172	-2.32323757504846	-2.81533337137072	-0.502550164791803	2.75699635723684	3.16642764739741	0.682759987628771	-0.872211272096776
0.231958974579267	0.682999425357636	0.860700536854334	-0.481663861549878	5.13745327511438	1.52968351777852	-2.92942641722447	-0.866781262917513	1.59020271703523	0.368578191389004	0.251553336603658	0.107518695858099	0.708646613510387	-0.0411702906172766	-3.33848057683471	2.53336418450263	4.48589796558534	2.44506986308031	-3.02196482075409
0.903721807308827	0.425103754232137	-0.624375136837615	0.408415364579049	-1.82280926679761	-0.305221972144214	0.991018786746543	0.583976018264115	-1.6535413796409	0.0502264536997223	0.256773864714125	-1.15420338892365	-0.284114033250257	0.800726530196747	1.44572723503498	-3.63016346088146	-2.49836139079337	-0.974084151414563	0.968844679453814
0.605475019985114	0.0308923764827533	0.70998360208264	-1.8758726478175	9.82100085913635	1.95076409850557	-4.69835030904049	-2.67794081285894	5.43876328434579	0.147521616374053	1.00655010965581	0.815111507904346	-0.701729114701153	0.728311567663726	-4.99066737397148	3.80293132732979	4.25802128478755	4.97957867493978	-5.13344974453005
0.240896188030064	-1.80601535914198	-0.206730830764941	1.39287575265024	-1.26121635021788	2.12684584236129	0.408973565722096	2.07946545507325	-0.278727337435379	0.561575901635486	-0.0502627643768598	0.0873273966562047	0.0656157173371721	-1.33466453411205	-0.0320756756328381	1.78682847330933	-1.763757460385	-2.59463605967904	0.917102827367272
0.448513923035835	0.931483755061935	0.492553576973939	-0.504370982635595	5.3965279086984	0.984820598123942	-3.06355526867476	-0.995342943512375	1.91939885208643	0.874687581523528	0.519882255201472	0.0533187712421955	0.310248533523059	-0.164858350271089	-3.16496742353169	2.07506204840227	4.47225048030491	2.74409268956063	-3.19718671164706
