-3.16281696422208	0.533985434771675	-3.34679669466588	-1.51542972150171	0.99215494478522	1.93403238370487	1.79658760767803	3.29659238471166	-3.3447823275523	0.984879024347562	-0.180317631738534	-5.58281479529724	1.82169342364468	0.773841558716513	1.04413968671087	-4.1191980330611	-3.96787676765099	3.60359148391668	1.20905602775151
1.31923544144497	-0.570149269263818	-2.3103510777346	0.0761466948242476	0.508454575525694	0.0734618913925784	0.0305491776416994	0.828936876112835	2.38132994368159	0.745877257340708	-0.817583322098103	0.473582583198517	-0.664245939999764	-1.23217300018133	-0.695844105490922	0.509492150829549	1.00578182273573	-0.475161224658989	0.0863523109391114
-5.87862574051006	1.65627067032768	-13.2024201933017	-3.37012354084966	7.19932563423027	6.38591328065257	5.4836776700105	9.77504395854296	-6.37693829689659	4.88785941413664	0.594764687563427	-15.2008366218673	-7.24644738005836	1.28589087835062	1.14999115119263	-8.85369686034781	-5.9595929884565	8.12480488608874	4.10174161276453
1.3004829446448	-0.547090197333507	-2.39453730286682	-0.161697555662633	0.519019242144395	-0.1081561555283	0.116303406561868	1.12133790894119	2.25977086303375	0.71065915327214	-0.675523528122428	0.528353048010919	-0.73310800835661	-1.55116534803933	-0.720389561611171	0.270875835065627	1.13138323803403	-0.0819040510937104	0.143889041051916
-4.29544529180111	1.46965474939654	-9.27794664005253	-2.29870378256673	4.87863705267471	5.67660055919875	3.97718326214602	7.22498673512339	-4.30085704021558	3.47533729027977	0.780678893752171	-11.6263291446636	-6.10095157847379	1.15088211488938	0.948945776194947	-6.58647753331362	-4.71682329411779	5.35500103634601	3.03600103552678
1.10635407943567	-0.461043012648874	-3.4277195170612	-0.615647860668447	1.13595737224138	-0.951524375060706	0.579744344247982	1.98410076089816	1.31214890779526	1.00137514957047	-0.679825887373232	0.632150390154869	-1.20434149896165	-1.80576712659573	-0.743585736741324	-0.381753745839608	1.02094841567648	1.25107285075028	0.471325568705789
1.18559601494237	-0.296223476583051	3.80359395196793	1.00483320374087	-1.71811369004944	-1.39863991835526	-1.39775108542822	-2.85204151826319	1.14838393204587	-1.28125400653915	0.0112785879824365	3.51786573691208	1.70900534197586	0.216528578292591	-0.126616303979279	2.33856296093854	1.35851581473863	-2.23111152966074	-1.04702858137625
-3.32366894830563	0.834788488088497	-7.64422206971802	-1.8834855986138	4.48642126411956	3.73528377474339	3.25894373740176	5.33150536225521	-3.60120624474369	2.78663443839498	0.30348167130386	-9.1785461759196	-3.99372055658711	1.02608271046204	0.770015921695261	-4.82512663118281	-3.05863788425873	4.66966218528642	2.44712805821638
-3.43407498994872	0.575031252966277	-5.5263365858444	-2.3024573530695	2.21071866678891	1.45035421738807	2.62576889406086	4.84261049108667	-4.24662632492378	1.5470246879788	-0.157227014315045	-6.50513528387456	0.668690499458997	0.248784096166097	0.961202023493874	-5.20896823239361	-3.93334667887356	5.48146692394013	1.81867831064425
-4.48978786960315	1.79444756524991	-11.1931256550878	-2.61488125926188	7.42798071337961	6.16290438423351	4.84453503552422	8.11405629357015	-5.20866462491951	4.31760813923314	1.31479343058841	-13.4437495742344	-9.8952305955539	1.3050951312123	0.796411223321421	-6.84450457786893	-3.58018550090412	6.61147401237216	3.72398948534598
3.1746537818393	-0.428006143175349	6.88075874957547	2.23161782607938	-2.78483464274844	-2.8789793791492	-2.87374163727037	-5.34288678072096	2.98736098781447	-2.28334714878281	-0.118850936306148	7.85447227959163	1.11683438714731	-0.157460139572627	-0.786800089787808	5.06862170493224	3.4110422835	-4.50768131251489	-2.12455759208481
0.362309321650627	-0.352580446322183	-5.52061239603959	-0.466342999870673	2.34817129277319	2.22473149103113	1.13982838718366	2.7560822785103	1.9088239865521	1.80605732810705	-0.924388901368594	-3.55932931536135	-2.53671604699201	-0.998913347575745	-0.575240305299873	-1.04928920831665	0.104606633210937	0.806058814262546	0.924821315276882
-1.4930401690115	-0.180126993836644	-1.57262990170129	-1.12666850534569	1.34421659105563	-0.446019387917529	1.17127678897179	0.649417400781542	-2.51892691630947	0.407636387121467	0.807082226838535	-2.71945100285661	-0.301283430590136	0.835043619538211	0.59253907402966	-1.26867350759901	-0.0582243955118348	1.72954399849116	0.881111735350903
3.42873074011922	-0.786392405299235	6.43543701685575	1.91962114403375	-3.02173102350767	-2.99675992296149	-2.83385899603083	-4.96109916170679	3.83244547471266	-2.0772829820294	-0.0416701159944261	8.02025983339321	1.85218815285227	-0.900840619922193	-0.897369416695126	5.04312517019408	3.97505874968082	-4.62671652921598	-2.06624163468366
1.1466828869793	-0.344029969037723	2.89706114442031	0.77774599755348	-1.23924621411745	-1.43110254961422	-1.13523823947543	-2.32005151665748	1.07479381132187	-0.956801041587979	0.00400748807327382	3.14904693609585	1.2018749947037	-0.0108497946470197	-0.214074298204526	2.06445726691878	1.48617281452969	-1.80539917810041	-0.844082802731583
-1.12737944608251	0.399866610702679	-2.33504133339573	-0.730125045951545	0.929864489756851	1.30187291845362	0.964828962414816	2.11360216249661	-1.10882611157438	0.763022851127553	0.0797261086240419	-2.7268122009895	-1.03322419035696	-0.0459567935212597	0.208502123380835	-1.97958287625046	-1.49337767492286	1.67727036301749	0.705970579969899
2.98352381411916	-0.66868228672501	7.70641833560142	2.04998783563325	-4.757389895515	-3.29947632482839	-3.24341335691785	-5.40433876530009	3.18644970580365	-3.00706279287099	-0.6173173432689	8.54501966468433	4.45942454942639	-0.418676596499587	-0.553011311395421	4.49081499776005	1.97036597714808	-4.61761416725846	-2.46162965117394
0.350811031521617	-0.678417047527093	-0.0336350853554107	0.26003133097979	-1.20340837420289	0.0757450802767279	-0.374534941593718	-0.589458468990306	1.43895086630033	-0.130961909749716	-0.714636778540718	0.250562475701	2.66761931846671	0.0526159055148183	0.0464559503247755	0.467938752743213	-0.389497283916774	-1.32157536976678	-0.261341415843639
1.09239558041274	-0.242643918956033	3.65537368181785	0.946328460196845	-1.58398147488383	-1.35183430245696	-1.32088859549519	-2.69385971554024	0.991100606980247	-1.22881109002248	0.0178992164351796	3.35018650858635	1.58927107361682	0.205095794680373	-0.11665248323515	2.19186323386804	1.27950476287901	-2.01965123758547	-0.996909130913126
