-2.39579080626594	0.473862217804072	-2.36053539089168	0.376462451244638	1.11586387019268	-4.22524169909533	1.92160182307495	2.59097305725625	-0.0545957139029589	1.26849553456008	-1.20103637129623	0.744114181051111	-0.31111006606254	-0.201819297097277	1.76071947027091	-1.77921333225511	-2.90612082518442	-1.46184064042917	1.39342156913744
1.00017868878447	-1.0032932318047	-1.64451615099178	-0.490346739922682	-2.23344540704469	-0.424187528966513	1.25960085462099	0.104274222226827	0.499283302345123	-1.00005075411055	-0.934350059926114	-1.14680733488066	0.0681198953115292	1.52693556402896	1.24384862959411	-0.430619436496173	-2.59041507772436	0.0597937275705434	1.09595119562341
-4.21005303618425	-1.36006150131095	-6.70238442031547	1.21391695573945	-3.71588798290214	-3.18569930724032	6.7551719379838	3.57289252671998	1.11576806386832	5.03411798153783	3.26370189372944	4.6292126426536	-6.01613198614881	-4.83014757929572	5.87963866481976	-11.3527957467347	-7.86866653768709	-6.47713969001252	5.76945613076033
1.32187906955927	-0.461071659245573	-0.73962507038538	-0.270569686994673	-1.4613557277628	-0.0770170115600095	0.450880044539424	-0.0147343565878231	0.337300231023429	-0.913954221304486	-1.30332341042375	-1.27162396107217	0.166301515189566	1.74779790966514	0.449139496186046	0.650762709679924	-1.52042254656499	0.327031479636215	0.362838684838302
-2.44461412179953	-2.0431749853494	-5.81095855935964	0.577580789471336	-4.97634966214522	-1.14155224462866	5.89038504560102	2.20148888058674	1.05727094668823	3.90309533280204	3.33001096865779	3.18638841839247	-4.94043188729963	-3.6452640440928	5.12275872503361	-10.1551097523924	-7.11341746714577	-5.42364319618382	5.18373429958028
0.513110385508138	0.0092244870479945	-1.72857786253877	0.00530734578364722	-0.834027398194426	-1.93899899706073	1.05511222086566	0.659063855564114	0.64548884203515	-1.16900788571074	-1.67597710205606	-0.811618868806908	-0.051624289219129	1.31818609867535	0.950731772578848	0.257271957413991	-1.40364505041817	0.0798904731519521	0.752593180541904
0.701863272917216	0.611556714343883	2.6156566362792	-0.197934945961856	1.89049987187595	1.0530941024403	-2.41900267194284	-1.04571211868344	-0.477967408876789	-0.867524755153703	-0.655196927730977	-0.547365526819131	1.27845397247018	0.907927511494114	-2.04433563158838	4.40632804287834	3.00064994010899	1.90074213440897	-2.12836986167058
-2.76757250983774	-2.30089609861648	-5.78737483843426	-0.11418184109665	-4.19114131767771	-2.11687929105024	5.92258178680918	1.62174536831668	0.891779258893873	1.61337716861352	3.3375496895883	2.04993168953699	-2.78695299696829	-2.81889479876562	5.37402694232095	-10.1966541306567	-6.60204896744886	-3.8714368034283	5.36165334571729
-1.52729448298726	0.488051616573741	-2.11495220429062	0.4891971160505	0.386983743248855	-3.29803230053429	1.87653295713167	2.39172757567306	-0.382961673987896	1.77658607562301	-1.29608068222741	-0.122011574582202	-0.621662079661473	0.62287064363991	1.54008436606095	-2.38681971957658	-3.11691076845877	-2.10786283391782	1.41882892982522
-4.51222179979825	-3.27738098176797	-6.65247933180948	0.299695067243738	-5.27026171869817	-1.00089642993866	7.80609437445842	1.2459273767472	1.30757414712524	2.61459194696355	6.31142602877706	5.07450820967603	-6.35752347102588	-5.62177151975111	7.35598478149454	-13.7050037331444	-8.57100250518113	-5.27055642759558	7.16920922392125
1.68090124900175	0.719476745544178	4.25579756932083	-0.264746507728818	2.33675462268337	2.33947266585869	-3.83005672113031	-2.34391006746776	-0.585836159978967	-2.09523894522121	-1.19183624735839	-0.857542652584784	0.84765614979491	1.92416427585433	-3.11706094899816	7.77647097952617	4.43594447103142	3.25143054087865	-3.36801563866251
1.61681510484983	-0.449711755145819	-1.65520991072419	0.136125323779275	-2.64024298599847	0.149602393196965	1.56758896437308	0.324010704537933	0.239941158466101	-0.0316584392746613	-0.974123238971053	-1.64081096096367	-0.966668787456481	1.87178785462381	1.18376301920534	-2.3485007585646	-2.8003076630384	-1.28775576098939	1.4093941830351
-3.50630975309431	-1.77535235451287	-3.97250994010458	-0.844488508978716	-1.30040673137855	-3.08248582167662	3.63397499863414	0.647532630878676	0.418987725130806	-0.401285830413688	3.09911248770727	1.60938840301061	0.207647870251623	-2.76882708912636	3.5343516117399	-5.99614226509718	-2.48045481884341	-1.26875524402979	3.31429265477749
1.61759790888072	0.138627817910678	2.67106077304675	-0.781931983796189	1.12847975909587	2.19153202157154	-3.04478550041564	-2.06056739752613	0.398657934011577	-2.66662813446825	0.118258360363708	-0.632692734390251	3.14584305556542	-0.252053492751511	-2.62696711989903	4.32241642482818	4.75690475857059	3.504088540079	-2.52758560857642
0.859627688372659	0.685532870611874	2.35359139740062	-0.0670131355018375	1.53741936645459	1.22249011604522	-2.24721860162962	-0.92605026269986	-0.368012631863556	-0.529017081472097	-0.446186570470743	-0.512989835929187	1.16691111834415	0.561425137283909	-2.02888902059578	3.51440485407896	3.07923279741231	1.47111428643118	-1.96585315251128
0.172045234794427	-0.00889710332334437	-1.20642416154964	0.394030257460444	-1.37631198731595	0.855302440626437	1.22891342876873	0.498592350573501	0.318147425618657	0.837893710766981	1.27173426596234	0.067082040483904	-0.0549624542539782	-1.69549859829148	0.662047132727902	-5.94843260283829	-1.21938521883689	-1.55161244904673	1.30920377251022
1.75044933880876	0.793375402394645	4.53757089588666	-0.597258816373455	3.18012888845766	1.12107360116298	-4.2852437879264	-1.76930014046952	-1.06475206603732	-2.74429368537697	-3.36870939630872	-2.1035888712611	1.94878110453108	4.00451562381999	-3.29445074584583	9.92308363734842	2.79756742916135	4.16043356588482	-3.87716760208602
0.9317802691293	0.461716740556237	-1.17811023970329	-0.1676185508269	-0.371396966179133	-1.73611036810088	0.12132352090466	0.87064936583125	0.122102971250925	-0.524284771459568	-1.8143399484557	-1.99958319558202	2.02631751259765	1.43010541382245	-0.244179410722632	-0.217525599627745	0.0958156600660516	-0.0711802831311417	-0.0174461296048829
0.560797766322069	0.569760792042129	2.30422617689655	-0.182787810049309	1.77181225266758	0.768691621661564	-2.19654681642469	-0.910331797698511	-0.388748635663587	-0.807560412173927	-0.654548567259148	-0.40591138972911	1.12526027700092	0.795812049934918	-1.84269108865093	4.27679237914817	2.81602748207081	1.75747176056969	-1.96203908777966
