-2.30925703892527	1.01271843144107	-0.0027202782360316	-0.0385778098603293	-1.77950783724226	-1.29646265509762	1.02771679275833	-1.14558891196588	-0.36249644155974	0.419678382891426	0.773539609567227	-1.99510917117491	2.28323301556601	0.909534358464816	-0.49237325463841	-0.350232224149176	-1.36551913557415	-1.59554407435629	0.6545090437366
0.675034701868038	-5.75379984358476	2.89229663422053	-1.36697554582038	-1.78234065645311	-1.77419919054029	0.771619965901335	-0.703464901410928	0.505906144597593	-0.120152239878642	2.72377157415555	-2.16173152964554	0.335109127658305	1.25419130014965	-1.35105602173878	0.415351450059701	-1.73207869580347	-1.05851727530611	0.995534728891787
-2.73896643961097	-2.12562619441499	-3.13866860650764	0.511386719630424	0.905143953499884	0.810003164094066	-5.67659705878182	-0.44699379780036	2.7457441825381	5.2725863176034	0.885899601461258	4.10726501734298	4.86723865529059	-0.304570539894994	5.12145301429979	2.41471153538847	2.24653457395074	-1.72124628411417	-8.32989495923767
-0.141014660239986	-1.45071801469104	-0.452271960427858	-2.85081628290064	-0.561579519757977	-0.655665885470832	0.894814157091505	0.491615577299745	0.788285636233603	-0.313828517380853	0.566484853044972	0.419852345747742	0.68898278054164	-1.72549329483853	0.964151899183596	0.382361138315332	-0.992015531073438	-0.135637341210323	0.77872283733557
-3.48685401098838	-3.54186582482719	2.60361149220328	1.22258228662584	-2.89700937798389	-1.51503350850389	-5.50199492102693	-1.68689863018119	7.69790848764083	3.42026861558695	3.78826360769199	1.45798944503737	6.59822463139293	1.46971090944183	3.43094696867552	2.17509872164043	0.866757376596311	-4.03624801476099	-8.97792845148975
-1.13771751406225	-0.820332248173988	1.97421961612956	-0.408299775535213	-1.52485577243977	-1.45399898396524	0.617447634146779	-0.667333373662714	1.27702268699081	-0.462343652437353	1.40526658916434	-1.30173094077055	1.34486934924126	0.46515794656695	-0.31596391549463	-0.228954416281449	-1.17372148959143	-2.10309464424547	0.137538195035542
2.4546773207441	0.592915486579791	-4.61168936187669	1.03477758937029	4.36347645377129	3.43281698527156	-2.65934194227239	1.84336018087104	-2.8394064781309	2.14472895094877	-3.04123622591557	4.03119533687379	-2.64434793432723	-1.32336418824734	1.52439932135662	0.886871414481059	3.05007215688657	3.73551454253825	-2.00879604864835
-4.48371312031337	-1.48599317538934	13.1642393339616	-0.546938701805049	-14.5310903488436	-9.52813390496015	11.219342991799	-7.14767478296499	2.55749843556701	-7.53720341659329	8.06246296020451	-17.7649782942328	4.13332874567169	8.51383070749804	-10.5542775618073	-3.73729697243316	-10.134247366723	-4.86436937194876	12.5109732320767
-2.36777083967115	-2.05373722036019	2.61515596093889	0.956740210173923	-2.15613048401671	-2.35817563582498	0.736863187108967	-1.77180821195202	-0.437455050559791	0.572360043120391	2.75402622932663	-3.07669003702154	2.25212292755906	2.63255754477228	-1.30835193502584	-0.523960349921335	-1.56246061670173	-4.26072269631623	0.12707637214165
-4.84663527529356	-2.88480140805593	15.0303725986535	-0.381476950288121	-12.6369038894276	-8.94769176800261	6.09669155352133	-5.03558906099591	9.24509692002599	-6.59538809747997	9.52121669165465	-11.4918292289376	5.64048201132226	5.78263728008837	-5.75126111782311	-2.42023979749093	-6.79380930467161	-9.27366667148356	4.58229970072118
3.48537287164488	4.77463076673934	-3.48887707447037	-0.683113183248377	3.14905668909286	2.32520961964819	4.40104791061122	1.13721437912355	-6.71837932508918	-3.06202087804091	-4.95735341189341	-0.741292722524559	-6.31999968204289	-1.49631576579895	-2.34468861531835	-1.8616904831329	-0.414992804623512	5.81901514936061	7.65240129272122
-1.73553631601332	-1.19435056798347	3.18564930193488	1.05647165296205	-2.47487286028558	-1.79611129188584	-0.225927165253797	-2.13671865279054	2.2344218517771	0.00494760771112851	1.79227330283625	-2.46707362961958	2.31485596177615	2.21950853100887	-0.550108803886523	-0.115870288300589	-1.45005230797504	-2.08283505518338	-1.05194435668489
-3.34828490672331	-3.89391262111745	13.7274793570575	0.430600321024049	-10.3083345354068	-7.60500730747604	5.06695840437794	-4.29308493882402	7.1277226461802	-5.68018174531288	8.62233071724427	-10.0426845074422	3.76471920917996	5.77363907065584	-5.54674805104064	-2.19657006828482	-5.4492188621436	-8.35521362469623	4.03997601699177
2.80957960789358	2.12809996625862	-3.54547096931478	-2.17894787180252	1.07532975050099	1.25209914873689	3.91900440153766	2.77757646293859	-5.31817186853978	-1.96473583786134	-1.89072778424684	-0.50355115076814	-4.20745724576164	-2.0614580351963	-3.15408576628173	-0.940792059175966	-0.0636800488258897	3.83305479246854	6.56911958085085
2.51330784024136	-0.296806410535757	-3.62918190948159	2.44117330942033	2.47368596822977	2.74887262843113	-2.58803480600501	2.6311113137175	-3.56382657504736	2.51583762335426	-1.04685236728543	2.13918973713481	-2.35212134746989	0.347687882509216	-1.96909936120377	0.793411338832383	3.35300044226922	2.77779477353804	-1.57664605310369
-2.5938513816514	-0.951352901065659	3.80713812097266	0.721312572919407	0.527065076386718	-1.10517427629276	-3.53528034393816	-1.32142767787515	6.31509284529488	0.514655066769786	1.35300298293621	2.90674285367817	3.15448094757973	-0.550668000517999	4.97135518007995	0.449283301793492	0.57215115789491	-5.67669975371214	-6.57901989676438
2.33085019806625	2.26688466210261	-3.04549669737632	-1.46786352033643	3.48058300479902	1.86609303475307	2.08334623678285	0.97674613457165	-4.28561232449834	-1.30480051407243	-4.05704391647792	1.06920471425825	-3.98996147395717	-2.30473685417041	0.181248563073879	-0.803001937751002	-0.379196397756613	3.68617154682641	3.88785324859769
-2.54216772920882	-0.429001098899931	3.99465265007335	-0.171847332590303	-2.26264758518856	-3.0400844194539	2.0925501860527	-0.255781552095932	0.727945149496591	-1.32628424145151	3.1497879263916	-2.48040546423346	1.83218296830415	0.792878303949291	-1.57554081436369	-1.27048266335298	-1.74078132376791	-6.53502268567276	1.30770884002194
2.33807581511664	1.2875046534752	-5.25127274960264	0.749964326116324	4.46125619805823	3.52198880975103	-2.21105443766694	1.9754390749201	-3.39575142930678	2.08320522760109	-3.40872737092105	3.98657810259762	-2.69163118248146	-1.62632750740715	1.47882355352664	0.774303136100663	2.91385496587068	4.01405714854947	-1.40469754206826
