-1.849089812617	-1.30585618383085	-0.688593409282007	-0.61837098870712	2.79228808281997	3.61892032270999	-0.976076381574681	0.770359727179568	-1.56987559769523	1.4548405497321	-2.08706778083184	-0.946147531548501	3.18583056672907	0.695981021283294	-0.924032518863882	2.7020280506494	-0.671682466806526	0.458799610097214	-0.703965767604707
1.1626798318509	-0.0391720169626786	-2.22805450754286	-0.426221264926202	-1.91324988105528	-1.28327858086139	1.70688123626508	2.39835617003568	0.844851229845854	-0.792825535433451	0.868092540791406	-1.2057775878548	-2.89957323361369	0.692623607562161	2.23826058009284	-2.52979709283301	-4.19035680763203	-1.65197069864315	1.91354462903981
-2.52104900515917	2.42261730572584	-3.25314722216951	-2.21694280982751	-2.26455537611421	0.146768832377562	3.24327582378168	1.28014756047124	-4.56184066199793	2.05282379568416	-1.5511786828784	-2.6496576846681	-1.32979632208122	3.35138497976949	3.70104637734128	-1.60541937522845	-6.68759582789856	-1.92247119532422	2.91903133478198
1.27242949199264	1.38660861661897	-2.22059453609317	-1.39059181851841	-1.23129957180826	-2.16583351292071	1.90340701886821	2.38521227920163	0.362255163363102	-1.28704090613728	0.418883247246636	-2.12112521486488	-3.55990892911915	1.24098901482018	2.64964725919264	-1.78350641472903	-4.33649771110884	-1.08675695318782	2.05206649506135
-1.02143698857378	4.24027571615432	-1.19506098646402	-1.65266983519772	-8.14713815141398	-4.50587774572149	5.77535011264275	-0.807863001638639	-4.25555270964747	2.33513797958623	-0.637626938895395	-0.740648872027269	-2.60582453132294	2.96595596135762	5.52400487947571	-7.15735458636786	-8.59082936275084	-2.67217140280118	4.42612191146442
1.34839251005129	1.7457759071083	-1.10106263362028	-0.0580899729609918	-3.15212140985768	-3.43074581938369	1.74425435200902	1.46707839183636	0.781925599487594	0.127062145701996	0.552488997891837	-0.437208662157132	-2.46601981781773	-0.0260397264971715	2.04571739435632	-3.19573035625632	-3.06205387274478	-0.939286356016463	1.53502297804537
-0.0664143186441228	-1.41957904662075	1.24047477508926	0.903322058996881	2.97070249461085	2.59382861951343	-2.39135357791186	-0.906312089122306	1.11774558630568	-0.152139725958533	-0.493303777726251	0.791672581022808	1.93357608730527	-1.62024768614577	-2.58520578417057	3.46720755242517	4.75305849467194	1.34242869510364	-2.05308154695613
-0.910476539061947	3.9351386350269	-1.48523107377371	-2.95966536902878	-5.71559171897336	-4.6121581476044	5.64454884137352	-0.0138847313276478	-4.41920406949322	0.416132580892824	0.197192857749593	-1.90102531135138	-3.28607732907173	4.67152105294637	5.77245990363927	-6.24772360462388	-9.57613234636666	-2.28507962104975	4.5841093760267
-1.7943440078098	-0.34526224798681	-0.92637888439511	-1.42567380797938	1.9402575093039	2.34282176608637	0.112534030059283	0.863328579008069	-2.30401226651115	1.06358880116296	-1.93715388212421	-1.48743524163895	2.18568011608273	1.7748686286555	0.260413966096606	1.4965315362809	-2.72023606052658	0.159385204324501	0.195261702106979
-0.996964757255837	5.52779380971366	-3.4908913273392	-4.19980031968053	-6.43106770844408	-6.99271859864217	7.3021157371252	1.27008086264416	-5.50127443929173	-1.3094137030569	2.2226730589674	-3.27232373533356	-7.30709679486628	7.14392109412527	8.07298060902713	-8.10807337350262	-12.9340078728053	-3.44482808929059	6.3214288376513
0.50067166478465	0.314316091505593	2.1516699398631	0.965735523827887	1.37041732639583	2.74095350593748	-1.78406477280349	-2.70980812784855	0.998909554996124	0.11913720603029	-1.97640137464481	1.01884708043642	0.968840222243724	-2.78943972340171	-2.23980048663676	3.88576942486435	6.24868114519543	1.61006908621923	-1.81909513861854
1.05130983430739	1.86117890916193	-3.18123185651079	-1.52501847483807	-1.97095863837801	-2.04291488068918	2.4448210974927	2.86885317926741	-0.0178107839765473	-0.631168084490561	0.0153506503171617	-2.7251783760148	-4.10474472343897	1.21211651739903	3.3469356934752	-1.86521197082545	-5.00170720489246	-1.6096873675704	2.60966390985153
-0.602189956065782	1.28318224050526	-0.173257289901911	-1.88956629554524	-2.35534642477867	-5.28154143859144	2.71449421097168	-0.043709225505367	-2.27388971009213	-1.2270258148345	3.0349293668163	-0.598123131405089	-1.72636441489551	3.84706410016622	2.8027507765609	-4.87941538794608	-5.20185347737707	-1.17473214745685	2.16608013939874
1.6554095387616	-0.216942969782879	1.88776751049044	1.59656223440184	-1.29476376427278	-0.686909562003835	-0.810378952680108	-1.68479250683209	2.43388455965327	-0.0256600767575018	0.285304885911745	1.64935226445801	0.0529904780818331	-2.92268890865517	-1.25348003437995	0.13760840033193	4.48769167848792	0.530067254751881	-0.949341273936008
-0.0668561665567343	-1.27025674580564	1.56323882168721	0.929685539496	2.47383124910889	2.43575053348132	-2.14669294706407	-1.29560540602673	0.94590310865574	-0.0462211958897857	-0.579948373220199	1.03423884940914	2.0244292777827	-1.58271474215692	-2.46116302032698	3.05087611322683	4.57439592655329	1.32040728838906	-1.93699387123503
0.0588410317037342	0.678313407825303	0.217464383061184	0.119205891388533	-2.95315624262799	-1.97705020163027	1.50599365633381	-0.241833184202689	-0.619110759273306	0.581364124247572	0.352233337231976	0.722632616981664	-0.382677951188015	0.615513896121579	1.2466616836853	-3.3472881673476	-2.91008318623007	-0.790578825017084	1.03365141563704
0.747146158221779	-2.08697042120847	1.30995824483588	1.24740642246015	3.72410800263626	3.04825368476909	-3.17015645367652	-0.316443196067229	2.34301276336763	-1.07207024242034	-0.650901063566484	1.04305286833568	1.58881514052322	-2.24214564132404	-3.29109319774382	3.66503802586337	4.59853204403331	1.62158567723632	-2.6253341861091
0.608854194063523	-0.909185752577689	-0.800341110690663	-0.137710235121353	-0.841848540783956	-1.23612952655069	0.567363371194738	1.50466588960425	0.772087858405097	-0.166437826183008	0.777798305250594	-0.400857665446503	-0.191019917182741	0.291673073912327	0.745781090191371	-1.85036672460784	-2.42055649743616	-0.763829456928991	0.675826853600433
-0.0967650636140853	-1.10399686991435	1.50197812021892	0.859613453856586	2.49719498187049	2.37331642017397	-2.1298925365942	-1.24764563518007	0.870882460423098	0.0166125702214532	-0.689676123647357	0.931749189100303	2.0028988107574	-1.56539230723353	-2.41835709807825	3.12812127029142	4.52722145877824	1.3581550669352	-1.92593069505238
