126,46,72,201,70,122,352,194,119,56,248,254,73,337,348,33,48,281,331
225,140,40,219,60,101,345,257,129,19,86,141,41,342,360,128,171,134,356
202,277,113,154,95,67,326,203,76,102,182,110,188,74,359,253,1,282,355
239,304,75,79,91,64,354,258,227,12,153,84,148,264,361,215,77,87,266
183,314,90,308,52,234,301,167,147,118,83,250,107,199,344,105,2,222,270
193,146,22,262,68,208,330,289,238,30,123,294,51,131,358,88,54,298,206
103,71,14,143,170,245,340,317,195,139,260,296,185,163,189,23,168,192,251
100,213,31,190,20,285,357,96,130,44,61,321,82,290,353,25,116,316,338
244,205,34,186,63,191,319,228,184,151,144,176,66,320,235,160,127,108,246
293,271,62,247,57,211,318,93,137,159,55,286,35,174,328,125,38,278,252
165,312,177,333,157,178,295,280,180,207,15,305,37,292,322,112,7,59,111
132,231,42,220,94,198,279,197,204,10,138,162,36,287,335,218,80,256,313
288,263,133,303,17,284,267,85,145,212,89,158,50,346,327,121,27,241,81
156,341,65,187,173,255,351,315,230,32,26,155,5,217,349,306,3,161,261
324,97,179,209,8,299,175,233,99,210,115,142,172,150,334,13,166,268,325
221,214,92,265,11,136,297,276,109,232,53,273,43,311,347,18,49,259,242
181,307,28,343,69,269,275,135,58,120,47,336,39,243,329,21,78,300,249
152,323,229,309,9,45,272,236,274,6,29,24,106,164,216,350,200,283,332
124,240,4,149,16,310,291,302,237,226,104,114,98,339,196,169,117,223,224
