-6.62686974882567	0.643316937949209	2.95251303988502	2.44218990364332	1.08130346681992	-0.783856509712734	-1.30574454580923	3.88594909166929	-1.3594620501525	-1.53071632567078	-2.24199117984344	1.87737160093874	5.25808876051482	-1.43898247911221	-2.15686561229134	6.00045971707272	0.498243408982944	0.42984849330395	-0.332405860592786
-0.647222851186513	-3.48762212961745	-0.414264419336625	-2.99659927294894	-4.52059008694548	2.99800879673296	4.44056597899953	0.240712239984644	0.284406541302246	-1.73601467500555	-2.01153835997064	-1.97949604921536	-3.0474821168322	1.40934793024936	4.38107146679978	-4.47169031865499	-4.98914813097238	-0.950687756317011	4.09796302241396
-12.5257168618093	0.15190759154946	3.57748562147552	4.11327802588244	-3.73681443240611	5.80558766888902	2.93396206136902	4.30599766967271	-5.10485285677845	0.287374804671202	-2.6044065654313	-1.34815313173128	1.12635524356316	-3.51341704425604	0.177370773354824	12.0421979166632	-5.58341843475739	-0.28378513622318	4.3663551262735
-0.662710522564339	-2.85649604475827	-0.258311915325065	-2.45014976658535	-4.15811612895223	2.96301178056143	3.87124696960471	0.162186785957102	0.132271561985043	-1.24311870551708	-1.96281636887704	-1.74394494152786	-2.60988280615052	1.02483904842136	3.78348897969472	-3.4422392372814	-4.53887999037164	-0.67286172980703	3.56968140041783
-9.47304630600205	-2.56711180553358	2.28353248982546	-0.184550596371835	-7.93816582797891	8.11586179388412	6.01572911881084	1.47690079982024	-4.51717485515397	0.87404992488133	-3.64713541644103	-3.00669939995951	-2.04667089456078	-1.40948644852993	4.31287024394396	5.31804491857327	-7.68568857690488	-0.819765514570159	6.42668352047974
-2.09207683347888	-2.75111132253802	0.741754212825797	-1.67646926177766	-3.5981095631945	1.24819189032486	4.02072487734871	0.649012883573141	0.13540328957448	-3.42697707132828	-2.09529571388796	-0.720579745311866	-1.76530576794053	1.65115683726333	3.86729523087223	-3.41082327355208	-4.94477226837049	-1.38382827668425	4.00787705039355
2.79805747295947	2.27840959076249	-0.397938238954924	1.77954732122568	4.86727364126353	-3.51941966378389	-3.95357513212329	0.179160901879057	1.53424343189181	-0.0290650469662626	2.06571099075784	1.72386563927797	1.75530539878092	-0.784813031182	-3.71356676709221	1.40013667536946	5.12002452750347	0.973917001299845	-3.75539711380784
-5.30020493320308	-4.90138967559575	-0.0370061257524237	-4.6940280754169	-11.4758935126715	9.63492461870422	8.51449432666224	-1.58165596604383	-4.15761291840673	3.11343802553348	-3.76213519731035	-4.97324947266356	-4.29424646434984	1.15579924442329	8.07973602038322	-2.09591284320119	-9.69715082303725	-1.42375954362818	7.76023353808269
-4.80085260445929	0.609995736022299	1.57840720563695	1.47191645972025	-0.550665675716232	0.805997689575463	-0.52397484804338	2.29883054701908	-1.85783253098149	0.936266659266128	-1.89346867357288	0.472888449137955	3.99189265835335	-1.23149059519712	-1.14869523004953	4.83910421858812	-0.930586412273271	0.543282819792747	-0.00639601095488729
-13.8068630689221	-6.66959638223284	3.45831496526186	-2.61444021686914	-13.1582588438013	11.6258504649435	12.0317125738427	1.51366975563492	-5.80215517017816	-2.27843096023103	-4.97612740174642	-4.82705061071502	-6.70072622521825	0.318225785944199	9.81478657484471	2.21305046965004	-12.8496482648028	-3.22766464240894	12.4432139420673
4.61648491406896	1.77434464564679	-0.594004535023085	1.00419377596183	4.62870979105851	-3.6895049828551	-3.35925704833618	-1.02694879658952	2.46880655817747	-1.22961899929425	2.34209879476972	1.7827673423521	-0.474298912994236	-0.158703772064096	-2.78399177921487	-1.10848490429587	5.21596093629324	0.59609307174458	-3.39937771106879
-0.515069948951307	-3.23469497177763	-1.38629119068872	-2.91078544223614	-5.94256451022882	5.05568907832442	5.06238262599236	-0.256454172311203	-0.616161079627283	0.390327932944064	-1.7968662916017	-3.51339957748148	-3.79023028760861	0.659862318046962	4.65756163895676	-3.00935419273906	-6.40400313123948	-0.51981543108071	4.60349644332526
2.16982674147496	-3.59110620389497	-2.89729273428915	-5.8537395504129	-6.71027141915292	5.56149660755639	4.66000027082528	-3.83836305780929	-2.01233000709781	5.54297643728342	-0.0614407622525306	-4.27763488990303	-4.37385194278794	2.22256184835809	5.59004086748089	-6.70291310834768	-4.07476178193633	-1.10375834991795	3.24212660310414
8.05332043657262	-0.128796756287784	-3.36864598610158	-2.35967538006451	1.66792225896589	-1.28891719380962	-1.31607795288906	-2.68187372335755	2.7022597086056	1.44369549883265	2.52370679691514	-0.944988607495247	-2.57690889280194	0.959923546033013	-0.21866347571877	-5.62470107425325	3.15562562234823	0.701956932132401	-2.2017509077338
2.60377541467007	2.08801746296604	-0.593204937704695	1.72501326658346	4.54875179872353	-3.05027946864315	-3.64402146139749	0.326508508646308	1.40900746468918	0.0911882774111081	2.0965379812604	1.32126761862566	1.45680396020087	-0.926531250279883	-3.55043118582446	1.62147092814664	4.72927204508545	0.989339370728984	-3.4288156880921
-2.45186992621205	-1.35391779844676	1.13570710279153	-0.57416298158765	-1.91818989162368	0.563632980059801	2.24729834568087	0.504380171483489	-0.629767947889974	-1.65571901353569	-1.36756731373076	0.12067046758756	-0.767426425127642	1.06867257436335	2.17660888763308	-1.6435367962719	-3.33510735610724	-1.32949132773775	2.32966742508692
7.14298123057192	2.13034600235645	-2.0678852653879	0.461085842261561	4.85477561938326	-5.33835795800036	-3.76430923364869	-1.56586503401505	2.96439346993095	-0.403200140371926	2.48525913837878	1.62802837718272	0.589299692618432	0.922747545606962	-2.67090416280101	-3.91895347980033	3.4182652589941	0.385867678350015	-4.10957961810435
1.22178214041077	-1.77185391027712	-0.711394208096126	-2.54870659530135	-1.90993108902077	-0.110692491719021	1.53738930786269	-0.441620946639846	0.507543064577792	-0.221857121555376	-1.18222469679299	-0.451051498119753	0.169549611706401	1.8751955387419	2.25284484010808	-4.81029018084674	-2.20430989843778	-0.595873709507568	1.05565039162449
2.8281223344135	2.21297923039122	-0.458098885328282	1.63137727341509	4.49537845509682	-3.15163857385211	-3.73922155827273	-0.0128039063993428	1.39855396927978	0.265297464427283	1.98451684961466	1.54668053844232	1.54301929283403	-0.774815152642839	-3.4828628341211	1.31551095311776	4.83473538406498	0.969542088781469	-3.5957799535592
