-2.8899919032152	0.723642545622694	0.220527207225036	-0.941385743618014	0.422736244187334	0.812631132504022	0.397808733433862	0.905765545797315	-1.59494873151685	0.389277866865958	-2.02280648136276	-2.47871498730528	3.13521891806337	1.73817584891866	0.409829549195983	-2.46559673756887	-1.40585571602665	1.43141085178137	0.103727900583308
-0.743385294054903	-0.793485338363871	0.639601476996514	1.36708235434638	-4.05003037354285	-0.0680672236475144	2.35565660773699	-0.378303869902599	2.25222514820559	-1.95790795507185	0.901791112395199	-1.43776938887543	-1.68088691197374	1.08855362146868	2.32323753093006	1.25936697299075	-6.39422883648805	-3.07552559196619	2.53427471355399
-0.395450260516436	-1.65383460122047	-5.0053901817301	2.49342667000617	-9.96881466341993	-1.28740147224549	2.85923754020083	4.59899516683698	-3.7630571865022	5.87994792706103	2.68587699228274	-1.85670490115978	-2.48466982144414	1.74558309980894	2.66291932321271	-7.49602228623802	-6.80813505950259	-2.35375150602369	3.15051119581802
-1.00406317510151	-0.340437466148568	0.610872328313175	-0.262670154010369	-1.65265141833167	-0.260290580972063	1.89069347016358	0.297937887105185	1.65635348892748	-2.92172376879666	1.07979404351919	-1.20260739125483	-2.05170696962363	1.44126749260488	1.9708255470707	1.19989009931687	-5.81343912875235	-1.11520582553117	2.01276692610777
-2.66293183610118	-1.44550471910502	-1.70194427835389	4.61632466643067	-14.1343651783938	-0.475958684864789	3.4250359005394	2.61291841630423	-0.408451263349273	3.06976980636709	3.71687219841799	-3.49828690502973	-1.81354336742413	2.42890552902821	3.25226434636901	-2.74368531026581	-9.78125513243249	-5.08139177515901	3.99782316845582
-0.407965392943495	-0.771312242852909	0.38937722857634	0.700775517150234	-3.73690973144593	-0.607439130066658	1.71453229862938	0.455994166268006	2.0618409356123	-1.9478446031095	1.82592653652584	-0.898162516814594	-1.86198668027048	0.995056587609525	1.76685779822392	1.71767854816042	-6.09242946841061	-2.02195736970997	2.01426684888923
1.53199613448971	0.500164871356661	0.439647797271219	-0.917099275327499	3.30296962953494	-0.182560554832398	-2.36663013908368	-0.384546879994378	0.093318454582246	0.228792846589659	-0.231904943725948	1.92963150167669	1.34168116928915	-1.52439166507602	-2.28890090705815	1.71926473482312	5.07284158998287	2.14033048872679	-2.34501567777739
-4.13577671818186	-1.34394134131778	-1.15237907790303	3.40962994935224	-10.223958670418	0.740111502593144	5.84167105470056	0.224339588798149	-0.64490450854534	0.689440954482419	0.532380244809949	-5.5059231262686	-1.79959515201014	3.73033425238523	5.53464177766966	-4.7981564023444	-10.3893400754375	-5.94984884489763	5.77295150406575
-0.841263755150873	-0.0635362269341373	-2.16061741662358	-1.22618285344839	0.500319093807363	-0.210068099178558	0.39984503073175	1.9247092760867	-2.59077954986672	2.03428011415031	-1.29084563384857	-0.974196110829979	2.05485111442537	1.16659660724766	0.393507056328776	-3.97476740523318	-1.29865802560123	1.5188791308643	0.177219217431013
-5.40995611652364	-1.984230923115	-2.2162328798877	3.4297391410854	-14.7139484808426	-0.323070434134222	7.80495681612682	1.92456044455689	-1.06681688364469	-0.588503197398648	4.3535003627087	-6.74198173635918	-6.05291853392764	5.55359250485791	7.57472458042685	-5.40669410152309	-15.4204026145428	-6.82234544265655	8.06246551557087
1.95816728857412	1.0018986453892	1.42275277412191	0.389950959349285	5.83720998482039	1.60969031773486	-1.62259659525147	-3.39369462083138	0.716493207296591	-0.440870390555202	-3.31939847910398	2.15127402339579	0.496845325818773	-2.43211358070827	-1.75916770796061	1.0926767942131	7.45442003533418	0.319881265419411	-2.03380107148103
-3.52562996717211	-0.234613091241337	1.92993929147936	2.08495292970516	-5.47448976393715	1.15515126123583	3.78551333176399	-1.25681309596205	2.61104887841352	-3.48915567769046	-0.00652614865037432	-3.67586369282276	-1.31361351062176	2.67298760320891	3.71177777929988	1.07220387744724	-9.06988721296723	-4.21710681087699	3.80652548946106
-3.17731192465522	-1.80432197557795	-3.41786321853225	-3.03459636144205	-0.757342614186243	-1.30568621001005	5.22568427295383	-0.00765316449379583	-2.35960409332727	-3.09989378692634	1.08960683925961	-3.94428872559482	-2.08558723358778	4.55899757425878	5.20949209182904	-4.43688303973667	-7.77811712634647	-1.50010169900573	4.85862140359585
1.34240784896373	-0.0654636239955666	1.25019753585246	-0.48346296904608	3.3381547668581	0.155280942957596	-0.390448399537181	-2.73416895211121	2.09925377713434	-2.65356434139904	-0.642439857712035	1.28534841102111	-0.208589420079727	-1.03962583487079	-0.382180409066194	3.2393279743361	2.41743368248582	-0.515930616283953	-0.476123548805766
1.41927568369781	0.441435611826146	0.41065590112932	-0.710109300217713	2.94188313526325	-0.109427207703312	-2.11420510660129	-0.500514378611591	0.128046422308002	0.236535084744339	-0.290379307975167	1.75682501324855	1.25580807949088	-1.42401812680904	-2.05586035073778	1.57147162982874	4.71512786210017	1.79354322122438	-2.10336615373901
-0.0996110985854273	-0.227423261415717	-1.76918198790993	-0.166174983545128	0.86423119343398	0.365541491769953	1.35620571109348	-0.174067373799188	-1.2789745359267	0.536839130553665	-1.70192912586883	-0.367931321962661	-0.114520402559192	0.681912216018798	1.250989823847	-2.98173134709022	-1.40795795810288	-0.584291773603411	1.05107832507803
2.59092951781993	0.854541570914242	1.19198675431695	-2.51510168823514	7.46705772149937	-0.19616788374144	-3.13352645966023	-0.732567777365521	0.872080848507851	-1.63024709296015	-1.34606356079015	2.92621423085379	0.541860599195758	-2.35937508919064	-2.9715392478114	2.73141033688887	6.00180962615227	3.60441380646408	-3.23787825678275
-1.08262457207594	-0.333871987599055	0.894469551502016	0.315571418714654	0.0264273032412916	0.716445374253455	1.62336083186587	-1.74955533034209	1.1543358104352	-1.36941355737835	-2.08109659614409	-1.74248778260409	1.43602055293766	0.743239382071192	1.5197249091674	-0.00401009890917692	-2.40535758317633	-1.93318464027466	1.36838270141878
1.37709820452909	0.524126030632613	0.407300467372841	-0.849444048795002	3.41559522493088	-0.00965877364623693	-2.11858791251066	-0.567330302914058	-0.00897937079205191	0.205037588686452	-0.568539094393467	1.74063653404794	1.32294545706404	-1.41142747732442	-2.06431541054574	1.35442275037349	4.95962855161952	1.95404005726773	-2.15586538314996
