-4.34387246436692	-1.94316054373049	-3.99665003610472	-0.127763321152512	0.180022878614386	-0.45206453798193	1.99678392950162	-4.54864966270109	1.32673417347786	0.220994367192511	0.619055397945329	-5.54311171645333	4.49608370043771	0.229368334482177	1.35113096199904	-0.538530017021041	-1.24223803676794	-0.915824589195884	1.91282830518859
-1.07518240084904	-4.77877735355291	-0.454616501722997	-1.35483385453935	-0.697487848104441	-0.61710534594785	0.747720216336777	-0.398989540292146	1.28415368919404	-0.463397842498789	0.0298034904291826	-1.30323494006109	1.99535672122154	0.395566578759772	0.625627234936699	1.27048381133062	-0.0993484677683911	-2.48078765904782	0.508450575173895
-1.55357871682622	0.2037483994736	-3.02396561082159	0.615316298653122	-0.611180051900897	-0.0526830828787113	0.577055140067834	0.572062739554283	0.380255539316355	1.45104415837968	-2.45048303917837	-3.2174386784349	3.20238163883472	2.13241495529915	-0.645949320560152	-1.54395417124199	-0.882935025413488	1.09165218436691	0.913608445744949
-1.78829974845318	-2.25115931018997	-0.107354352816467	-2.46408379012173	-0.471418352316612	-0.846128769486719	0.581692609655975	-1.70854910040366	-0.475216849835024	1.07528753354422	0.329655000154922	-1.00995547589994	1.26132201244951	0.953186658527437	0.172648776201463	0.138457206141574	-0.235218484280122	-0.240743893318274	0.398481327620733
-1.43815934601918	-1.43164667398121	-2.22876178301972	-0.654399109041361	-1.21935913079802	-1.26409832294402	0.784517087770952	0.394363967943065	-0.279993565306089	1.98188296775629	-2.36160504926449	-3.49975791786626	2.98185790554149	2.33113446809326	-0.417021663283646	-1.19316094658642	-0.129728100673756	0.584713084081304	1.16221163652955
0.00852829516983533	-0.782400557645507	0.0233970124199434	-0.353665331408412	-0.49249106360405	-1.92894869811703	0.44457336382795	-0.332140885429729	-1.01184788318291	1.11047121840968	-0.532385826848812	-2.08447558427283	0.468525454865315	-0.254929553037687	0.368524993645007	-0.366374363870829	0.42855025360852	-0.289449162124634	0.758950303516282
3.89255012670126	1.66401401473928	3.59079553419495	-0.0827993844691315	-0.495191523344914	0.685625272549017	-1.43993051348231	4.60642359518837	-1.72221312923668	-0.515099989815552	-1.36833752016275	5.46468521512645	-4.4358724248793	0.926900167060691	-1.72654493059383	0.535746645752652	0.905191731485415	0.715294030470781	-1.33433531741948
-11.8617206609758	-5.15367763528394	-11.6880648800716	2.13087643857426	1.83665659035598	-2.04846101231932	5.48462763702161	-16.0903230193026	6.23949585113185	-0.902073691142292	4.34305713429884	-18.1287030371908	12.5928194149269	-3.44313296342306	6.91281063623789	-1.32921226601501	-1.35218207346223	-3.32604546747033	5.33798363336742
-2.22300765438931	-0.664779090616448	-2.16855160094005	-0.159634573208487	-0.679931636122348	-2.12949546150594	2.22676898644759	-2.25231222981384	-1.90184769935017	1.01354890174102	-0.468176718739307	-4.65094526977396	1.98733091474882	0.682000534315325	0.494953760404877	-0.878739148841515	-0.927183399847765	-0.925101518242847	2.60744595531648
-7.32846774829259	-4.16492511941486	-8.63038512034676	3.00990171638437	1.00860300804253	-0.108216171711167	4.3330113896299	-8.36757730146141	4.90237563106928	-2.35997085823626	1.75774934051583	-11.5151860484457	8.71113812540104	-1.19613373583366	4.42751165819583	-0.568541968367859	-2.1543692350567	-4.00551028593117	4.21633888453962
4.83957761445711	1.0820355242322	4.48273950249359	1.18637975066615	-0.621533000508794	0.292838465245936	0.244314492417626	4.34099454863305	-2.96577213447247	-3.0321514725892	-3.21958633494414	5.39891740069071	-6.75061612161588	1.25224585728037	-2.00943698155952	2.01784380651131	1.50134876757677	-1.35212942235784	0.679761730908916
-0.80950080981197	-0.252538551996854	-1.56382028583704	0.930559530149697	-0.0659131330709086	-1.37399347305959	0.774195631310058	-1.11001953151259	0.0460504510732824	0.689506641051239	-1.20353483769305	-3.69235196218713	1.75292809822996	-0.316442685304138	0.534821176834761	-0.695703072547074	0.0742283099045506	-0.117080118426527	1.17769358651926
-6.41029758468135	-2.77238169367175	-7.02369611772398	1.96500118430797	0.720581759787501	-1.37903798460883	3.90106502752904	-8.25576793040234	2.88456822505375	-0.913590843226263	1.58349750783681	-10.8496966971876	6.97871908122799	-1.08486640676084	4.09250684649131	-1.15658929300572	-1.1591772975747	-2.5393682887355	4.02487137494675
0.643001773614166	-0.180399389463292	-0.416175370116505	2.24599833072168	0.340080541149535	-0.604442795681674	0.690198095500923	-1.00877009739082	0.543053115598054	-2.00427693599629	2.05345896260987	-1.27305389486038	-0.653263384191858	-2.77183331685399	1.50187047836578	0.750159472442508	0.429214478384279	-2.3177905841821	0.751831371124701
2.06293018408952	-0.127660087347905	0.612010443954915	0.685660113674667	-1.93808005895783	-1.15495646940989	1.03474856600649	2.75101272691473	-2.63705882523112	-0.811277834102033	-2.72648205372375	0.478776516168335	-2.55082884062734	2.04019358861352	-1.93171391159513	0.825882097966968	1.72311577839375	-0.70248181184207	1.66567677886658
1.97366035221692	3.0323211469082	2.56033109846254	-0.803089856822021	0.380635296083033	1.0410574436556	-1.41266078006881	3.5365336971483	-1.9459606635093	1.31246955756828	-1.62802448478085	4.23795453481234	-2.30363028167842	1.52423832479573	-1.5414266210614	-1.14988476503258	-1.50266926193968	2.08041584119417	-1.41863790688211
4.42302020067252	2.174653134765	5.28877218065494	-0.173576992523511	-0.0436189441074419	1.80188367772511	-0.519140940737207	6.01759756890828	-4.01602417932772	-2.29534875395547	-0.148021840475817	8.89318895191308	-6.6529992300649	0.70254661932165	-2.55106590184927	1.62020866559276	-2.43566463047101	-1.92121896223058	-0.819701920020576
-2.39927678679358	-3.39693521436812	-2.6869175218428	0.900083757161514	0.091537029951433	-0.331029970432069	2.11874375094929	-1.99598701204944	1.38989373194411	-1.55224296188051	1.36590390040143	-3.74056075505971	3.24730151729884	-0.891412624008419	1.75840688334972	0.618974912025296	-2.07144263660605	-3.85348407126609	1.89823878151503
3.52509415833879	1.35473577686004	3.44533276462654	-0.313630300325447	-0.406317715239258	0.956834123403473	-1.43811857606737	4.34147760647371	-1.43058090633381	-0.617944322764791	-0.897155056433024	5.60960386842907	-4.12609342815465	0.872438385172645	-1.61313306683964	0.638221017803196	0.607198740633948	0.526873100548423	-1.4646018680256
