-3.15541230827473	4.49878113962949	0.237391972958198	1.78693540432801	-1.54394044118153	-2.07130201458226	0.778787704618428	0.101508432616444	-1.59832666781436	1.69544791432943	0.655762268980885	-0.974015543645369	0.684617761568181	-0.0955316523992617	-1.53825258961563	-1.7198556421158	-1.10906163346031	-0.527939242771801	1.20249022830271
2.30593941226996	-6.46899381587886	-1.96326162024515	-2.18197103524676	0.169691816691186	-0.525520204159575	2.19619532490832	-0.978611784782898	0.772945663826424	-0.289313103433183	-0.227425955754904	-1.16144192970964	0.975001873175419	1.49000796315411	-1.22026953792962	0.634777177807841	-1.35813718378234	-1.48917595879865	1.8579786120774
-3.62623347718185	2.32435395923481	-0.00518916687610875	1.73973257903187	-1.22025482688615	4.20011589037974	-5.84388611396442	2.49980359281132	-3.96793847739579	4.94345179216731	-0.348280587212817	0.79311921914711	4.22048925136068	-1.62543606195591	4.68964833385813	0.765695118106673	2.97092163129211	0.863933322530739	-6.84097613633152
-0.220362321751223	-2.56399275872136	0.10803967637391	-4.02608658103966	0.374668010640153	-0.492028119780419	-0.439350041762266	0.80048423107126	-0.172284989920334	-0.91013961489509	1.80990745538729	0.142177010102409	0.801585301297633	-1.38009845593333	2.07745249246612	1.77668607922208	-0.788390054336683	0.32961008889469	-0.577625695038289
-5.91438458996864	2.71898919980167	1.15882004488833	1.64984491193093	-3.10308297871144	4.83666803918499	-5.7577639868027	2.53963514625351	-2.45515074209025	4.67148512588342	0.000539965954619574	-1.93130120180508	4.13686453703779	-1.43276923309363	5.82801335654684	2.084193158219	1.97242312731302	1.08762176320525	-6.86150570381103
-2.17836836007447	-0.876937148841278	-1.11791372075423	-1.54393298200989	0.0405934569210779	-4.30552222091499	1.73007106096237	-1.71515952590898	1.48891463430131	0.630922328461554	0.83077585161809	1.14610620650818	0.94819793296135	-0.673196565611483	0.242882488996549	-0.955150013024409	-1.25475566586218	-0.295276071560499	1.4143113372144
0.46147680982835	5.64583044322906	2.0609414441689	3.57861673245944	0.318564089631757	4.41853651334556	-3.83039165553061	2.31855591339878	-2.46142325980804	0.556565854349853	-1.20434806849957	0.757118423909901	-0.975496358997526	-0.699279117314527	0.628819619841336	-0.0762579967518522	2.6222279373026	1.35329937670535	-3.44415744143396
3.82224063050602	-9.32926133773659	-6.21225271744619	-4.10598975855969	-0.825059458132779	-12.7597206269804	14.7958777146555	-5.66323628070577	2.46418414597469	-2.77111065558585	2.6122086580331	-3.32505384507767	-0.924788567532168	5.65681983302493	-11.7607011838193	-4.66164108208027	-7.90721695968192	-5.97044000555954	16.0055978077283
0.0811630372100506	-0.491525014857388	-0.812673249715436	-1.31251600664775	0.584699649900826	-0.325841609684874	0.4504265666426	-0.130648757772259	-7.10628197420047	1.20978085246211	1.61644958839825	-0.271401828615427	1.83638348640052	-0.059377732623862	0.0577001340734481	-1.09846147950241	-0.433070763979148	-2.23613468352339	0.738429293981413
1.11685170045322	-12.1296225664113	-3.77859384614992	-7.64971354098527	-1.48395436144999	-6.80013922951655	8.32144633498143	-3.31806600868724	4.61996201274785	-2.92015560117543	3.28306691346531	-3.66730442972061	0.727325283794253	2.77334916097838	-2.17536706284763	1.09332818799827	-5.42947658411519	-2.91114646454896	8.05973533975403
4.39012570092124	0.199098635189233	-0.140816446933297	3.67237946279081	1.199206047899	-1.3113517143516	4.23551085622858	-2.72401699524664	3.19943513870156	-2.77236998237602	-2.80938213709423	-0.357246731028752	-4.26294719148906	2.92974682089139	-5.95824424653867	-2.37906695900477	-0.791476135997166	-0.964351861096938	5.03164263436967
-2.1901196897985	-2.90016186103762	0.436302659115872	-0.517843735245755	-2.14457356339143	1.36891881093139	0.427791334661709	-0.932108317303373	1.13193382627099	0.421147536765367	-0.244514229685439	-3.87668916537096	1.03658952558411	0.962651567208517	1.85391811126038	1.8417236455353	-1.30627258015879	-0.757483723748587	-0.175750242279244
0.9844642505621	-11.0393458668186	-3.70118065133796	-5.90679826008083	-1.44537220092118	-6.78399174129978	8.4197325374734	-4.02764578987174	5.19557349799846	-2.60930187022313	2.33086179216024	-3.3963688253683	0.251917130773586	3.17816463419325	-2.62025840835723	0.348064497703978	-4.96627940962064	-2.87883802569159	8.10920017796816
3.45655374176623	6.55547362570505	0.340825801804268	2.04621693204868	0.696983760781699	-2.2221227121071	2.72862920779711	1.94649936131617	-2.76700815108321	-2.15609696368703	1.0801946574811	0.55863326692967	-3.31151428777599	0.811286121631492	-7.54559190436144	-3.23715395574223	-1.14702586881143	-0.49648052075029	4.90852800746821
1.80932925431953	11.4583815010994	1.51766918695811	6.69453766313713	-0.890465699378665	3.89448076853003	-2.77593854372193	5.01572590297402	-5.47488667442987	1.20039334283179	-0.667667941220437	0.0685523866761535	-1.76665070051419	0.458873655591114	-5.65064805333631	-2.77467038520074	2.05657600807632	0.746113311656776	-0.908238754592382
-5.05864558000067	-7.625447725019	-0.347960959953819	-2.00787230428298	0.252002984514459	0.787104663942793	-2.6895045361014	-4.6786955106295	4.15608618487632	2.50848646577665	-1.93877593332166	0.928578269130807	3.45828461583696	-1.4002447842236	10.1452312861471	2.86101795520156	1.6645625325492	0.554610212727085	-5.63082159006395
-0.473455818121591	-1.63862218576188	1.48433070657254	0.0117716106854865	0.518751338405384	0.177111889066557	0.414156497929547	-2.42787334994872	3.78736586239037	-1.74553109284607	-1.61823731353946	-0.689290354108243	-1.70873062104109	-0.0971071509736186	1.79940744378822	1.20117554875089	-0.448001032312348	0.497260375374801	-0.0696597222855114
-0.174035595489705	-3.60089133792367	-1.45790506362292	-1.1033283338658	-0.352883396364244	-1.85019908081869	2.51442519255541	-1.94691696595954	-0.640459948915433	0.457601229505782	0.232173900346301	-1.32165408493498	1.07403955558901	1.18819186759344	-0.683699382052931	-0.511687941579498	-1.52517332572591	-1.85462059820814	2.25808528561853
0.778025050024414	5.79992185063377	1.73850857446278	4.06196558534175	0.34292238389455	3.99454587120025	-3.30157882010854	2.16004624745579	-2.55346137428708	0.737267792515666	-1.41189374139579	0.798355267487597	-1.01519524221824	-0.354015002352718	-0.335789533891603	-0.612344262996014	2.46214483270316	1.08140205985292	-2.81645712141268
