-0.651515820712516	-1.63261582520302	-0.569679105427685	1.42440861301526	1.85005087195531	0.310688678130407	-2.72431789274993	4.0134965655506	-1.80335696392988	2.65338063053729	-1.40908012876118	-0.426860899479702	1.76027103179362	0.741917475671705	-2.15044277900959	4.92075491983143	1.36829199057142	1.39203428270863	-2.53589999296161
-0.954793539896282	0.979937687547392	-0.313413389975399	-2.20267668883818	-2.74322237253716	1.21434242750196	4.62108502340242	-2.09841974469521	1.4034312729099	-1.94364281003443	-1.33777856054479	-1.28099342990505	-1.43255771708621	1.4604988658564	3.94458006756724	-9.36732381107235	-5.44571381164526	-3.0679430782687	4.42538924434825
-3.21302906899771	-0.209817366452868	-2.83271220688908	-1.13615554388362	-1.19337363230937	2.23554358847901	1.32607990233265	1.4293099190673	-2.85884356619027	0.698825771662427	-1.47904898583601	-3.05325626329782	2.52666520585519	3.22057799190691	1.2988800973989	-3.31298644874038	-2.82064240232662	-0.40971128982887	1.25367192648033
-1.13951769706267	1.91779748653776	0.307125707836812	-2.67161538128131	-1.84200847392083	1.65862130729681	3.9649313924202	-2.60343505403291	1.54031566402255	-2.10969381403917	-1.27377552620939	-1.42186862851331	-0.535567643142841	0.870696915584556	3.30255756678338	-8.68419824475304	-4.37328149675458	-2.06948350171353	3.72742498534618
-4.35726147763214	1.33119290593253	-1.57467697195127	-3.40153177611871	-5.1835906691807	3.03538269943837	4.61190888783223	-0.693047796165847	-0.565269280816865	-1.31976438842471	-0.267709804720906	-3.6217036071487	0.664472551384092	4.19263098154457	3.86922225677174	-11.4278241254634	-6.76950034979815	-3.05859899379409	4.798143338131
-0.782605487567069	0.847821531108509	0.177525099181091	-1.56870076832829	-2.42895717284136	-0.758739042992188	4.1382654105187	-2.34443412506314	2.04817462350462	-1.34137825493388	-0.220767700960612	0.648476959773356	-1.98261415246865	0.76295846694896	3.57588789863536	-7.46092165384715	-5.82703884113404	-3.05158432259854	3.95866613270774
2.52751698198967	-0.912646873667903	0.537989238612885	1.90393779523095	1.90652879780743	-0.898841889523963	-3.37660850334224	1.19171989855616	-0.40884360530622	0.798173554534505	0.951682209470468	0.941644144902832	0.616776447107867	-1.99314470577987	-2.96343688703638	6.99154130527047	4.7737747333274	2.3739162918848	-3.2636235059389
-6.70770396358945	2.5321629437754	-1.4539769996739	-5.26972235587075	-3.82792282247957	2.41150952164944	7.98113348862738	-3.70975496765132	0.33999292303209	-2.34980254833629	-1.81501461305433	-3.1739135352721	-0.237512629042444	5.00050237813919	7.04893539090834	-15.8396765453376	-9.73735587239816	-4.77259557982676	7.60951036092481
0.237049001506404	-1.34342410671574	-1.61936192971353	1.2283361977685	1.42595034871641	1.33232202847993	-1.98996886868324	3.43713978831178	-2.79906631559238	2.55647644542631	-1.51472330733108	-1.47978267999097	2.56572722921371	0.531149791788804	-1.64246155610251	3.02163638194631	1.06107274777133	1.15601574530863	-1.99481954023919
-8.95981531914959	3.56258947406011	-2.07316459489046	-7.32035176287384	-6.08401526883754	4.16208276260639	9.98533320418762	-5.25374661795269	0.412947220262458	-4.72485606650759	-1.78138976302807	-5.37651341383186	-0.120779471028625	7.01895306314038	8.75533070789543	-20.3139005029003	-10.8740105454271	-5.21154660346239	9.68795781427937
1.7200361245844	-0.0126677964734166	0.573644096585578	0.747501136575181	2.49455329654504	-1.15901751224994	-1.18810348503982	-1.64154032319514	0.76604807535443	-1.41105440932227	-0.253712124429896	1.19556095838051	-0.792417618123569	-1.84059370755089	-0.920426408770399	4.31757062177296	3.75661942445502	1.68982648362728	-1.45840920824057
-1.89577043647476	2.41532189725875	-0.779002016486832	-3.84781179673021	-2.94938181580196	3.988910644847	5.26783813463706	-2.70991506048976	0.586346462930936	-2.86866473337384	-2.31725391778342	-3.88134422067761	0.551456935795999	2.11599018600612	4.35509722127427	-12.4071458125798	-5.37606916293252	-2.39393779233562	4.96519165642942
-4.86683203205229	-0.3370530215654	-0.4100182010536	-1.7398320043883	-1.67807013300957	-0.360283052808108	3.21356426099489	-0.485083363537591	0.0271677538647292	-0.226300614539342	-0.277599787230168	-0.480381875730738	-1.72536803432752	3.6428592872815	3.11650907140039	-5.04694706410293	-3.93860265779864	-3.06286641898837	3.30867471519307
1.69593721322181	0.811178010499763	1.15714801418939	-0.143006474380998	0.400832373106812	-1.4502169298703	0.792638639753473	-2.77916504407652	1.71767780244711	-1.29325018400135	1.07269740528143	1.63414616942655	-1.49565146417663	-1.89538170193516	0.586588509758468	-0.390555348788888	0.571010911297317	-0.330681081162402	0.573894993441372
2.37642638918484	-0.749758041137714	0.555882679464953	1.69069387812206	1.6594905492754	-0.770384112827575	-3.06872449308257	1.0022301390979	-0.351085535117264	0.716793280711425	0.994235240928599	0.838471217048215	0.574793593604017	-1.8984212141609	-2.7191631920273	6.22571763804411	4.38863661598886	2.13657451605855	-2.95861592009384
-1.14192598385334	0.724416379343251	0.166599910070658	-1.14860548862685	-0.895048725019174	0.86350091571933	1.69687530305657	-0.650414169388711	0.324378499699905	-0.25879999928258	-0.5689069151821	-0.603280725669511	-0.435821820259526	0.699946713273416	1.4058148036944	-4.28465153896528	-2.34381743396158	-1.48220493286961	1.65820136767893
3.85646772828365	-1.02315349922507	0.61061008150554	2.79242748324839	1.34788737447259	-2.65653150826579	-3.33633704276579	0.817336311119846	0.652028369958862	0.888454785653837	1.42627714062981	2.98326607498243	-0.502160932022099	-3.15126056503366	-2.97031028492652	7.2956097099955	2.90675919571474	1.95752852517199	-3.26628836139056
-0.0784511181322746	-0.546811093809376	0.449277298019578	0.0923885811721752	-0.350542249819421	-0.597644110994668	1.28426871863805	0.401390841807703	0.729250332578723	0.743683892548075	-0.681071345740429	0.773973681005037	-1.53463545855888	0.255607908753418	1.16963351736062	-2.3563704967465	-2.42132218319653	-2.0056613298762	1.27936212865089
2.42579434087186	-0.838748005214811	0.405518947135065	1.83138078724857	2.13010723352447	-0.972819430978797	-3.16789255034417	0.940834889215664	-0.459672948278155	0.744807465255472	0.775195725421779	0.987070709092389	0.650437018388454	-1.98778529705184	-2.75546496969917	6.83822044290086	4.59409821378173	2.33838064028114	-3.12905038833108
