171,62,47,168,46,97,331,163,134,116,279,289,102,328,332,73,52,195,321
216,110,53,254,39,71,346,229,162,33,196,109,19,326,356,158,174,108,361
218,287,78,144,167,112,301,132,105,126,280,91,164,31,351,153,3,293,347
147,211,65,156,49,48,360,191,291,16,205,61,28,282,359,323,157,42,341
93,268,25,150,166,204,345,119,225,38,283,96,210,72,327,281,1,228,352
260,226,59,240,58,165,337,151,239,10,271,262,18,88,357,43,75,267,342
145,40,21,142,94,298,319,297,175,133,320,300,238,122,217,29,154,141,249
74,188,41,172,24,305,358,37,77,115,129,325,170,212,353,27,84,285,348
76,177,121,135,35,189,315,181,173,99,274,202,139,234,335,118,26,236,317
136,203,11,255,227,152,330,30,130,80,184,192,89,34,349,263,193,221,344
85,242,155,288,270,257,324,190,95,220,13,302,207,314,266,92,5,20,261
113,243,57,231,169,179,251,245,272,17,276,120,14,67,329,253,101,209,355
246,232,100,244,63,176,318,6,186,198,127,69,66,340,316,296,208,223,55
149,304,32,140,295,284,308,312,137,56,185,125,4,215,334,197,7,148,311
241,70,90,201,8,303,313,275,114,123,247,111,339,143,277,44,117,222,224
138,131,83,87,22,128,333,214,107,161,237,178,86,248,354,64,199,180,350
15,265,2,306,235,252,278,9,219,54,250,290,233,103,309,183,98,259,338
106,68,159,294,81,187,343,269,213,45,36,23,82,200,286,336,104,307,273
60,194,12,124,51,206,256,258,182,264,322,79,292,299,230,50,146,160,310
