168,210,109,203,48,278,353,73,173,88,108,180,47,320,326,239,10,272,221
112,113,69,313,155,128,348,97,248,33,146,187,93,214,360,147,72,107,346
85,307,153,145,22,148,311,141,65,166,184,235,100,75,345,334,1,318,356
240,288,76,150,61,49,349,190,219,18,131,223,106,222,359,231,64,87,290
198,327,70,158,63,304,312,182,105,132,68,273,96,199,344,115,2,292,243
340,296,8,188,38,249,355,191,151,20,136,251,16,206,361,217,30,165,253
86,157,12,71,212,163,295,335,193,216,280,79,129,194,233,35,160,306,268
101,236,52,205,11,286,343,31,78,142,46,342,140,256,339,17,120,316,354
121,269,58,294,118,262,328,84,259,98,104,252,134,186,192,111,41,293,204
308,275,51,302,59,261,319,66,122,174,25,279,45,152,323,114,53,277,237
200,284,183,330,135,250,289,202,244,207,5,254,43,299,336,77,4,55,159
130,276,28,281,103,60,357,241,322,21,176,201,94,133,325,215,39,127,264
287,298,81,283,50,225,282,92,179,229,57,162,74,333,321,95,24,242,83
123,358,56,258,156,230,351,305,227,42,23,172,3,220,341,267,7,164,228
329,82,178,260,9,218,171,291,117,234,124,177,139,170,337,13,125,213,324
300,274,99,270,34,161,309,149,175,211,32,263,80,315,350,19,27,144,208
181,317,29,347,44,285,255,91,137,143,36,331,54,224,314,62,40,303,209
257,189,138,266,126,37,297,226,185,15,26,67,119,167,232,338,197,195,352
110,246,6,154,14,265,301,310,245,247,90,102,89,332,196,169,116,271,238
