-0.0788327549221677	0.237792230449916	-0.309494776636047	0.256260463612663	1.32543168122228	1.25083798831612	-2.62925244181702	2.17612469006593	-0.703995551437549	2.70689576212522	0.55458870336223	1.13323967305386	3.68522935460013	-0.595599620383123	-2.67758337354234	1.52217735542234	1.21849349381638	0.228013906638679	-2.87290745689215
-1.92854119267733	0.264254503266848	-0.872768394467656	-1.40262136422045	-1.92956931681204	-3.60753308084823	3.8029295191461	1.36145472930109	0.194298954895227	-1.29552289422254	-0.264988178562918	-0.196130499914631	-4.68439490612699	0.547718320664309	3.72701904126865	-3.28402062747131	-6.63079063548426	0.87382227268351	4.60008764978279
-1.28295229449347	2.3476541111214	-3.66877420670625	0.592451214910284	-1.11985819087986	-4.72855463557056	-0.661464247064714	1.57775400094668	-2.70260140934255	0.560173798197525	1.38134850216021	1.81642970471855	4.6777226839529	2.41951825315756	-0.103578579049596	-4.30969727427856	-1.82983934893821	-0.00782666852615677	-0.488303243469687
-1.21587560591383	0.67403485052105	-0.638264854482983	-1.61336736267115	-2.04711222450961	-4.40618520723296	3.21664813632559	1.47266627079421	-0.0910991773453444	-0.430905223801199	0.11171168498162	0.678047513507439	-4.6455109813089	-0.545883901315403	2.92193427685843	-3.15771517910409	-5.06335545397209	2.3653936978538	3.93918018850727
-3.4297643274725	2.50129967342427	-4.15963871227408	-0.298961855790395	-2.56674028094742	-8.12448241445341	3.50245560011875	1.32607095371264	-2.26229971065047	-1.9244504850415	0.902177285275812	0.574759177030597	-0.173103925868801	3.90613554164428	4.27707568514452	-7.57930790244953	-7.72959221678229	-0.703733437397474	4.48051134224048
-1.05425460367081	2.71540611841967	-0.757890174496261	-0.673331901645103	-1.69173858033728	-7.31295616672919	2.7389545861308	0.738627181125366	-0.527498601591426	1.2487841762845	-0.764327294784945	0.666243674490919	-4.21849182663922	-1.13545561281493	2.43232904678933	-3.98604235018289	-3.32391746887299	4.52192916974559	3.39414870771864
3.54880751949334	-1.59425443988964	1.95753832760834	-0.0607752375448224	0.387363896333226	4.82479935129362	-3.22519160205925	-0.49395839384616	-0.441430177945326	2.19994916622331	0.88420339829689	2.07460540404828	2.15526040918217	-2.7740874276597	-3.85209101255893	3.36808649984961	6.38432911656632	1.04078682686257	-4.16308944988116
-6.19420639225581	3.5760181243727	-3.92896230041221	0.462874346566562	-0.954114913754017	-9.86912637888264	5.45100931781497	0.750314079114711	-0.85883399289225	-3.4841223713298	-0.366670053553638	-1.92583475708452	-2.5138268632616	5.74982239531912	6.80863684610905	-7.9315664668431	-10.7526457870017	-2.5654630160944	7.10501246954943
0.619861698166211	0.0787118517104588	-0.632327023293161	-0.210041250927984	-0.205425999325851	-0.130280453238505	-1.7268532232581	2.13632337165122	-1.97125461320593	2.60198438990434	1.08081121760681	2.55172248952442	3.57843394946816	-0.283341862150412	-1.75491698527181	-1.25643705994049	-0.211780938070859	0.0751927744057106	-1.97878382828167
-7.95753790114954	4.3430764732188	-5.84398974807262	0.167509999675266	-1.17443961652149	-12.6747240434846	6.72821810563578	1.03304485353981	-0.491018572863956	-8.59402003532831	1.34713042076535	-1.53323825511285	-2.46924405777832	8.74663718535855	8.97732976950542	-10.4738451325245	-13.8800611973511	-5.62925712530781	9.26691860034175
1.5926696562444	-1.45010509149647	1.98974724839625	0.64307765429593	0.232744773620267	4.29598131624897	-0.206291120251041	-2.82050161823321	1.17771098906321	0.357894625612015	-1.60317892345525	-1.97663343580753	-1.98975792166912	-1.43116421359985	-0.696166363428965	3.34997975875046	3.79108826935713	0.563242257204836	-0.874991925983281
-3.28345828923846	2.41802779999134	-1.88597592244363	-0.049780501752663	-1.59195774796292	-6.24244667950038	4.20518233755386	0.345366023852597	0.358544275730642	0.115215437024847	-2.06513399803504	-2.4056713966018	-4.94865094745824	0.897809443093609	4.12715751862723	-3.35911722349854	-6.07485762918577	3.10757309649434	4.98606702741173
-4.88483266417766	0.702271232064156	-1.74156035997591	0.0718919897940486	1.13083643870184	-3.03089557606775	2.66719124551454	0.539444560645059	0.184565937884355	-3.80872309574447	0.920822469679448	-1.9399154117426	-0.823236604089592	4.62140430119742	3.87134782510543	-2.56921326424894	-6.22928716518477	-5.19847837636561	3.84007032718682
1.99148937228117	-1.55691319954889	2.18140987055601	-1.03961787166571	-0.870254657840042	2.22505783960328	0.385222681836371	-1.03712263045701	0.392700985363828	1.03760126224453	0.033177985717094	0.45474737602176	-3.48015892653796	-2.85648119294506	-0.460846017956307	1.92484949568212	2.64848179512481	2.2312193113038	0.0171640622098437
3.63725409977454	-1.62609990142994	1.85015415545996	-0.223623801128958	-0.00859774735946139	4.57633603644248	-3.05825101673167	-0.475504036448061	-0.678091621233579	2.57007324256426	0.933202795263542	2.16147462723732	1.91676904306371	-3.00644862956389	-3.80652768987011	3.18040105694204	6.40778164950302	1.60116538367255	-4.04235367152573
-0.783978827167486	0.715914613037013	-0.831141692229832	-0.1239753052976	-0.778296089658711	-2.73408026930609	1.37325312611648	0.458856751327052	-0.716633264431809	-0.974126829670043	0.0598516425616022	0.726346171512448	-0.412961003350033	1.28787738739253	1.75337808836735	-3.32210954129544	-3.50752286278988	-0.95998949038849	1.77295662936865
2.42880799455719	-2.80585714522427	2.29144238286671	-0.471849019017477	0.40124600696091	6.53469332626645	-1.60204314293324	-0.347779184139064	1.23021362373303	0.310050329877654	-0.41299838838686	0.113219417706947	-0.565718287779628	-2.31014016265517	-2.19039056581124	4.15494966694143	2.8006339848678	-0.291206532378943	-2.25220320909037
-1.64889612834914	-0.518650314596286	0.255758820036959	-0.239228169657503	1.36998225992782	0.847362868952445	0.666747067489766	1.6674459130553	1.10101880349369	-2.19209718789945	0.132047807154532	-0.0681549817601379	-0.342010209067524	1.60766230924995	1.28021321117588	-0.288283096472128	-4.35617049714048	-3.5570205682423	1.30008106363871
3.72440709793138	-1.62385755700935	1.84730900293095	-0.00228629722980156	0.103026411471016	4.85631784233136	-3.20369067134024	-0.628286642341036	-0.687642379952701	2.52681016022873	0.778900577513228	2.08585213660946	2.31456952987045	-2.8024209681691	-3.88618355581061	3.16803401539833	6.4939771447256	1.27811971152665	-4.2398613858125
