-1.52749810526663	1.78498796505978	-0.76846509241427	1.92567434607111	2.11565041306605	-2.27931503079853	-1.17469727516005	0.734891573711554	-1.12742631194789	1.74748915264575	-0.676098949031512	-0.497552160413924	3.27536167051326	-0.153101725525415	-1.18248962103238	-0.722165466681519	-0.513414270175085	1.06006607559469	-0.1834983380597
0.0232151026266905	-5.07369031344761	0.150080512520881	3.36873689103325	2.80553029994648	0.891680682196619	4.28981444807165	-4.55124788801892	-3.60456981266518	-6.77981171850982	0.0595936659246785	-1.20869689532166	1.71699173125696	1.33261064521377	4.11502881501441	-0.412479392022262	-8.9861710270733	1.02553947993338	3.76946958233004
-3.06618665756675	-2.78611550779771	-4.82645986705	0.598958789031859	-2.40257898338837	6.71540823803206	3.434789626007	2.03451622628652	-1.15058490960062	8.05552031197658	-3.52941419541612	2.28029287415657	-1.73803524928926	-0.611555055330654	1.503641422753	-10.7205635683514	-0.254192927159926	-6.05271711174874	2.25326664430557
0.0537944784068294	-3.17518250145821	-0.518060308088317	1.46354422199553	0.976141789506825	0.663098154082477	3.37095869899058	-2.49569700129163	-1.11628129275295	-4.37635137358615	-0.337259415009711	-0.536157135719718	0.418133358748083	0.86015287209919	3.09700658891007	-1.37639671462449	-6.0714173948945	-0.43939540453712	3.01361719431133
-1.89201748605729	-5.16605081009258	-4.49108235627272	0.772694935938506	-2.94764817496206	6.61079231632123	5.67276214028819	-0.142760829214593	-2.07292369760696	4.58538798161675	-2.87287723089758	0.915108428425581	-2.54900463991476	0.352369907542954	3.78048038989634	-10.4229901768117	-3.76392193254999	-5.5741199398974	4.12331701957156
0.0167106027948741	-0.477557810122064	-0.756356997455647	6.07911383172907	3.81329016199189	-4.73076206862478	3.61487205249699	-4.73075576395065	-2.44563125948079	-4.4247553961123	-1.10122991692198	-2.85489233018831	0.642713079945234	0.262808946553805	2.89783951125375	-3.60930865283483	-6.4125501503507	1.7354109995299	5.35234552326039
1.11463272296735	3.80290829221164	1.6427210110351	-2.43562236949517	-1.1724254312837	-1.56157585752251	-3.95367950832405	2.58341933561492	2.54908277820376	2.13455283276834	0.929327697635349	0.527868861703489	-0.701530510017522	-0.712794244671196	-3.20738176542531	3.88144361271593	5.83865850853973	1.30689078346975	-3.55888379816562
-2.89137762742578	-8.10797785361668	-3.6439829252058	5.97272096759736	3.04549502781046	3.38674546880453	8.47794627772514	-5.95082977847033	-6.34683240359985	-3.37409131456886	-1.74477524929903	-1.23003872527753	1.5801882712143	1.4012037786856	6.67887939835663	-8.93638540631391	-10.8936709400313	-2.79333501141487	7.76507558705298
-0.642199059068306	0.894320874131855	-0.0993520985816766	4.41038698598387	2.70690937824762	-2.89585065783386	-0.420035504958225	-1.06175243755104	-4.27099491971618	1.46002337534661	-0.494864547106921	-2.27028164728547	3.03369521929519	0.437769230549216	-0.41994201389345	-0.686406713983567	-2.93887898363245	3.41501387730948	0.719550054896692
-4.01945065854622	-11.6945991882123	-5.11727466519671	1.18771640404916	-0.931078897199531	11.699255322865	10.1716337696663	-3.69656889182697	-4.12110333383159	-1.25442375940972	-2.00393455668549	2.80438946836289	-1.76246767820562	1.39942937183327	7.86905832848436	-11.2327511959708	-9.13996907175236	-8.76649598144867	6.8975120939194
1.73754777713684	2.73889343800648	1.28853264487373	-4.87765815476288	-3.27671554891539	0.747370217877066	-3.14934620046362	3.10930675930935	5.01787701645558	1.74119363711117	0.599820481335062	1.75355834879456	-3.06349702689131	-1.1797302796681	-2.65365292147517	2.99194391515118	7.28665314775974	-1.04586485457264	-3.56294932904473
0.163871152033738	-2.76656364413237	-0.967006254709692	5.97091328958857	2.86331665642711	-1.80365635130639	4.71514652036979	-4.84335920888573	-3.91991825960086	-3.82684799756396	-1.34316336437193	-2.58730661027483	0.151802875025666	0.695816400140702	3.84903920127717	-4.40472025391431	-8.10545270784286	1.33417935362205	5.49390628117133
-1.84719796487488	-5.55474953581941	-3.46904287731477	0.694829799050234	-0.699972904710921	1.86233544768592	5.80460259158563	-2.96235296106627	-2.20015847909805	-1.29590020646872	-0.56219932148759	-1.3227854465227	0.503474623008923	1.09059632013737	4.52681759641183	-6.66610791403471	-4.56398079987624	-3.74275025843584	5.09549386425112
1.29041519327284	0.547452851728013	1.43541538477381	-1.32055023199939	0.163297325080825	-1.51210461563267	-0.646284115206841	-0.732399510924813	2.09076633951893	-3.34524198168172	1.04742146420152	-0.101442210807808	-0.531208216718069	-0.254844539358047	-0.206726133932737	3.03441329211918	1.52077483067283	0.686490900699227	-0.491066602624339
0.96066752225404	3.37326066821188	1.2824023000484	-2.1199141899585	-1.04646343709061	-1.41909846825186	-3.35073518092968	2.2337831685137	2.47645793157242	1.98666562415526	0.658096877975508	0.484819148987006	-0.738182856324528	-0.776911041371919	-2.79481447701005	2.97276712649074	5.44725907101169	0.920260457804692	-2.95378574097472
-0.51386115677427	0.0533073961576572	-2.04550619866572	0.866273668772001	-0.465084633372252	-0.217222070078006	1.51940718266451	0.0701954328491772	0.818018467513463	1.88740616276279	-1.86889890603085	-0.208807704914652	-0.661942264370966	-0.747078752347242	0.616277894276164	-4.88292790833684	0.133032111394169	-1.8280091064444	1.93337957411104
2.0465164657298	3.37433429544114	2.26920380128895	-3.56962823348538	-1.7112679069312	-2.35119534394614	-3.89022303425744	2.33704587155096	3.32608716905889	-1.0254585402889	1.38844554112238	0.0625049618095519	-0.509720258673557	-0.149323192674398	-2.64220797990762	6.0335306077226	3.18682651021579	1.96257729556438	-3.65769083639612
-0.846906506484145	-1.44792773541425	-0.826830118666998	1.66510137815863	2.43653556178651	-2.44931575217571	2.05807705404534	-2.1995459745839	-0.598799651688959	-4.42703980138614	-0.149472682064506	-1.24484024899337	3.10458919622796	0.564541922751548	1.94608461696463	-0.72574498433012	-4.76533876602922	0.232453960174329	2.65585578146274
1.14239072808127	2.88322873123545	1.77812432576672	-3.19369906212052	-1.65141806219579	-0.229256392851855	-3.83807429864903	2.80884114741249	2.39566863896916	1.92156592771065	1.15852911347868	0.92700469670764	-0.663480091455545	-0.468327782801136	-2.98299466564388	4.45950346728182	5.42852365428119	1.02990647982443	-3.96547162403904
