-0.319990454368385	2.70663391096611	0.55404619410409	-2.92908679632644	-1.25543303476436	-1.03881922768185	1.2617573359216	0.0903811301886375	-1.05775066959249	-0.951816275913371	0.21134886280688	-0.92784598925464	0.931344093181401	3.09400547275169	-4.00912752753989	-1.41528307501284	-2.2683265358305	-2.03806540290128	3.75117345624166
-1.23430263044664	-2.07583901985503	-0.849154296335705	-1.5130693984964	-0.272688519485231	-0.013989112954523	1.18325998224734	-0.680572448537221	-1.92452087626845	-0.0907919535841428	-0.293153445808555	-0.715889460482421	0.410857767484753	2.27144637078591	-0.215800502458299	0.992499218354986	-1.83488502299246	-1.26257060990596	1.42040585526369
0.0637644201376091	1.98136352746515	-1.4853335061971	-0.949438257253096	-0.777157545844565	-2.40675277010427	-1.00412596856817	0.343765883922252	3.08086624072998	3.48443203519379	-0.809160178911437	-1.6142419664449	2.89245577952633	-0.656385749708726	-0.226333885186296	-2.72979838958617	0.424164369360874	2.71479114442223	-1.04883003541029
-1.64488329293021	-2.2957166615638	-1.26310821970335	-0.945091112937435	-0.0630948184463382	-0.51550634449969	0.345786867673447	-1.47724656023116	-0.627410651845263	1.05616513589861	-0.646282602782576	0.124932094420727	0.718671052823218	1.04007621353692	1.54413439613027	1.035684084397	-0.789819242275356	-0.220931803662933	-0.246025617961
-0.401134170109927	2.45883596717449	-0.990115509467293	-0.277181625441418	-1.08417682451928	-1.64599243953524	-1.02454895657917	0.0598058047142853	2.59351350976162	3.42532532616359	-0.716340361558668	-1.5367523721093	3.3928942473047	-1.41208204801489	0.236625854939607	-3.49016006019938	0.700853419490073	2.06449118365692	-1.02979571501374
-1.53752930519151	-1.89701675148526	-1.08372893334944	-1.36540160338417	-0.156914151841526	-1.25778504452016	0.588437623330825	-1.3518448518264	-0.659717221195058	0.933675705357899	-0.0158181224634251	-0.0786535894544702	0.636116143928537	0.97009543879397	1.08300646775298	0.877474209149185	-1.05057397234529	-0.543552042999487	0.228429612914902
2.11231000413411	1.25039756108222	0.533119635926959	2.15200052248201	0.949590116407122	-0.305815256135159	-1.91270264450999	1.68203353747657	2.87614246050371	0.545680132094637	0.313133294693082	1.14944580912014	-1.08100798790834	-3.14229102245576	0.734974879337474	-0.111619389199248	2.30751864977401	2.49358408171391	-2.93189543921533
-2.90754429474972	3.23318183777227	1.05852441132801	-10.3733171249107	-3.63318301197345	-0.820851589520909	7.50258914918306	-2.99040810617395	-8.52176129309939	-6.89932589234077	0.954271787658863	-3.84784836037481	0.205071345520766	14.420800488241	-11.242038218706	-0.820352913301059	-8.65073173631751	-9.5837881424426	15.3508691976061
-1.3151039459504	0.563977471358727	0.111167563464615	-2.04619616916766	-1.27368577693071	0.284141671763356	1.71937117181819	-0.57927893521783	-2.5395969700932	-0.783210304145153	0.0273725438931147	-1.56667510396615	1.31944061823602	2.7389793347562	-2.19570642224783	-1.11927251784283	-2.3055819136171	-2.54697400656951	3.39760624478318
-4.75761216828624	-3.09290214611781	-1.31439865785273	-4.94511865608858	-2.28871699647269	1.2915508323004	5.03315291664264	-4.40021808900063	-7.06868689687849	-2.42784767709295	-0.348143548606461	-2.72923121449898	1.5521922725739	8.34807357484651	-1.31975362039136	0.407005553816168	-4.81213799955275	-5.97419119080522	7.53305514848716
2.40558247302948	0.47929664022078	1.59792802498705	1.31844977685036	1.35480136567572	1.40349806716397	-0.288632490374257	1.22119475906561	0.120828833802342	-3.03783935069025	0.334902257070423	1.284789189924	-3.47014403923561	-0.350071490307364	-1.50474427079712	1.97887165000017	0.945377922836901	0.209160791135057	-0.107164395657501
-1.64934738523941	-1.59906721752952	-0.765084408381446	0.460950860057394	-0.415148423011149	1.21721907673777	1.15315369567832	-2.09887754254021	-1.55983267352999	0.881445144694065	-0.915891953061474	-2.88124645072399	1.83527488609353	-0.442494003408435	1.45968133490499	-1.055652851697	-0.134770581139012	-0.123127282791586	0.579560230099529
-4.37030149316673	-3.77736241201498	-1.58901988755245	-5.12441048896324	-1.87226361514543	0.638492544358588	4.8321755378301	-4.06927805514337	-6.6166985211075	-2.43568025398037	-0.0887465780990535	-2.14059757331148	0.783361468709353	8.46705032596346	-1.07997987954219	1.39448175399541	-4.77405085254642	-5.54049740442232	7.00252851125017
3.48595999901887	6.80116968135111	3.45949136948187	-2.24637008088019	-0.75001195772115	-0.960799483836532	1.58108569699642	2.97111205094142	-0.764650732028046	-4.9006262253465	2.58491288610077	-1.25891217715824	-2.3822277510579	2.20670873770078	-8.52095795895002	-1.99725677931887	-1.6512668729537	-2.66577931453273	5.79840787363449
5.56834365514854	9.22146661933417	2.73348508900715	-2.56595709117842	-0.561340996274073	-3.26228091964546	-0.347506499898881	4.94851542367081	3.36850232901136	-3.09091845340728	2.21231817099609	-0.880669258239431	-2.19019296852619	1.43320244216102	-9.66010899516484	-3.08611057841982	-0.485050742348271	0.692625907790053	3.81914983269081
-3.77536697040143	-7.02533953203267	-2.67386446635706	6.99795913491301	1.2201102974179	3.3652077380515	-2.6745902779858	-3.98833680704042	1.40676105205631	6.42109197020656	-2.80828381185485	0.0160628187588197	3.66876379511061	-8.48648135221947	12.7026869114698	0.0269539995956297	4.94954105668604	4.22425112198407	-9.16760277820972
-0.555672074746955	-4.97252881006891	-0.371534894338024	3.71861508387481	1.84688736402517	2.05973916526617	-1.39117096895258	-0.597938071700348	-0.290418501589887	0.766196271590012	-0.570043183029597	1.99417210029646	-1.36712163424322	-3.85641030649809	5.3630304260399	3.17548969528031	1.84199811632455	1.11198582689715	-4.7077392068221
-2.29032977146937	-1.16463912882922	-0.129660649947664	-1.4544753250857	-0.992311892981132	0.698914277927079	1.50905055873751	-1.41984398816993	-3.02400034442571	-0.510094239774298	-0.040779350052091	-0.333007345010229	1.12275675264631	2.25492993238603	-0.105488589055799	0.00255940560190981	-2.04591664437441	-2.93508135488255	2.32026993699204
2.39310749000789	1.54887227861829	0.681999707724193	1.77274583979543	0.919520697500517	-0.521605143516779	-1.67074793247081	1.99649973571465	2.71475640272563	0.201314766826204	0.538051624433499	0.907425420017278	-1.26861000225646	-2.73893795883383	-0.0558834482698718	-0.104051670505015	1.95907507424226	2.27610698077493	-2.35149218051757
