-3.28561933790997	-2.97475198336097	-1.22272349687693	7.4249993819164	-0.636731838129223	-2.11891978898504	0.968470893784821	-0.247442190621224	-1.45489584928215	0.653343971588547	-4.51419990240837	-0.58263621621802	5.34819763585019	0.453911189031544	3.03622839252003	-5.6817046370241	-1.1303109425984	-3.01695923496448	1.67901552247588
-0.022493003491757	-0.545475521183554	0.838430533998513	-0.725183437354953	-0.192391789271984	2.70426119380591	1.29831629558509	-1.01437188818756	0.050235587367097	-0.545579650937206	-0.933236760321146	-0.937521837784068	-0.134611369250911	-1.32351661106306	0.166568437741556	-0.251034537807383	-1.12679911027845	1.86631888801441	1.08738695213217
-9.17600650461215	-7.19349324920743	-1.70789323881493	17.106452113066	-3.65008313807392	-0.736789738480586	6.21297436483355	-1.41142347088213	-4.03614603358983	1.97138592346135	-8.59493754410774	-1.6126543780281	3.02953080550832	-0.322551417710448	9.26152457633295	-16.0529133468526	-4.0327086111945	-7.33321851371757	6.71227319651908
1.45983621770426	1.00052914152303	0.717257012564904	-4.14198893233475	-0.655259936395135	2.11314462677604	0.898863469268161	0.415854219846855	0.595948808627876	-0.283205824414816	1.32923142191684	-0.442755767670981	-2.33677996967381	-0.342726964593237	-0.686734408532267	1.47720027902451	-2.34263820100564	1.80925228348062	0.335488554333676
-8.72144594292979	-5.72094235983179	1.01665368518393	16.9128655039262	-4.14721071096014	0.681008331019703	6.23660823565364	-2.76210938786387	-4.27259530413247	-0.00829830993587188	-9.24750051767542	-2.09439337050729	3.98425497964746	-1.02975993901814	8.79334374330138	-14.5518409012358	-3.16996216462899	-7.69309634149705	6.87112879609144
0.203281835381998	0.37225893949333	0.549582993331315	1.17017041831537	-1.03077064685648	0.142041459753245	0.497369827458628	0.35298072658248	0.308637016714005	-0.696277290888267	-1.16387590966008	-0.171495057981182	0.215216132681999	-0.171896119831659	0.645759365821824	-0.971933506177518	-0.916235048177021	-0.650453948416741	0.484121693698661
2.81613607763768	2.01076691502198	-0.57607398376782	-4.91092506379826	1.42332481918858	-0.986483011847112	-2.42182673373204	1.17592235982518	1.46475326571759	0.151197621268516	3.22773826816748	0.998396607923272	-1.46162593272216	0.585148437563197	-2.85148944603383	4.71371453907379	1.75283009856841	1.966396628312	-2.56280699769429
-8.85721910618497	-6.0586578405434	2.73203261223418	15.0678846193181	-3.33460301658657	3.24051150875969	6.9462032570057	-5.13216902984271	-4.99464301299768	-1.08563102692233	-9.45560465028557	-2.97511596828199	5.64499713396011	-1.80627409656025	8.2462607907289	-12.9770151239762	-2.99995292031425	-5.9837512105234	7.65617678042395
-3.74172775752614	-2.97364635820512	-0.753200938694861	7.8157050644258	-1.3402675724596	-1.80026962130527	1.7413073678888	-0.350507009138779	-1.86134605863256	0.511421274754414	-4.75394931690134	-0.766727504839937	4.98097739739189	0.58443960213746	3.71099595900178	-6.53978547635732	-2.07527556128802	-3.8192189547455	2.37296839370252
-12.0663340654041	-7.42154403665165	3.82850316381911	20.6650467503341	-5.54122943545285	4.37034804354314	9.92060783654664	-6.23586808907715	-6.64555781911176	-1.21704267134988	-11.6226379166486	-3.53389135961195	3.80205386220007	-2.36414842179572	11.6875513939527	-18.2521436854188	-3.99465607821755	-9.30386259027413	10.5200591195999
4.70536135985294	3.7012044779086	0.675715568174483	-10.392559854592	1.74546612060197	1.76089407450139	-2.44316101333796	0.812712411511746	2.15149644263844	-0.332471642676459	5.91814238341708	0.865853822248439	-5.18286063293576	-0.332461918026856	-4.84837722276641	8.34164478934856	1.73783430859491	4.6915748545658	-3.17602004436596
-1.72377893345074	-1.22764522956566	0.793587189302008	4.4820792820645	-1.14010971433578	1.49856797895963	1.65913716374251	-0.689332886873813	-0.453930206975497	-0.35190565371317	-3.27548226406795	-1.01660520467317	1.15973362807328	-1.47547181266909	1.9302127765597	-3.47344279279019	-0.63261852979589	-0.61075886644258	1.75553534916082
-4.67906663552429	-3.80204442654843	1.11280451033108	7.06119744774304	-0.312797985014496	0.863421290373808	2.81823335158404	-4.15248472786487	-3.06949106745435	-1.05633599002991	-4.26060519780286	-1.23622607887263	4.77026440102182	-0.24007465653368	3.64735223745505	-5.34447144391289	0.107887545212716	-2.8750561652952	3.53292937425648
3.53600848049989	2.36642877736016	0.919476262899614	-6.9484286357938	2.26494268930541	1.90626752650206	-2.35571408942041	-0.490822180650557	1.75105645042896	-0.836885955267545	3.43125754465114	0.33332052886551	-1.81077771266321	-1.10155124772013	-4.12411794233628	6.9825847983502	3.12176391772424	4.66379117156794	-2.60970182933121
2.52868546009888	1.74211153489401	-0.281121250638183	-5.23180062178298	1.32678724647139	-0.124301850390668	-1.83414078286018	0.743000236730391	1.20187124832155	0.130775966914585	3.17062819037252	0.687551511599981	-1.72107216665404	0.313595029922377	-2.66195913471278	4.49880325467755	1.27389888223564	2.29563440291078	-2.06606600233896
-2.11368590079085	-1.81576944143431	-0.0213167396447358	3.71165619766663	-0.909333881652329	0.561766120537476	1.73479301486331	-0.824260181297017	-1.00411663933654	0.0285045923504929	-2.47631006990525	-0.699736781775643	1.16008349823438	-0.421579749596202	2.12106897407301	-3.69315484435248	-1.36758069937249	-1.2438116193519	1.84867870796484
8.42799663015623	5.93649778091683	-1.06497541201055	-19.199417185319	1.76617556917783	0.456634935762681	-3.78277031024044	3.97589472881526	3.7874632599655	0.644141561411316	10.4118459743467	1.7641052353179	-8.29093134095906	1.70049016287846	-7.4143213420957	12.5008881527712	-1.86098231422402	6.63574200446141	-5.21512111760697
0.471523442197269	0.815352638745651	1.2348797193151	0.387896990620323	-0.476272684793196	-0.768482856003615	-0.426863505732976	-0.355922295741869	-0.17473838292617	-1.51419776807776	-1.24189477850403	-0.162571596494692	3.16206806113395	0.597586423119649	-0.065432659208132	0.555900003882333	-0.502828783265138	-1.21239301895915	-0.0584277431178797
2.63248227540804	1.8067841013267	-0.574844452700802	-4.67541419935593	1.38744876697324	-0.84836001583253	-2.23926816945201	1.02603878397584	1.371882104676	0.139626468406978	3.04328921050166	0.9146553363722	-1.38456247928793	0.514087882615799	-2.68556576531648	4.43600343691627	1.66123968783786	1.96090086462787	-2.37680621781634
