181,126,89,55,100,149,346,76,113,132,218,318,69,321,351,70,24,287,326
222,118,21,206,36,173,348,313,92,27,157,88,43,329,361,155,138,147,353
172,282,112,128,123,110,300,114,31,136,198,204,167,68,357,231,3,330,352
302,327,131,30,63,243,356,159,234,11,163,35,148,129,359,256,66,101,270
168,279,59,301,47,232,292,169,119,130,71,310,104,216,345,108,1,319,247
242,178,60,251,54,208,333,140,235,13,120,312,84,94,354,164,29,254,280
152,40,18,191,141,293,336,241,139,248,245,263,185,105,213,22,154,230,227
127,197,99,266,9,334,355,52,51,93,77,315,125,175,360,14,124,264,350
212,201,145,160,67,142,343,74,162,223,49,255,122,96,332,150,106,274,226
265,284,44,278,38,236,290,61,146,174,46,271,42,182,342,95,78,303,229
200,202,156,238,133,239,309,195,207,187,10,322,33,335,305,135,7,144,186
17,233,58,261,50,134,323,166,262,28,176,217,32,272,344,250,64,193,341
273,294,83,283,23,257,281,73,171,205,56,184,41,347,306,107,39,296,97
115,317,85,102,81,276,358,324,199,37,65,170,8,210,349,316,2,214,297
298,87,158,211,6,192,188,258,79,209,111,221,177,151,328,12,196,307,325
291,219,80,253,15,183,299,225,86,203,25,295,53,268,339,48,57,288,246
179,314,20,337,26,275,259,90,121,137,34,331,75,304,320,82,72,267,215
260,153,4,228,117,161,224,189,252,180,16,19,143,338,240,308,109,244,340
194,269,5,165,45,285,286,237,220,277,62,98,91,311,190,116,103,289,249
