-3.11398684781291	-1.88769795134869	-1.45643044681885	-0.684788749851006	-0.273970205211217	0.106774349924757	1.6654978557528	-1.34693433706781	-1.5223921240715	0.37257431256916	0.478105768179313	-0.41146057481144	1.2443398395172	1.8974960040848	0.174183637769668	-0.0347664576935789	-2.19155577852578	-2.93272884001179	1.44987667702377
-1.61982193211954	-2.210216564719	-0.84270529199402	-0.177140245058764	-0.664921067650061	-0.559632292915901	1.43184707257036	-1.40289418628337	-0.292026696114712	0.0313003993218137	0.131662585520494	0.146195989337437	1.20685652938004	0.982587422285682	0.200607623939261	0.253363275146567	-1.93077727579278	-2.0792091295814	1.19397608965663
1.92126643979634	-3.3509539676253	-0.522133771550658	-1.91640163148386	-3.1093079968416	-1.76576322286483	0.58868139544458	1.34509167661853	1.00397816176586	2.60632503027142	-1.66751284685868	0.464545318553608	3.15978417359286	-1.65020512755456	1.64107056606332	-1.34482193408229	0.892152764838524	-1.36059672816356	-0.453279758276986
0.159680482783578	-0.591150328669169	-0.061456682131487	-1.1930129038907	-0.488603762398995	0.0397694922158001	0.308116209708872	0.0503407904986828	-0.543810201150654	1.22277650456598	-0.642308093435184	-0.527548865216878	0.517545668089936	-0.606283453543363	0.361689508737273	-0.578955632656316	0.399367703521747	-0.211140963532507	-0.0471896465834218
2.79046708786238	-3.80889419507471	-0.688111188554847	-2.0485618390491	-4.171879664444	-2.58112622944377	0.936834211711762	0.867605003244279	1.40954970129004	2.56295277180087	-1.96676140762014	0.46710517679153	3.90027147751532	-1.98903345910859	2.02356793481897	-1.04660046069534	1.02311673558691	-1.73939882160979	-0.266830948278844
0.447844684817485	-0.900461030613751	-0.158443905441221	-0.138848273926478	-1.01383808095645	-1.85615387321293	0.418950203701565	-0.225028209673981	0.0505423415825135	-0.235300786000368	0.163936730281578	-0.497795872577349	1.33631427964997	-0.291699745670119	0.615896209953826	0.398643424662696	-0.845916864352105	-1.03831321039604	0.434722323611539
2.99231799526363	1.63090405668007	2.28991635022342	0.918426521055817	1.37771106363354	0.0582223678919145	-2.58942638640928	2.87010055478668	1.75027966138735	-0.478637374132577	-0.249975234624923	0.993977014121248	-2.23222681335852	-2.5897827090139	0.180780437729875	-0.61573058421949	3.04383017860922	3.50747778034103	-2.27421434247072
-8.80447534781225	-2.19899644831586	-5.69285385668708	-0.00389728845931359	-1.92374553063044	-1.26355618916236	7.06649244821857	-10.0110013865101	-5.04089490660365	-3.18483104301376	2.83357041523441	-3.77385646740736	3.69104253431407	9.51832440390927	1.2832768336298	2.3568885403491	-10.7408371685479	-9.55687986354339	7.42883767413602
-2.60405989165909	-1.2705553553269	-1.54000318707971	-1.37649005779885	-0.718248746820388	-0.330637224000454	1.94139170313206	-1.84905315257352	-2.21622556174025	0.626699856218755	0.35192790959025	-1.57092559533971	1.5570533572143	1.76537477306425	0.645203974257677	-0.0931912973696779	-2.19998437449348	-2.94676050004366	1.71612330353874
-4.8491008627055	-2.39285948046989	-3.25934004862593	0.220329458576192	-1.64263245921969	-2.22362426344583	4.23178761732983	-5.32904423758195	-2.49655697551315	-2.25342757668463	1.95383560336252	-2.05471501878212	3.02609362996224	5.5631706663805	1.95274066583766	1.19205770014032	-6.79015388264047	-6.49837213538581	4.47231408223956
0.498344930504357	4.02846589108573	1.52879546654925	2.16057225041229	3.00082451485548	1.92848157853579	-1.74683982138857	-0.412342201068623	0.440194392475052	-2.55376630476795	0.351378615620117	0.346664963605601	-3.76073700408198	0.281713768858629	-0.957586135315669	0.799110853079498	0.787234073648158	2.86386304858701	-0.866892268797612
-0.862499348829626	0.142914503063462	-0.456905241204741	-0.891696145438236	-0.096900614449571	-0.7114356376038	0.850860830053561	-0.947147380368345	-1.55858695613703	0.345285778644948	0.445626175378714	-2.0150709233895	0.710785963267405	0.821785585048557	0.461050051034617	-0.320893045193569	-1.96609260779119	-0.68445741391178	1.008696735165
-5.72417266858272	-1.74980092294359	-2.97231780021965	-0.0637373821583989	-0.387733572053461	-0.848790791585759	4.19526811848821	-5.45345985458162	-3.28914943847936	-1.92900945608338	2.35078157822297	-2.53390082053696	1.56803994899542	5.85139698148924	1.54067894799645	0.576725691222016	-6.68349513135908	-5.37664377082197	4.53830701784893
-0.77935996632776	0.531000796811245	-0.233442363569418	0.711765223756576	0.232275504755579	-0.134496928299038	0.443592388512146	-1.56798849501918	-0.453537877917888	-1.784093924683	0.951558303968373	-0.0646357912729503	-0.97879224524053	0.615425368058867	-0.0710212543479019	1.16696898151146	0.145281620000482	-0.67559512369845	0.710174830186379
1.73695176082611	-0.744958434320669	0.0982489061966643	0.124093693984157	-1.33498729131051	-0.447636231677357	-0.755667616694993	1.31433893803111	1.43313633875616	0.0431519271495908	-0.0266816725551564	1.49211832470796	-0.146764023230642	-1.81432278858453	-0.382989871802133	0.24759276794943	2.99172146137872	0.720775870672338	-1.06352305020477
2.73456431313706	0.751773649244225	2.42571236827129	-0.365496883842003	1.55157056042539	0.263678912682826	-2.10089853451432	3.10503302220645	1.14554554484878	1.53651640781296	-0.98730944367512	-0.134560601618269	-1.34952753279742	-2.50080377827436	0.527505568950781	-2.12721863716836	1.22814987701663	3.92710982181117	-2.01871032247658
0.214985708362167	3.70899403833971	1.85455501719588	2.28464211351915	3.57240607790991	0.688217788829429	-2.00091412233651	0.56853259179859	0.241932026740033	-2.23162057670324	1.28930981895305	-0.796442810668855	-3.18483886681642	0.3788804815458	-1.42890544174968	0.239063839690648	-1.74379991876363	3.70033366210285	-0.640993359134154
-2.01480178531283	-1.81707608294814	-1.49977381476987	-0.587522653463561	-1.18895018526059	-0.506245344231839	1.67207792841956	-1.72243247789843	-0.926453877292605	0.0875960853221329	-0.469877366296623	-0.0064602941307994	2.09515401474486	1.51556908323224	0.771689697140992	0.560412881610834	-1.66129302379653	-3.75277758077844	1.26046957474822
2.93155594125711	1.38019545993412	2.1433095357411	0.751505573553999	1.15951800909141	0.257190181781305	-2.38677203620025	2.6123279064005	1.76291980740365	-0.286235938185658	-0.531596268361236	1.14997873041463	-2.08620523740365	-2.56113880265831	0.22581226729282	-0.619785029353018	3.16684659789513	3.24237364208334	-2.21863496511364
