117,186,90,134,93,270,358,62,116,57,217,82,151,278,180,257,44,295,333
215,22,28,277,193,194,360,138,124,37,256,148,4,271,354,312,143,66,349
149,289,132,216,42,80,296,72,61,119,219,286,274,31,309,316,1,290,342
207,240,56,154,71,145,361,140,251,17,223,38,35,272,339,263,162,63,350
100,276,20,201,187,178,348,45,122,77,255,108,150,54,356,325,2,300,352
226,237,46,214,95,212,359,70,165,23,254,204,9,85,250,246,118,253,346
47,107,16,59,241,227,314,239,261,174,244,259,192,109,221,29,160,299,249
51,199,41,173,39,326,353,50,87,141,144,327,191,203,308,34,73,301,355
288,111,86,84,25,236,234,58,196,245,99,189,225,293,351,40,129,184,306
229,247,10,164,185,137,347,27,64,112,163,171,169,19,332,297,252,218,324
92,135,224,139,183,232,344,89,311,264,32,302,248,268,305,98,5,21,195
24,166,53,233,104,170,317,158,202,97,200,156,12,267,334,258,103,269,329
230,228,147,231,60,123,322,14,275,181,78,65,94,341,304,318,133,120,101
168,310,33,88,323,280,343,303,115,76,198,91,7,190,357,161,6,142,320
265,75,52,155,13,242,291,331,205,96,235,102,328,74,319,30,79,307,206
105,167,136,182,172,121,345,127,210,208,18,114,176,113,337,67,197,213,335
48,292,3,330,222,281,211,11,128,69,131,315,55,146,313,152,238,283,338
279,266,8,110,209,83,282,188,287,177,43,26,125,273,153,336,68,262,321
49,179,15,106,81,126,285,260,220,175,243,130,294,298,157,36,159,284,340
