-1.9764630471209	0.914856800639035	0.266352041545826	-3.1871056966577	0.705108146011959	0.813562287478445	-2.74352897396757	2.72698160061415	0.0149676224450488	5.45563538466007	-1.84228039948536	0.747829225753986	0.846310260669679	0.968887842165351	-2.43014423375333	-1.42821758564344	3.18805658408426	4.13075454299459	-2.85222977521896
-0.945876916072955	-0.117002771775697	-1.05908045544194	3.74272980812376	-2.80853577793311	-1.51915681585381	6.59120467237728	-2.05327235395147	-0.0206731684959376	-7.50354656865947	1.32613891453059	-0.921607823087763	2.08405239692373	-1.02631361296811	5.04478583339347	-0.633754875605714	-10.4391270956985	-7.5399689111001	5.44004553728521
3.45053428239906	-1.78534938482057	-7.30272039463525	-2.86575844474286	-3.21843187508605	4.73548666591362	-3.66232207162545	8.53523706376383	-3.36510188377164	13.1334540094975	-1.81578867528236	-1.39948072758931	-6.50403116249932	1.15408995584927	-0.881727884957361	-3.12546036997051	4.39357261468099	0.139062181558327	-1.75747492404286
-0.481268921935069	-0.203977036418411	-1.74296830409054	1.81823871427788	-2.1895623304692	-1.11860586188588	5.49359264071317	-1.09541185387587	0.663091537771473	-5.81749280340853	0.93104074198527	-0.682711998892565	0.896936452764081	-0.855765680184708	4.2082016352243	-0.715355811595725	-8.15762992455387	-5.85310939725179	4.35172813954158
-2.31971771316352	0.730578357875149	-0.820548857512811	2.14315010485212	-6.86105102205115	2.37319414379726	2.32543875405482	3.27917793017201	-3.03952147765003	3.24569556578483	-1.49420955365044	-1.25641755315243	-0.748391861668622	-0.326533278489466	2.46615882426888	-4.39442351789494	-2.32120118171467	-4.70346401170102	2.53228899968255
-1.04059930056292	0.431829066330614	-0.892921445791062	2.57157802186373	-2.14970033547653	-0.933473407844888	5.1292461012705	-1.06140058809452	0.432973703600968	-5.64626123347243	0.766360043161283	-0.337924152386729	1.5986163408534	-1.34249112375715	3.7691181390445	-0.416283037069061	-7.61361689161431	-5.95900982678793	3.98175796902476
1.99050594740602	-0.31533788288906	0.134184476977178	-3.26757163325797	2.84566913090728	0.665920583392297	-4.48085854748385	1.0672962697706	1.23543400267532	3.94975188462365	-0.759601823738145	0.658592615456367	-1.85804230870871	0.429282294980811	-3.45604923707148	1.24642295493431	7.41800347033211	5.69120917627788	-3.79137425548296
-4.00780501735557	0.125119525518528	0.896447150263033	7.03726622522058	-6.23466511688084	-0.892970539525519	7.79496826844325	-2.38703235831313	-3.99299456419707	-5.83808589720486	1.63050705520428	-1.77863235979348	3.11119459129549	0.542718589692358	6.40179341161078	-3.24583092862666	-13.1107434914512	-10.0434177512127	7.23471588390047
-0.557437140623435	0.138360266588404	-0.958065653464559	-2.79437982586668	0.752780691088322	1.01366223990534	-3.03881611857406	3.13201965581613	-0.509179891301552	6.09175392927731	-1.5679306673245	0.273511244816258	0.223434496209798	1.1293910483484	-2.27681826910299	-1.11254630791333	2.8525523514438	3.68616166655619	-2.70117691480345
-3.59947110661753	0.104131432185996	-0.0978122486198624	9.49952687948795	-9.54723314532134	0.361161192906121	9.62648432795399	-1.74529363357872	-5.52811937757141	-6.1753072571207	2.10974599171585	-2.51778374195313	1.13464590282055	-0.594357069985517	8.37953528606958	-4.03472620714621	-13.9671688492679	-14.5420063594392	9.3665365179259
1.82169709937432	-0.0972485828781409	1.47697368212944	-1.74851256172432	1.53904775327885	0.355706340648677	-2.91742466766301	-0.600585367318557	1.581135152833	0.71388079427817	-0.618648060818813	0.494690717035404	-2.03819446413154	-0.16986435167196	-2.34904631917125	1.03598788316941	6.19343539608336	4.20300679838931	-2.40543037738768
-1.28037817572503	0.590323575914558	-1.21869394810482	2.77210706940439	-3.54693288232109	-0.525739657373885	5.64499724256178	-0.319263283763824	0.219539430600166	-5.29725569965488	0.345826437444089	-0.619634313927025	1.54640345003505	-1.72631871368631	4.25059398516296	-1.15485423929674	-7.8398952068781	-6.89245169888014	4.45098064542639
-4.11762707345372	-0.83748775617384	2.70224425115853	7.0090342838514	-3.29065763271525	-3.33079803316908	7.62121830029326	-6.30065387845616	-3.61246830116302	-9.31502444283549	3.45725393264653	-1.94395434397043	4.96807108692644	1.61674140495693	5.90106465138891	-1.27648143382591	-13.2770157379986	-8.39476419107271	7.0277678982737
-1.37516847755964	1.85791204039894	0.665796709644199	0.727074934238736	0.380322916921912	-1.35272908694506	3.13965200324499	-1.6318726254314	2.76459613014951	-6.36475396712237	1.02696140532681	0.981344049857638	2.32329987373451	-3.79020386784885	1.32761648971227	2.47721922274679	-0.554541199054924	-3.97844613322815	1.36881762939195
1.41071595473228	-0.0208308168243985	0.239564636749768	-2.83751010616798	2.35888331813473	0.605009519117851	-3.70477706429745	0.967747530485956	1.19318671773275	3.25582895439269	-0.677163054942727	0.699097769854245	-1.50658459579635	0.11625658790817	-2.94570083384249	1.09139637851876	6.5411536072453	4.68213187176609	-3.24830673882922
-0.876729439543965	-0.262511078016249	1.07702645703948	0.633114669437425	-1.76720178090554	-0.0179103917601586	0.715628903461507	-0.510734729658836	-0.82337144434918	-0.16238968200248	-0.62363887225078	-0.588760286664387	0.199601872019759	1.24408094126432	0.721581045515535	-1.95060857594106	-2.02709938383161	0.238985535476729	0.916276550785767
3.04637624667316	-1.58068644944715	0.512197966679479	-1.69489081136033	4.49364811820618	-1.15388882390716	-2.99302359501981	-2.21917889632488	1.46950127676325	-0.707815118334626	0.275737996746396	0.352152055169268	-1.21022521004472	1.78945976180958	-2.27513838939181	1.948142699879	1.58931324722165	5.41287213487609	-2.26936675909707
-3.69053024360542	2.03674566461041	-0.329877911965729	1.80612810159914	-0.431747312705639	-2.31162050058461	5.85248693972015	-1.4383606278151	1.75269778151962	-7.58426960498885	1.29288833654306	0.648493997849791	5.43639208421229	-3.32417301207624	3.24873046369842	1.41141437674471	-7.33901550295518	-6.97226118653754	3.33210637839974
1.74004790739517	-0.138789253251436	-0.136974711509565	-3.35462550010271	2.69781005967123	0.706031962002286	-4.1277776813472	1.28704908711728	1.34163868858577	3.82676361808512	-0.732875952483027	0.741153247595858	-1.83719513778013	0.165784296830905	-3.23816070422235	1.21630393293822	7.15306475787522	5.15959233825637	-3.61829825406803
