81,160,192,174,57,207,287,152,215,248,246,133,223,284,15,276,112,135,264
97,226,254,12,153,74,298,80,108,308,279,269,78,145,278,257,151,47,313
239,247,144,260,54,283,349,66,327,75,83,221,281,21,195,7,5,318,355
201,124,266,30,128,49,262,136,71,330,193,309,261,140,234,238,127,44,301
314,186,161,219,211,311,336,114,218,73,175,337,320,22,155,3,2,164,315
111,171,110,87,194,125,305,120,93,259,258,184,90,131,272,291,198,61,333
17,20,267,19,307,18,202,312,91,360,183,26,354,345,347,130,126,33,187
37,143,205,170,229,141,352,150,180,68,65,350,52,236,38,230,121,137,361
251,206,326,165,77,203,235,13,177,325,42,243,132,36,208,275,98,89,342
271,209,162,101,67,191,280,8,138,190,149,10,299,220,268,242,328,277,158
282,252,341,51,185,179,294,50,139,176,233,253,297,69,329,32,6,102,250
92,118,302,122,85,96,323,14,142,335,332,157,146,163,265,115,169,53,343
189,338,99,225,29,289,300,1,82,240,196,197,72,213,148,200,319,344,103
346,167,204,76,106,41,292,212,154,356,94,244,358,109,105,16,35,59,310
156,27,353,48,216,9,288,182,100,296,324,40,285,181,55,290,210,56,321
316,222,232,286,123,249,322,119,159,339,39,293,306,31,11,4,63,173,273
255,348,79,86,231,178,166,24,84,117,116,359,64,168,331,241,113,95,256
58,245,214,60,224,88,237,188,23,295,274,263,340,70,172,217,134,46,270
25,45,199,62,317,28,147,334,129,351,227,34,357,303,304,104,107,43,228
