-0.673356616186567	1.25754223888277	1.07926772178182	0.700458162678146	-0.0116646100889888	-0.308478200936218	-1.65078655629848	1.52273888380605	-1.75854841371181	4.24411839516801	-1.99639668917882	1.31590795783436	1.58360342363645	-0.819157284290029	-1.09365426986048	2.14132962537394	0.969235198704055	0.271266251374136	-1.59059458573422
0.342843200225603	-3.89323961919904	-3.9325892555698	-2.65849164300052	-0.474079986657684	2.53196626492657	2.99824771291096	1.0000811615431	1.41142484833019	-4.87509768504276	2.11084459348982	-0.991244839743106	1.24290161654068	0.963353879223375	2.36953065610709	-7.62365754771616	-4.82101867213748	-1.14655534552718	2.85271407638394
-0.677449822153399	-1.60959547789377	-2.45546322021639	1.00421869896343	3.06891062474647	0.629252287050122	1.41306451593283	7.04478258378185	-6.33178337550579	4.8741503141751	-3.10070723636481	2.37832057646968	-7.24909831082499	2.21158231899684	2.62019231246936	-7.90660867458288	-1.51201671689795	-3.92729963335136	1.67130636014878
-2.04176538480943	-0.130761333083202	-1.25473974512264	-4.32674736726057	-1.91446852189305	2.65741308105885	3.06636594955069	0.623200384949428	1.64000027461577	-5.30429394223348	0.109232696218115	-1.93836435649945	1.65669623038466	1.64375702933944	2.51410365193761	-8.33465196929392	-4.05851149925476	-1.22810038722031	3.57084028110781
-2.76798520347513	0.331883949832602	-0.740775531313865	-2.88820401891558	-4.08591813583137	1.61306824879422	3.99830461568327	2.27846279850735	-3.60959838328087	1.08912805834614	-1.62537445949551	1.06632385811854	-3.67603575872678	2.5610929885512	4.64024671979067	-8.69097610348969	-5.66033073290365	-4.03608641320033	4.4729798273571
-1.45316882121677	0.456089983878909	-1.72532238006703	-2.00838986484415	-0.942445826957687	-0.180647855725326	2.81925729442132	-0.142948741820305	1.87940458130659	-4.64142172509328	0.254078823549829	-3.8941113483289	0.571202473606749	3.13413934279664	1.99470406320525	-5.120764937274	-5.21132590352269	-0.268427410498496	3.11814282633252
1.62120023579336	0.503781116568931	1.42235299897247	1.8740423817366	1.44606609883348	-1.02929377994978	-2.55156308555192	-0.717137836954176	0.339015602265667	1.68757212508145	-0.384329033597066	1.00913255711742	0.472431524911585	-1.93082814743492	-2.2953973546134	5.50170777179309	4.7180422711109	1.65285544122946	-2.72709515581718
-4.0716399289696	-0.788422631166634	-2.18078393296032	-4.25322095380948	-2.60437983034484	2.65390328776874	5.19614106283267	1.66163179707097	-1.4653996735011	-2.82172587521335	1.09636837433568	-1.43573441313394	-1.42140446360414	3.85016945577986	4.82812732024018	-11.736667628563	-8.14639095303775	-4.04112760564529	5.6869517083747
0.726298716798578	-0.862649192565389	-0.764113691918421	0.583083700766664	-1.12806254743214	-0.507479885843669	-0.752365193455304	2.327796438454	-2.94010343528924	4.78136536669609	-2.14519287420704	2.10595567291607	0.70346815871198	-0.854049303146205	0.177509997350967	0.853946593958213	0.335677073259077	-0.352087184907766	-0.920665122361456
-5.65463057896802	-0.333564483218741	-2.69960805226633	-5.04688544456819	1.56312112391859	3.73497190028473	6.47737489951133	5.02744634656113	-2.87473438143797	-5.02522943447503	-0.0164622521396023	-2.51759081103017	-6.78303298812905	6.19816676291712	6.12419852534464	-19.0530255249289	-7.06250072653859	-6.21758414986254	7.62624607642905
1.30363090763185	2.76623012583461	2.6736197456128	1.47726897594838	0.359705222883624	-2.23832452002609	-2.16026572137317	-1.99875964481028	1.32872450734849	-0.102029216115968	-1.55005693352228	-0.645872731289364	-0.712696588701959	-1.00579484894541	-2.00536920957394	6.04152229223774	5.2096407181943	2.1469853780131	-2.01932919071517
-2.84612329409381	1.23913723895208	-1.63010715776723	-2.51570159771302	1.21812103244813	0.74832458960698	3.12890687977316	1.70319858350122	1.50680166164508	-5.44292664740091	-0.458091445293935	-4.48729182072988	-0.803547691364156	4.18608260212584	2.19895602366876	-8.64612325820575	-5.39341631121513	-1.09506028171018	3.79804556752739
-2.70339604305775	-1.45397993047786	-2.17743236476962	-3.24739772185898	-2.87900690694195	0.552618600579326	3.88837152672474	-0.597311403935514	-0.793763674200591	-2.41219464184161	2.2309611702268	-2.19028860513744	0.378705251877062	2.90921438339393	3.45464604907946	-6.40724428911136	-5.40196787474665	-2.50709133940317	4.03492071124045
1.31722340827473	-1.10158983405063	0.280550103417056	-0.981288682826545	-1.21880257564824	0.945347028863402	-0.272393239079431	-2.66698205255318	2.57764488311302	-2.90361721397887	1.99192314652007	0.25760498768856	2.45844366600156	-1.85498842449191	-0.636098208096492	1.83981690737009	1.71493054397537	1.15764926596025	-0.494635039114613
1.29071161170934	0.546953944996828	1.33728361054656	1.89223058124245	1.97849827348259	-0.884440282244981	-2.41151989001117	-0.637762545303456	0.519678230330886	1.285706899051	-0.0856996755542934	0.676981999418075	0.322161372945831	-1.6022542995229	-2.30339718401875	4.94891932219593	4.22739255305001	1.54099178055536	-2.56007377244202
-1.09464515525573	-0.727635051719906	-1.16947271904664	-2.09873975356533	0.419598843940059	1.71650549976216	1.21970423489175	2.02712436805575	-0.451338141786509	-1.67958685982538	-0.561166162273031	-0.359140816361307	0.023051381886339	0.718861890268421	1.20912814837511	-5.63893294157373	-1.11434417750167	-1.23571588474771	1.53004367467677
1.86119511727334	0.561781581412895	1.27107875994455	2.78696698775452	-0.798966642201025	-1.94284310328696	-2.05165031389566	-4.52265024098729	3.21906763816161	-0.0697481991877673	2.11692166428533	-0.456050715832789	2.58675353041715	-1.71145300715419	-2.72131029604436	8.92776493900449	-0.412274443236555	2.93983517613761	-2.70029583985906
-0.519163252008287	-1.35895267610856	-1.41821975571133	-2.34647472860645	-2.54797662270672	1.16153611052773	1.40368109007696	-0.894074989266947	1.38524222502089	-2.24535658521982	1.28519033067009	-0.885570901552506	3.90541951772077	0.0340153117098225	0.983845663000936	-2.27494010230055	-3.22990556109117	0.036677809496398	1.30606504035475
1.86900911133289	0.0551074369976083	1.1287305011375	2.06907475166581	1.4682076252931	-0.990738726096726	-2.48771903145538	-0.680311451831223	0.217824517550161	1.85717792889767	-0.136655308163057	1.24870820592986	0.309397583191641	-2.00932793065073	-2.22034485413836	5.51500748304831	4.45020282352093	1.56449972860071	-2.74581820987759
