205,36,52,303,66,241,343,187,115,168,268,270,95,222,89,74,230,100,334
178,117,24,278,17,260,312,186,39,214,300,258,51,220,197,55,294,70,354
41,163,42,237,20,311,350,137,265,257,296,330,129,84,291,9,3,277,335
155,97,126,148,151,202,318,134,213,166,199,77,252,195,292,101,158,56,336
299,102,50,181,170,184,340,65,247,105,310,316,250,28,149,57,6,264,348
154,153,164,130,18,325,345,249,53,254,272,80,96,112,295,172,167,73,298
61,26,289,35,287,27,228,190,68,358,203,86,317,359,356,131,142,23,132
40,37,161,176,182,243,355,116,206,157,104,341,10,240,45,263,90,224,361
208,147,119,123,110,269,275,211,114,297,76,156,127,140,225,171,236,141,235
245,229,25,58,219,301,276,12,304,15,152,47,217,282,286,251,246,150,193
347,285,331,321,122,333,342,69,283,160,223,48,196,71,200,4,2,139,103
169,162,218,212,227,33,256,59,279,175,262,143,63,210,92,125,159,173,351
179,242,72,180,29,266,307,1,146,188,198,280,128,259,255,183,313,267,79
353,308,174,274,209,120,322,11,107,346,75,88,329,290,14,19,16,60,349
238,194,293,145,302,328,232,7,64,324,326,22,261,91,5,244,93,109,306
81,165,83,315,99,319,339,215,185,320,34,189,94,136,31,78,233,207,284
352,121,13,98,87,314,108,54,231,8,113,234,44,337,309,323,124,281,305
62,288,248,67,201,111,338,21,191,192,216,271,85,133,135,177,226,106,327
49,43,204,38,332,30,144,253,82,344,273,32,357,360,239,118,138,46,221
