-2.88232407737037	-4.12183971802603	1.40330419586235	-0.590801930537262	6.43596630024835	-0.203847670229384	0.00795256114973775	5.19202227181804	-4.3402494255824	-0.216016094388853	-0.513543784552772	2.13170945728706	0.456986835427648	0.130556305894382	-2.05945829516784	-0.992580129307603	1.0311150029724	7.15330870043351	-3.12294963522766
0.873667515057249	1.36804301289561	-2.90766143661991	1.72223545522603	-7.61874400775737	0.0815849012671235	1.93720897605627	-4.86757944046299	6.02597461256183	0.480802689863122	-0.257249049336252	-2.14270330044777	1.6812523678626	0.994712450378179	4.05221275238686	-5.85312090295303	-5.48468370621555	-8.07411465461298	4.52835544435472
-2.78074887112826	-8.28161206420043	-0.860623626904058	-2.99650242715966	7.00246096613812	-0.615365746240734	4.19727087622022	9.10836399843767	-11.24868514099	1.98450261009786	3.59049296328671	5.76124410480004	-8.74716708024869	0.0939928228358307	-0.078484156616085	-2.33213176148398	-5.33561072362782	12.1597760423446	-1.71877847184884
2.43218809208584	2.6378282975276	-2.38125931505551	0.292254409056076	-6.43281148838377	-0.0585365055609969	1.30613098873315	-3.23996952000379	3.45795076556126	0.294279012845209	-0.12520428188873	-2.45290422884027	0.78238115850819	0.654636079289652	2.94535374924572	-1.86642903032709	-4.75629502670785	-6.31310944996797	3.64180361831156
-0.189453019393801	-1.82207104815363	-3.27111413140729	-1.42308549053183	-3.57255926692871	-0.517438112068437	4.10965691848686	1.14985363060883	-3.5028846689319	3.22478031518249	2.79504196647376	1.16194625088607	-5.73457307197681	1.31539085064871	3.6578227340576	-3.0583600144013	-9.0556393385698	-0.908900637244926	3.63037702246635
1.70849578328929	2.26090137885176	-2.322941667249	0.757032617595131	-6.52173013754782	-0.0213329665529312	1.40717687463939	-3.61933422762237	4.12249983780511	0.333754442080771	-0.338728019472356	-2.35777175918851	1.11173883839395	0.893355519868575	3.18316927138453	-2.91268936403594	-4.84964227053996	-6.72540640459748	3.80447304079857
-0.73746940249899	-0.942347850432654	2.11842720377033	-0.250067625205281	4.28625453550929	-0.060707777845043	-1.9749313740261	1.48207819017017	-0.821081896710961	-1.1170025656884	-0.917718012643589	1.17854104204534	0.668223145721806	-0.847066400991792	-2.80210514326011	3.29683027087273	5.41496350819074	4.68145810363923	-2.99854594191874
1.03889330780541	2.28208688616807	-4.66126178156759	0.626764715850375	-9.44299565145385	0.12161048436728	4.08101532867227	-3.83224597768279	1.68127644283549	3.47752037428399	2.81415866810236	-2.3144583733096	-1.49922723601655	1.95419640677287	6.05861381218544	-6.59582995641413	-10.7839463498061	-10.7572146286254	6.60468348306928
0.0119981400494158	-2.18209242892244	0.672950459028669	-1.83437248311753	6.06456194043242	0.101692652732658	0.591023738362686	6.62686616036373	-7.40750160644721	-0.49847319499397	1.14062325959444	1.01719022389132	-0.520392314461961	-0.442724128291377	-1.87867898869313	0.211434405782008	-0.642780575534658	6.26374214157521	-2.907128682497
0.671519618923437	1.03525476401976	-4.35203785299699	-0.151217893868132	-8.37802038413495	0.188990286271937	6.90512905047029	-1.89194773867983	-2.74054412115992	1.80992555595558	4.32703299102024	-1.86680544042056	-6.87195284052893	3.26310611707622	7.78895466723032	-7.87881933992848	-13.9813810317088	-9.58937819615608	7.81497074815556
-1.29129810349738	-0.342083283457495	2.60840487610214	-0.0719125166709831	2.29043849333411	-0.516862749886236	-1.88063437523106	-0.663947386573392	1.32705585752772	-1.94846770325827	-2.49424183804755	0.642942679082608	-0.67503719166762	0.310060185405643	-1.88524097573624	4.78567096990107	5.12614876278341	3.51537584141147	-1.57713853719687
2.4394067727216	2.70181045235862	-2.29559254980422	0.630603135993409	-6.04134222184394	0.418032925406338	2.55589349009921	-2.34575690842626	1.91219149624889	-0.656665755703731	0.481864821753507	-2.89604776649068	-0.034998222026831	1.18380776319484	3.90100516023043	-4.30611524601827	-6.79483844768045	-7.4162806131759	4.1861372869498
2.40407166655086	7.52607464273225	-4.30048392894252	0.699615187152293	-12.7378856414594	-0.12706184933831	0.934641563829288	-7.98750931862245	5.10574166555132	4.5401914654104	1.73057516513228	-5.29723194694461	2.45628639587708	1.92074747303919	5.06139332047031	-1.13233044538295	-7.12103520492955	-16.2837889762565	6.91817320235005
2.20458327860608	4.24379812642882	-0.722923647612568	1.80154849264921	-5.42304798128544	0.472191973044475	-1.63672888933606	-5.98255256722233	6.8781952882912	-0.330655888199576	-0.625061368267641	-2.60158751562797	3.74329696331101	-0.664883030580072	0.822573754001567	-0.0591430906192016	2.13147925521342	-7.64456155767385	1.75213297816111
-0.706194641630411	-1.2701762142698	2.04314963152257	-0.304997983956302	4.53171777659998	-0.0303235677219368	-1.70467868994644	1.80548529214856	-1.22662511457265	-1.28536331320706	-0.6775710567697	1.30345198272786	0.393818817898261	-0.8887812072178	-2.7180656321806	2.85490456578159	5.19719295405274	4.99659503237508	-3.02662699543023
-0.988487286011789	-1.59557851664437	-0.479587811852127	1.7182427554843	0.470079518375314	0.880237483549418	1.5206278370969	0.279114910771723	0.338266417135853	-0.917300915597902	0.908241376491056	0.294461018822137	0.6549054248095	-0.0774656557152156	1.22073261640224	-6.83712555870791	-1.95212876454008	-1.66721992478924	0.329293804833981
0.089875250722427	0.659707294261033	2.18950210607004	-0.224774897086297	2.41904757656963	-0.32062393110113	-3.00687048917745	-0.0273948196087677	1.60080820901574	-1.62624253617536	-2.86714831567966	0.00372348876539963	1.94276556504272	-0.75589130601189	-2.96254391751994	5.1283425626505	5.42384537171459	3.31628307352529	-2.61008549002664
2.87713561046393	5.69257606558361	-1.74169494003145	1.88553572343437	-6.26174231272521	1.03195889001	-0.238881736175081	-4.28147820054933	4.5440808915385	0.140400649344809	0.0451950908261711	-4.44643684762797	5.25761837123022	0.165350582266734	2.25746428562632	-3.58076974805034	-3.01436762764271	-11.1261446106924	2.85234761896349
-0.79799454057202	-1.37053557733695	2.19096135055094	-0.0351822715016155	4.91453337840175	0.13340936320713	-1.68435935755332	1.89857936820652	-1.20930163508319	-1.64980939836243	-0.623320376813272	1.25316550222006	0.736323787504576	-0.962808332066823	-2.76364647993758	2.10797799881595	5.43732711233794	4.86138194195563	-3.21509950701058
