7.90625875068991	1.16521267280171	4.28091824798993	6.40947791443198	4.94983946526907	5.32424178131566	4.3232926005531	-11.9398919172617	-4.17309027711898	17.7955889456473	3.42844732045793	-3.84890179117652	7.56004595883846	4.02477130851953	-24.4473492931509	6.27290235630184	-0.921346357597623	-5.5147304706129	-7.47482258478789
0.833554258466346	-2.20593520257621	4.74269531114453	5.21604808578569	5.43742017939692	1.75401390628367	5.46979626044316	-7.72395799344534	-2.26101321210139	8.45346542270721	5.82069581663597	-0.287600102392656	10.4203158025463	3.83646494669996	-22.7868361206837	7.45362831166397	-1.66322819654166	-3.00752562106705	-6.63454912101945
-0.814161687668418	1.19821879664438	-9.16452166071138	-6.94304398105493	-4.53229372678977	-1.02648085544574	-7.66238157791456	10.8069044688321	3.08201853359612	-12.8624565041806	-2.88589594672273	1.70207796946623	-9.80485216595309	-4.55734860167474	20.5345007943075	-4.58971499480447	0.561606786048604	4.41989366023424	7.24108570851724
6.71412281073924	1.18033879938425	4.55293584273907	5.23654485739407	4.6531992421427	4.21153709088247	4.2092383059582	-10.0547567220827	-3.76849489382188	15.8164768365291	3.3209651238833	-3.5502629127729	7.95615256654779	4.17303319792344	-21.796609489752	4.77866462865685	-1.82571423019493	-4.81160871806567	-6.89589476789699
-1.40741359269972	1.93719824815376	-8.7425524352028	-7.46531392110672	-7.39312849777366	-2.08589157900294	-8.60191031223899	11.7455156291943	3.42453219594323	-13.6315164875898	-6.87252536221192	1.63928858839823	-14.5111698675331	-6.16837258432192	30.9635868153453	-9.14005444797002	2.9043929340163	4.64527761464531	9.40753441194953
-2.95070568217327	1.71034114480395	-8.23623203534228	-8.52785246098788	-6.85224989695517	-3.538674003613	-7.45897106798008	12.2338876346628	3.50098909383498	-14.500220634209	-5.53339432759202	1.56183082889667	-14.3498590847197	-4.58769680284259	30.9611643156293	-9.59933336221108	3.20693457020574	4.82827527864575	8.80679459415747
8.55893040485335	1.18088806036867	3.32102674722541	6.47255242945172	3.85035573749987	5.87166416905892	2.49098640450252	-10.3274632004272	-3.85556771625464	16.7455453246125	2.24014872406179	-2.95189364952225	7.87613269025098	1.91258910276131	-21.8668248577398	5.3850214369912	-1.70454728322677	-4.95055975469838	-6.20938883276905
-1.28245835428632	-0.308996518096317	0.104491098216869	-0.170077463732405	-0.678221452004691	-0.32295130950626	-0.0867983762564073	0.316500659286142	0.54836711600853	-2.1976453006093	-1.62724317848142	0.0922727096346967	-2.28205821610266	-0.565923326335931	3.91182707758708	-0.554997839171875	1.18296461060768	0.404465360358776	1.12102409159507
-0.857221470427595	-0.366537147821267	0.377331464831246	-0.062538616704435	0.11154260397317	-0.476493048997832	0.361459390751557	0.231403094232166	0.135017593303929	-0.692510002097401	0.225260747136102	0.284768149075373	0.396163384458242	0.167690942319644	0.103720560777436	-0.0248345295410461	0.0168031254968146	0.164737403643403	-0.0556884711583667
-6.45980746622453	-1.3271319742479	1.68711822357175	-0.316929814053857	-0.951220352158375	-3.76584191435251	0.749418949622324	3.10494749977702	2.12640378819465	-6.93427622306495	1.47079230187267	2.82606364522342	2.5905015401573	-1.5104417997702	1.87650170266351	1.9275205455766	0.0269070610795943	2.47523521015695	1.52608732472227
4.06268407066037	-0.168152845542584	8.10374401737005	8.40759368658574	5.13967883288757	3.93722054024948	6.30421844227501	-12.1549909192642	-3.28050096977448	15.048072985909	2.69179746053451	-2.49273979327239	11.1412392417289	3.38790611213679	-25.9445343970642	8.0086450004734	-2.81260187379113	-4.75802811248785	-7.17260526758643
6.83356539051055	1.63531624423631	6.09470797374551	6.53260451735642	4.68170876589383	4.81337501852917	4.83915896521469	-11.576437837898	-3.69853368266022	16.6365241740027	1.96928840196814	-4.21427378312417	8.02967997873895	3.96759225993206	-22.8695702219768	5.92502755018472	-2.45782450235144	-5.07008248556208	-6.70434508324511
-4.13099053387873	3.14944060490034	-16.5257484807993	-14.9289368557262	-10.8102098069035	-3.65955953823262	-14.4389752319765	21.9719216686949	7.04367338614905	-28.8959379239913	-10.2192967876624	2.11618985581989	-25.6448791705638	-8.72215865581529	51.3609060231272	-12.4306712660987	2.65942493157027	9.35570466268576	16.7622040586974
4.01706975111386	0.428636024561946	0.910181294971686	3.49836436948716	0.0362970901443411	2.82382516125648	-0.267886209825633	-4.22312584049206	-1.51220688872183	7.25432075845261	-0.735929400454921	-0.449708586408925	2.08579183449033	-1.43538856082231	-5.83910954627805	1.22307587257704	0.856322127614909	-2.04931552223861	-1.56174074451817
-0.435371365340145	1.36384135760263	-3.00791309735565	-2.13327046155987	-1.8713495520871	-0.458255752994055	-3.05511246426823	4.01512540517324	1.63958337305495	-4.67165148358028	-0.507206264617529	0.593686369740123	-2.39514276439004	-2.33670809525787	5.45847283495194	0.397002762520071	-0.758244808526782	2.14361784522058	3.08671303636677
-1.44039548165333	-2.48737340493793	5.55994162423538	3.06257616990662	3.86419386212222	-0.769452496625482	5.78763383160124	-5.22677641762327	-2.01217978217087	5.82223941445508	3.60524423052986	-0.0686307245018234	7.3429449966643	4.44900787818991	-12.6644640345817	1.50829030558933	-0.561911882841637	-2.50370594805182	-5.46045782202323
-3.16487918434967	2.08932985118129	-3.73687946055038	-4.72048322392223	-2.86033716023015	-2.5903799893866	-4.01237742171388	9.02965929709265	3.47852567022468	-11.4981299397368	-0.897458120740243	1.23893287893493	-3.01568467027085	-2.64837934949053	10.7432078445728	-0.123278881705179	-4.82426070701075	4.68884106179524	5.76216414974053
-0.852438696548567	-0.406589680089225	0.687434822521102	0.258942176921303	0.175160273786687	-0.321789716709416	0.570445930247026	-0.265279789920848	0.0849638961115394	-0.412775211507457	-0.0217304451436044	0.162284958794533	0.312759702057258	0.179466172778797	-0.165961289353596	0.181094303259481	0.215063725340307	0.0143906143765534	-0.132724814378355
-1.44393586373754	-0.740443377638483	0.894833847708341	-0.0155324521103059	0.635932554885165	-0.904239034297134	1.15869972414175	-0.20409827493007	-0.0184754948665071	-0.392922495454945	1.09110638089081	0.346008850257997	1.12458680175831	0.912698028683175	-1.2967505074499	0.220748819131388	0.368720951734213	-0.0209060046017542	-0.76461603152055
