84,91,106,130,118,264,324,60,210,96,269,179,141,320,331,115,19,254,275
229,157,49,154,52,68,346,268,100,30,219,162,94,288,358,136,129,102,354
231,226,53,67,137,79,337,144,92,98,279,214,139,50,359,171,6,306,357
187,176,147,85,38,245,361,177,256,5,234,48,33,250,360,261,160,65,347
88,175,26,122,222,117,339,59,163,39,277,281,237,77,333,284,1,303,355
166,56,95,168,37,110,326,191,185,41,287,232,20,243,349,99,112,304,356
181,76,51,194,62,227,309,282,113,212,310,218,236,111,186,21,148,242,285
31,248,10,153,75,109,298,40,167,158,206,322,145,253,327,135,121,272,353
217,190,103,165,54,140,325,58,131,270,70,314,82,146,297,73,199,301,228
183,233,8,126,211,230,341,36,184,81,170,155,93,34,338,290,124,241,342
267,251,143,307,200,197,329,87,133,216,16,295,213,291,315,24,4,14,286
25,138,44,225,172,201,345,156,189,23,195,198,13,292,335,262,86,196,351
223,180,90,252,47,159,332,12,246,238,80,174,45,336,283,266,207,202,107
240,340,27,61,313,224,343,323,97,69,116,78,11,260,344,114,7,149,321
257,83,18,125,28,208,302,308,274,101,220,105,280,128,334,46,71,311,249
161,123,66,164,57,120,348,235,29,205,63,244,108,193,350,42,173,294,352
32,271,2,317,221,152,273,3,182,64,142,300,247,127,318,132,169,312,316
305,293,15,192,255,43,278,209,188,259,22,17,204,299,203,151,74,215,328
72,289,9,150,55,104,276,296,263,239,265,119,258,319,178,35,134,89,330
