0.454166918325138	-0.0355058562943627	0.189898870629214	-0.45920913531405	-2.73746895739608	2.03102466448417	2.4006491259675	-0.323387359818172	-3.55445073243546	0.843628136103441	0.857359241073181	-3.50158297748238	0.89350477520795	2.00917461178834	1.96475575028173	-3.30466819807145	-7.12552122030069	-1.49561729427648	2.27615586335512
0.99346861040774	-0.568567657560915	-0.618193853137552	0.806122822952577	0.107049652213723	-0.357561770723692	-0.414558886119829	0.255211525124266	1.04751368766788	-0.511633295627646	-0.266424351695876	0.31552332040998	0.791575069218173	-0.713841857322798	-0.312896323961211	0.894628335333407	0.0294672493411845	0.943900918103189	-0.566929715447134
5.61296876208944	-0.208720704766697	2.29857601981135	8.52701683885962	-4.82652128022339	7.97463701249403	4.55208178077399	-4.57065585742713	-12.7084322910363	4.35240866822367	5.49330249421057	-9.30410135612525	-3.39665300483677	1.65907784281812	4.11793924261056	-4.41941561166328	-15.8323064327653	-3.60597493728057	4.09164415027709
0.115631326499204	0.378112614944135	-0.24906402501481	-0.659054297188468	0.29940894105169	0.0156092040071982	-0.47335773791496	0.539026547235994	1.40610531556928	-0.823581412719118	-1.29185452640861	0.627384288612992	0.834600001953086	-0.194202259666728	-0.505084041874125	0.617894880424084	0.840451677215755	0.69059356022332	-0.376143639351441
4.55290011255855	-0.386842915379892	1.80105704222837	6.77460473895017	-3.509112577675	6.64919846800021	3.09686047377605	-3.884127037301	-9.64523256421835	2.94015392608091	4.09459119999278	-6.9184292840317	-2.05712170473707	0.98897586736337	2.78478422799636	-2.50236411600784	-11.3548405386004	-2.39724368897034	2.8206453991505
2.35817669147251	-0.884508190146942	-0.252605209413474	2.39120662135388	-0.0630450708657224	0.451120860824915	-0.362724547952232	-0.816112962186002	-0.55890416727161	0.130919159217049	-0.932917029041137	-1.00125815711462	0.903670028822406	-1.05393379596604	-0.0594393048266284	0.626379170456969	0.269761107403347	0.99114324881218	-0.110763555273302
-2.45005071211219	0.660842606104473	-0.400960717519271	-3.13128738302034	1.44298659628379	-2.34144525016151	-1.05831191054252	1.63344477151332	3.66710795556433	-1.08783008433412	-1.12420848626092	2.97576926403101	0.154437551260487	-0.025886294058884	-1.05847360792453	0.860775361049403	4.21703402835684	0.49913388418955	-1.034619458083
5.06225595296421	-1.56530515673621	1.21637536393091	7.1031619474301	-3.13197051085313	5.05630904522777	2.62865046265627	-4.04119887521506	-8.86318412688235	2.94600337865409	3.20141873887244	-6.62083427376736	-0.9581798077061	0.343276615033376	2.6997497861737	-2.2559919664574	-8.5616018773691	-1.49352663484216	2.66542236231663
2.81769260187639	-0.92129046144194	0.318377072961587	2.69324383642731	-3.39344230442437	2.92481877746246	2.81661597602254	-1.80027461711056	-6.12994882148078	1.95760497914366	1.06725555286951	-5.64424727295031	0.671286011406545	1.43947599132961	2.66375177654556	-3.83633054408635	-8.40850653881222	-1.46120181886183	2.91162734198383
5.34469708816349	-0.531208894861851	2.52511278415111	9.18914480777418	-3.0268222931442	7.67889933185796	2.90984693682565	-5.16110433835485	-11.0935957797045	3.63181580685833	5.77359539517083	-6.99200135687517	-3.69233390668419	0.388721801776456	2.72497188950536	-1.43386938994607	-10.7424770579211	-2.62981845529429	2.55409813525362
-4.99493180148358	2.89381989024195	-0.0308599267246692	-6.1587553594891	3.56583216336177	-3.46510612764905	-2.60167726148416	3.18557289047766	7.31522342050138	-2.24498432091072	-3.24644918366995	6.2725181399546	-0.944615914600904	-0.184242228759288	-2.69910221278727	2.18578426600975	9.21237403834794	0.731691809916017	-2.33706743374081
4.15460572804589	-1.05159217531073	0.00652940950166758	4.89258542140652	-0.760312939441965	1.37247712584025	0.292721550765456	-1.85441384833355	-2.93876728387201	1.23390512371343	-0.660786249695211	-2.97190846943995	0.042479690266871	-1.21701206607291	0.739909534962118	-0.354335852236823	-1.62841843687295	0.648690216497469	0.666721272268099
0.777713740852851	-1.35421623909098	0.644302380972943	1.19591936558805	-1.10042744265953	1.67340699857014	0.823880619936892	-2.11257870649855	-3.67012604749772	0.976867685236556	1.00531206363175	-2.32032601513379	0.916261526810111	0.511780882791308	0.914006467865543	-0.810732294151479	-0.991910812714065	-0.702152043851248	1.22004945692474
-2.61474776424473	0.197090170522788	-0.958479332710409	-3.4009540855659	3.00033497445162	-4.07290930073179	-2.66698093514324	2.07290119446565	6.52298076308428	-2.01838360507704	-2.38500602156308	5.17712409774264	0.845036510479226	-1.32898317837925	-2.34797408584224	2.93024352062775	9.01167538415321	1.91952834022431	-2.47354906203197
-2.21469318394115	0.599120536052477	-0.34898408256405	-2.77729985426605	1.32530923070987	-2.09966684024588	-0.964972423561469	1.45485291627809	3.31062632224967	-0.984394260577194	-0.928007819059477	2.72400290800023	0.0740181751283074	-0.0392837321188164	-0.966291680236553	0.833405498854242	3.83001762941305	0.446886128202616	-0.960054171987816
0.512395107861901	0.424435469651063	0.59019697963257	0.114502525587274	-0.917383894242045	2.27723055326807	0.606553397860441	-0.756752101635837	-2.02004491486568	0.113026066078102	-0.295745343777207	-1.63345333532519	0.522812424513482	0.679179393731913	0.382079246919075	-0.669191861902552	-2.40630103251988	-0.573969406077194	0.810535269365402
-4.36303896537257	1.38264372082306	-1.11802288409582	-6.23431803225691	2.34568363766412	-3.62668603501497	-2.16927835889144	3.50517029726032	7.50863336991174	-2.91936914121327	-2.25727720601101	5.56386018385023	1.08225299577396	-0.161386821650207	-2.40779061926599	2.22438509357116	5.85599421893947	1.21191490241661	-2.42435073811339
0.0293759875211599	-0.610232234570752	-0.757334128674786	-1.30330726996813	-0.34204489218427	-1.19758573566724	0.000292357396857401	0.572858831799078	0.999664442931147	-0.442730719812801	-1.76463498110422	-0.209547646960329	1.97375188613352	0.130705914916728	0.114265471726098	-0.736387484650316	0.728734722170595	0.645569921498678	0.294046249272559
-2.015462065926	0.323021903590117	-0.439410947771953	-2.47407906668923	1.27575842291609	-2.13803294895044	-0.977109531414961	1.36598904767942	3.25084646118052	-0.972519771013736	-0.658587532477938	2.67076609273528	0.173169506280838	-0.170937905704585	-0.955233689991832	0.987537855017321	3.64518804822058	0.535086155666381	-1.03740055582189
