-6.51398175830573	-0.732487982064026	-2.47075955024264	-3.4230524834121	4.62373954464524	3.04178807542062	-3.07492813654461	10.2001970177119	4.28499967889712	-2.21922570669062	5.09459232521857	1.65615564057245	1.8128722622342	-3.49836829579167	-1.91872952101341	5.89079771367351	0.264169232688097	-0.825289560585174	-3.63068689938551
9.57152662331715	-1.73242129679559	1.79384529711983	6.22184868988709	-10.3307727550642	-2.14069107271553	4.69417650706739	-11.7931459799111	-6.52679289747104	7.11374166683972	-7.44050506104905	-3.68662915728493	-0.0866388910081994	4.25041258479924	3.16979816677918	-11.8617462624224	-3.62456419940131	0.469201647511204	5.36223601472554
-5.93233804642584	4.15102961570203	-3.08306588032651	0.645146171951694	1.65669341995564	3.93982230246871	-2.26353438954568	3.71289251150429	1.57120107643539	5.34782636073186	-0.778603348943022	-3.53755565022895	-0.973582363959153	4.07220714902249	-2.04432801750297	7.88393816458068	-2.06140660713149	-3.31393930861987	-2.80953165829344
6.18604150676502	0.0734068254633226	1.03916735260042	3.60576139950104	-5.73271004108138	-2.00469719467568	3.47171162856624	-8.6285885877981	-3.77076325026885	3.76579906895917	-5.11219473012312	-2.73643854427385	-0.0939181030024022	3.57535686640925	2.58078957017621	-8.6495656744753	-3.58411408102694	0.345429161811552	3.84776298345255
5.75526342789756	1.93539510270529	-0.0550979816377662	7.6334869660724	-10.3020736015091	-0.0679460554073085	3.3558280709892	-11.3997368420447	-7.38944246017499	12.972076086838	-9.74190567175509	-7.01199658332281	-1.25557447642718	9.20778337783315	1.48787793990827	-4.95263175416027	-4.54338005028644	-2.29444555090053	3.7972043112893
6.66551911472034	0.0719849154482313	1.63468386884512	3.68805689621452	-5.80210887909751	-3.15299947681434	3.69336763167244	-9.28469643464483	-5.19821417079819	3.78717557371091	-5.92899415234207	-1.66852945093381	0.215636284877193	3.89988761611586	2.54399402264948	-8.69421353064107	-3.59581428296832	0.88705839373927	4.25670773177383
-5.37396084642744	-0.646669112374742	-0.80669488625632	-4.34856403369666	6.1847708146596	1.84131289422132	-3.02271358936623	8.93508377458032	5.26075493684074	-6.29111524385663	6.01655745986612	3.27978846702981	-0.121932043623461	-4.87287977504703	-1.87016752202162	6.98312742941481	3.33053624604405	0.207938059888182	-3.45308229786092
9.64532295164175	1.88980589186178	1.09705371713427	8.89958588492279	-12.0239181891935	-2.67468649841215	5.51765538232277	-17.6595635005314	-10.0344474218505	13.9114913087945	-11.3624433182193	-7.84530225783787	0.145548170432451	10.3260279254568	3.2993230881869	-12.2839024412753	-5.49764272470369	-1.15852063509618	6.23960315960946
-3.08429334329119	-1.27018990000575	-0.998796335261133	-1.15182932283719	1.1547109300569	0.879455668578493	-1.51778304966373	5.75438473882393	-0.162644478280492	0.542002361233392	1.46565258499149	2.14276596704374	2.02314731844898	-1.55972377977301	-1.29515452940421	3.06771361061917	-0.41690958074995	-0.0261941181930262	-1.56656859025578
10.8548016805641	4.01082335064549	1.68302497612694	10.6758208751759	-14.2227126892809	-4.42515209853319	7.24718205973331	-22.6620865039274	-13.5447899983629	16.2045024291742	-15.1483811729394	-8.76821437627898	-2.08218784215971	15.1002560763881	4.17991773761165	-12.25864938652	-7.26916304532771	-1.98062714863537	8.27076363768776
-2.57231194378775	0.109800205422622	0.671048275352202	-3.57465259874858	4.76807853636734	-0.779162186305258	-1.42764365030558	4.31701414825866	2.9612176253203	-6.86275511146279	3.09870999515205	3.6130805269584	-1.32811786282963	-2.84193901644911	-0.94288552386291	5.43228666823314	2.76782089460667	0.906252153606093	-1.50187209632311
6.83119351615936	1.12595905193036	0.151461195621531	5.38403045472814	-7.35353462456937	0.272949852194565	3.29786338080503	-10.4878488997515	-2.3551062565634	7.09767887332604	-6.07143881385542	-6.84115611991783	-0.739903621690297	4.95065342650437	2.45025466496343	-8.91363928654914	-3.58561977378067	-0.969822488371954	3.39750847770121
9.7974648839152	-2.40482176006381	2.00722261400651	6.81984965452889	-12.3805616068163	-4.22987702417661	5.70305753574365	-14.9943598921796	-10.7760670007856	9.90133874996367	-8.29534283376786	-4.33120633140481	0.960787319914765	6.57952474753171	3.55657879425825	-12.4932565332493	-2.73595088307673	-0.0155386210829618	6.6735881634142
2.85698163477147	-2.02823931216843	1.52632251888519	-0.0289298089607897	-1.03763328379931	-1.29908637717264	1.12250777426442	-1.85535805819497	-0.394352988385997	-2.77184308287893	0.763101034631831	1.60999724348418	-0.541615233381734	-2.051630600629	1.06264961313252	-3.58884585021747	1.50210435458953	1.33079274617722	1.35401121062277
-5.06173387301661	-0.566728253239338	-0.666716766052423	-4.06563102194472	5.76762166352497	1.62650166938324	-2.88045970776108	8.4401285568826	4.76975606082148	-5.85177892290811	5.42943725972049	3.21414959451129	-0.199207682279921	-4.44011533716622	-1.86544483690145	7.08478963976732	3.24464969924272	0.213416413251795	-3.25656899527091
2.8735951845382	-0.204484798961815	0.294252834061671	2.23853173157969	-3.00800824365511	-0.993465450284293	1.84431124136829	-4.67763122942615	-3.04144843111602	2.82129222515214	-2.08627549697987	-0.954483037645375	0.631944896171574	1.57912964789952	1.48468244828224	-6.72744904343392	-2.46649712561845	0.22294662793193	2.06486963225524
-4.40730581912385	-1.58364755930759	-0.259466073268552	-5.80237009331939	6.73156251456451	-0.369319005818321	-1.90231968756574	8.74724785025591	4.88714612529325	-10.1786499942835	6.33327702919512	5.68934315834136	0.19737984968748	-6.01994532123137	-0.654163309923319	3.63886652412194	1.45084708777236	1.3920253809283	-2.17080152399425
5.03252237871125	-2.34978316971527	0.413506022238535	2.70272799389334	-5.75176150563982	-0.828895130993165	2.52190299422512	-5.10012592824843	-2.74675639308511	3.3953262557993	-2.60836238319718	-2.23958126522982	1.33715332606539	0.873345773010318	1.99344612908116	-8.04520861945896	-2.1313870074359	0.330622021028165	2.77592662618792
-5.58287223557282	-0.443361112178962	-0.976124173862106	-4.34088537945995	6.30366688010119	2.11111231187573	-3.11088348087271	9.02175922035756	5.56955915022754	-6.17028839647608	6.10536458947429	2.95793026702963	-0.210108569327414	-4.77608326920151	-1.90590422876581	7.14138817443517	3.26859721760992	0.0399056280804492	-3.5901559603713
