260,81,62,256,15,316,343,210,112,161,273,59,119,249,58,51,236,166,357
240,94,36,84,38,257,279,178,80,254,278,339,121,203,221,90,234,16,348
111,157,30,286,23,269,351,115,301,259,163,310,202,55,296,8,2,290,341
48,105,205,27,142,154,305,176,102,229,232,201,326,131,302,223,185,53,313
329,183,11,130,155,332,346,104,196,133,192,276,281,9,110,29,7,285,358
248,61,141,137,99,220,299,181,144,225,266,253,20,156,312,86,228,54,314
64,31,319,41,295,25,255,170,96,356,164,78,307,355,344,135,143,37,129
60,72,158,101,198,188,361,97,171,140,22,318,19,231,123,306,258,134,359
235,211,209,216,13,250,317,52,218,303,5,322,187,138,128,245,146,69,262
238,311,17,324,212,190,230,10,325,12,173,33,66,315,247,246,147,215,214
347,186,342,42,195,151,308,46,126,175,274,337,213,71,320,34,3,79,244
49,251,271,116,109,200,288,98,182,204,328,150,122,39,287,139,124,107,340
167,239,108,153,50,270,336,1,241,168,136,272,44,284,206,233,291,304,100
360,237,224,83,89,70,292,222,113,353,74,179,354,77,132,26,57,56,280
114,160,350,6,193,120,265,28,76,327,264,177,349,125,47,298,217,45,289
208,172,103,268,117,243,263,267,189,252,191,219,91,174,4,106,282,194,169
333,345,75,95,309,152,180,18,85,148,82,334,68,127,330,277,67,87,207
24,300,275,73,159,92,293,261,14,297,197,323,63,93,199,242,162,88,294
35,43,165,65,331,21,149,335,227,338,184,32,352,321,283,145,118,40,226
