-4.49750840445686	-1.65453564889896	-0.200672041829168	-0.940434311196501	-0.494463471204102	-3.58353048560601	1.65045996432296	-1.87945194440438	-3.06394207202809	2.48110804830475	2.20702988636108	-1.74179601113998	-0.0336461733460247	-0.929518972385845	1.82311686690152	-0.454290166356502	-1.29970734319678	0.238174621911025	1.27751219620574
0.040692124089262	-2.8721539259191	-0.000582807787249395	-0.180542957113689	-1.20272826211145	-0.723332775763754	1.06860193193102	-1.62004642515266	-2.07747510411641	0.784693952301873	0.0688429626849286	0.813323240678932	1.54637084318278	0.457653591025327	0.254711824723378	-0.385446364968135	-0.807659392604397	-3.28205098437071	1.16358115601417
-1.35534086621192	-1.86976973718359	0.119912738053845	2.19317816689758	0.241789979780767	-2.1770390306986	0.278825073596845	2.56366541864875	-0.653380813887764	0.544383994476179	3.96964446487771	0.374172897891279	3.03775154225744	-5.20858946807451	2.68283892171373	-2.45418561353615	-1.54942321263235	2.90664539029655	-2.65970963441789
0.696588583206519	0.648253734589258	-0.287929807225457	-5.02668651667584	1.14562985897466	-0.306084042758473	0.874880432657842	1.64007642979364	-0.966429862507158	-0.324034486547866	-0.232779170735633	-1.09172377221962	-0.670602541420913	-1.35313398003333	0.330875187240806	-0.560401996493731	-0.0396098221280404	0.043179873047596	1.51648225041436
0.314322776468086	-2.77076042890047	1.89418616362338	3.30871564609491	-3.77856149726887	-3.03529530252888	1.98269433675921	0.0758305192899224	-3.25957019400552	1.61926733281165	2.03917654401309	2.08290167874606	3.76895934400352	-3.63503412312109	1.27507954634357	-4.18598854937589	-2.05013551835572	4.15220685904325	-1.08123339626586
-1.69516918773577	-0.769080833062984	0.411147500705896	-0.267541460255359	-0.671377999728356	-1.98785915916346	0.765308014408538	-0.521396050627876	-1.86093088462435	1.63646288577942	0.777049989595395	-0.0561436431147067	0.105977474209359	-1.17322621313778	0.713513658722873	-0.807300134287673	-0.456736620430973	0.9944386271241	0.364749650383889
0.303736978907229	2.22951614433394	-0.242405736598369	4.42098728867207	1.68893441933809	2.31147000552725	-3.67289458160382	1.98985493583492	4.34484549418393	-0.193673357689335	-0.800527317454364	1.35284011388238	-0.995659009954748	0.797645274032705	-0.609602906129795	1.30779058612225	1.63776548156881	0.944964702251014	-3.6044874662103
-2.00446790159243	-8.02689114184585	1.79510641887414	-7.55329779360398	-9.26923424810354	-7.35307520585546	11.1289690052458	-11.539929369971	-14.2134961809064	2.48440747963697	0.573154569812735	-1.91935866237935	2.1188866764072	2.96712666446701	0.719308431953821	-3.50170379769058	-4.17151514241955	-4.19951944740917	11.5964636110529
-0.669809140798872	-3.280454548585	1.36172438951052	-1.73503191959294	-3.27341028736974	-3.69846016559882	3.60568017890121	-2.3236432353815	-5.62166801393783	1.74466471312495	1.32289791497089	0.923003697561454	1.46410694871885	-2.41959120732881	1.06781212684118	-2.63844214736543	-1.13487137567148	0.739618267960693	2.50286967498534
1.23192042012098	-5.59775822235784	0.812042785084381	-6.79302725173538	-5.69485052474365	-3.74774184725125	8.5193940551589	-6.09431012371592	-8.9462096362657	-1.17187580413874	1.35148287479393	-2.06239602377785	3.17580444695622	0.554624250937073	0.812440800752171	-3.11999497807507	-3.73222148812872	-2.68448200818721	7.96177739399302
2.81652849282482	3.7553981459209	-0.0776719360779218	0.444783232823197	-0.268420767041616	4.36026040818647	-2.33261432360232	-1.74661826641715	3.57870154364988	-0.970922995686142	-6.01311312609428	0.0732144201735621	-3.24041517755071	7.68610769830456	-4.20140576967101	2.95337106872363	1.76157128467411	-2.24684941493551	1.056515026924
-1.49954532312825	0.468604304341264	-0.837223749028995	-1.72527369817996	0.41472747969212	-0.726834704865228	1.51296263874911	-0.190412852083255	-0.0728935344607579	-1.14212274721073	1.43456400864805	-3.90539509062533	1.11069837949917	0.0532344993572999	0.281068399514411	0.0499737517263859	-2.66799424153951	1.29665818054419	0.923882745837028
-1.79041541426842	-4.13714667170947	1.24874305727314	-7.61051443292423	-5.06602783864013	-5.32809219836987	6.47885584232765	-6.03036058042583	-9.69030575631079	3.48378567807635	-0.633920196973236	-0.515312577709119	-0.884666499321712	1.9019610287282	1.27693245619922	-2.77090318555689	-1.07234044058084	-2.65364031321351	8.06509356208011
0.574348965818763	-1.55630443514212	1.05772000852672	-0.114928467318339	-1.3386128889681	-1.68780484015323	2.87887977388636	-1.54877388937662	-2.80557711236782	-2.14926723787365	3.06927990984728	0.98663760522654	0.436776676146319	-4.80687785593416	0.80530370243255	-0.788259420176045	0.761872557052688	2.55734195292986	0.698607625186044
0.773215257117231	-1.03507143780439	2.05356351199037	5.73217715265748	-3.3793857168584	-2.01901133985487	2.47156256198365	-1.03705476979103	-1.5555213215839	-2.47769403159844	4.22237091509672	1.42170356675661	2.69889401457977	-5.90568240860701	0.572938080370281	-2.49981913081911	-0.747837306577787	7.74837845408592	-2.23805477273858
2.00694158212776	3.03174768222284	-0.521744866523337	1.90489968459242	2.48374824909542	3.53034580423208	-4.7940135000974	4.45882026643345	5.28168550460145	0.897578753477808	-3.44725971994846	1.109440754068	-0.372237671574303	2.52701519176717	-1.42363214683522	0.682077850198282	0.711555739094479	-0.544602858866066	-3.35796169377793
1.52096463925689	4.03294867276021	-1.52706194585052	1.63828712920358	2.2037333508449	5.00775282156625	-3.17265633494698	0.394555282591161	6.2652852656573	-2.59434863196839	-3.62897204294763	-2.88811658976005	-0.85302653044311	6.16937174997948	-3.57225201611767	3.7625520184042	-0.70142063458773	-1.74998625102194	-1.15319018960074
-0.353800290119399	-3.54001181414067	-0.689636618210088	-1.49713575463184	-0.525509578416109	-0.501807103403084	0.898665703111152	-1.90230726653904	-2.23017119831711	1.04220193843522	-0.15207858276348	0.642957961287001	1.11189916364866	1.48173815301662	0.646467140111701	0.192063107003751	-0.530853795619893	-5.97286830584696	1.89315897473029
0.607745641494933	1.81398020382994	-0.141404161960258	5.11434076635178	1.38188862932381	2.24804239165129	-3.08320414198607	1.81540717084226	4.25674923844835	-1.07944190703052	0.0763627716103144	1.15868876005563	-0.0722923108451055	-0.0980099681764598	-0.544742177923694	1.12116920199655	1.1079163709605	1.61162383959381	-3.83308301696496
