-3.91844890041647	-3.04976278880308	-2.14043863356492	-0.448159250081489	0.649788732030779	-0.480945248965075	0.153999653386554	-2.53127954359561	-0.263155900647623	2.76050826579759	0.860166512938597	0.130604236217753	1.26056071962591	0.568845799295209	1.37666241198307	0.339485592889726	0.0367962080246933	-1.63786974033108	-0.632833995793837
-2.4589082070539	-2.72023070986582	-0.590932508247114	-0.747120538396296	-0.920522632878519	0.401989633885149	1.60401064630265	-2.13756267643245	-2.57983507655434	0.779636356181757	0.331453354956669	-0.5870391956093	0.845687529675941	-0.0832993120024366	0.782696735268339	-0.426989041433103	-1.9031109358822	1.60154392001221	1.79558937471611
0.0102499006604724	-2.72226641318614	-1.45426995136611	3.50340614671312	5.96797427331416	-6.01865475540149	-4.67056646277825	-1.07845459646226	8.53879708203549	7.43304450199857	1.55072835938189	-2.30210377414063	2.34245092914491	1.81988114029868	-0.0260222961278237	-2.08343910362743	6.76857157447002	-7.70139301236153	-8.76027586872698
-0.740097397329786	-1.0272794464214	0.493551522363893	-3.77880065694208	-0.0539767195356061	-1.00783362463031	-0.758455498730178	0.130105176336277	-0.204008110151715	1.3452619022336	1.53947703900202	-0.388492700030305	-0.153214218087086	-1.51627416159317	1.60670891988181	0.862876373181214	0.0220892842056477	-0.0401478812437017	-0.212227517117573
-0.110148576106132	-3.73518984685871	-0.88142213789819	2.83559918922087	4.76093621891536	-5.83883783095136	-3.16769405711231	-1.80792513496116	6.65888781383911	6.87416548025414	1.74949077647913	-3.9640527972861	2.7408516306059	0.962154697883113	0.366607219444654	-2.97354686429488	6.02287809929598	-6.65129508465802	-6.81292108106194
0.0367251071442816	-1.3620944227118	0.0807944745940556	0.371186305870423	1.42324543231644	-3.16138388183752	-0.0465009716387428	-1.29169960768746	0.852132862254786	1.45453396050526	1.29754431005326	-1.40394369138389	0.262157597075209	1.76411312795319	-0.854989598933278	-0.325750394280089	0.0249185004941843	-2.08999843237501	-1.20907830888344
3.76612735297707	2.92223926540564	1.73189104570382	-0.365654738744454	1.05165469226949	-0.212642347254657	-3.12242347895683	3.11400118020282	3.65587494706007	-0.210805821854233	-0.0831263713943056	0.731583553554742	-1.32824182913475	-1.8514966246153	-0.442861580144963	0.415820476536254	3.32653778632538	0.369691626479786	-2.88866904045678
-14.3385324816583	-10.5566006369767	-6.32291505399756	-1.06196879883175	-4.39457004152831	2.49642568242175	10.0368740098523	-12.1417126775542	-12.8125865548265	0.417549121439858	1.98412751720987	-0.26998922833037	2.55535488549513	4.56545458665525	3.14655516005791	0.803854078146199	-9.26062208378727	1.61969910934289	10.1038159562827
-2.96352521105669	-3.39839330795073	-1.47618881695362	0.569450285954958	0.344884434161606	-1.43270571894846	1.40629325256789	-3.02164623274874	-1.06915458657451	2.07539088201291	0.829865403988178	-1.66679368452395	1.5782522570728	1.2227059890577	0.496671993543518	-0.900535324250933	-0.633449058281582	-1.75725791600621	0.362602822487221
-9.3113953635415	-7.09865996172822	-4.59217390255286	1.3076243082373	-1.9696895746427	0.408221731116881	7.24289797602101	-8.42572845629696	-7.52039778622287	0.533801408244733	0.885747291234644	-1.64266309002604	2.59069034050699	4.62760629050499	1.96854826194262	-0.791717290940445	-5.76122079186223	-2.13860728155292	6.2321463101767
2.09382361844515	5.37314113292391	1.58827011586585	-0.891583374299859	-5.24412113415206	7.24576442074306	3.27193152941746	3.27914258663115	-5.75299894237803	-8.05359844687865	-3.60006603215516	2.31156029364579	-1.92405336595872	-2.91656047450947	-0.628256820266726	1.36064630138392	-4.07724011378941	5.87346666497858	7.03017667164155
0.282612890687634	-1.7546084697155	0.586663199088476	0.765784354600783	-0.0498760457389773	-1.52950595575807	1.22647161759501	-1.215767823193	-0.23117058060782	0.928181033423018	0.138487410543504	-4.00807848040786	1.72713546880142	-1.12699592630006	-0.0888765923770165	-2.1169295662648	1.1157593340319	-1.83754832369332	0.57243660742785
-9.63156340321031	-7.41037750205894	-4.47250514524219	-0.370297062651409	-1.70933353030381	0.151056625771284	6.20308406075125	-8.40580885385802	-7.32447518192441	1.16297342335689	1.92171875029915	-0.0936203203850381	1.60841540314264	4.69726851412423	2.36339813046199	0.36906176274328	-5.9903448199669	-0.517139783654261	5.4902488073324
-0.452478065126549	-0.0282135465362359	0.678158579847349	-2.93895900226723	-3.0364948785103	3.06953584189315	1.16658613781453	-0.182293979123674	-2.55008315376255	-1.69389408838184	0.321167120378095	-1.01395168440426	-0.331972847965201	-4.87330461382756	1.60238980971604	0.608668883982005	1.53813941626366	2.89381550969928	3.0917415120195
1.57057960515151	-0.50752582459534	-0.455469234803865	3.23409377572547	3.07756751154314	-3.99618596607429	-2.39176268662555	-1.28985534004696	5.11476134970757	2.6236558535749	1.77333905705107	-1.5155894876003	-0.0303401152122498	1.31041690425034	-2.12774280791627	-0.457957467729883	5.49310156892363	-3.90626048033591	-4.88726672207796
4.81961589996411	2.15981301196609	2.47280298864034	2.58306462941672	1.12016813939283	-0.702028430521858	-1.39903382620521	3.3111287065293	2.93520347945692	-0.175720508111198	-2.22625624050596	-2.40867807604603	1.00048521412962	-1.16289502893095	-1.09921662118026	-3.06788924318863	1.58803702789534	-0.631530644391129	-1.83595613389695
3.40078326349147	5.25357542684619	2.13825771004154	-0.867841921247154	-2.74976872861934	3.55887033808158	1.26641250762761	4.06715022280047	-3.21679030846487	-5.97271682207801	-2.68175858596089	2.40294922271187	-2.08021249025843	-0.555509848973523	-1.78340747728377	1.31832089518922	-4.53896531579458	4.05553890029575	3.84152879765261
-2.5726502715858	-1.31697504880658	-1.62681950194268	0.541517495921998	0.473930832336956	-1.23623348097123	1.7017458601799	-1.95898970102798	-0.606510708971204	0.788420972544476	0.102013173164247	-1.82857300042867	1.59389109853796	1.18755733588021	0.452338229533001	-0.0536302819516088	-0.37655031498139	-5.0947859862622	0.737869989536578
3.23901258060024	2.56778518252492	1.34276942806866	0.344995923672899	1.1030427024445	-0.297549084016523	-2.5600813710381	2.44480549115528	3.22230811408196	-0.296821321831451	-0.187831785504108	0.783983554072981	-1.18467164547689	-1.00803926254314	-0.761223036365094	0.35878500382518	2.72630605578053	0.141474043787013	-2.56826560732171
