232,57,44,323,29,308,334,204,61,209,297,192,85,235,152,53,155,109,343
226,89,41,258,23,284,328,225,99,188,194,147,74,255,247,52,251,50,356
122,174,48,309,15,293,357,130,288,254,105,295,181,62,263,11,5,312,338
172,34,119,142,111,161,337,98,275,202,129,76,186,218,287,178,182,56,350
319,158,19,273,95,315,339,90,116,87,185,324,243,51,115,79,3,270,353
217,184,78,17,96,134,330,120,253,231,162,264,107,153,227,124,175,148,332
45,28,307,22,294,33,203,237,55,360,169,43,327,358,355,145,143,47,166
75,46,150,117,179,213,359,84,69,167,91,306,20,280,82,265,252,156,361
296,163,193,26,58,200,291,127,233,317,14,228,168,211,104,176,146,183,313
281,314,32,81,212,266,261,7,335,18,137,25,207,304,238,257,154,214,236
346,197,336,94,106,262,301,65,348,80,208,126,249,77,171,9,2,286,276
100,60,195,151,149,86,248,70,260,190,325,222,40,299,277,38,187,180,329
223,199,102,138,39,198,303,1,268,216,173,290,189,220,159,241,272,305,71
347,322,144,246,279,67,283,42,278,352,12,93,351,165,21,6,13,201,316
133,210,300,8,340,242,132,10,92,344,310,215,256,108,4,245,110,229,331
160,136,83,342,66,230,320,221,139,274,219,113,88,101,35,72,269,196,289
282,311,103,234,63,125,224,64,354,59,97,244,16,140,271,267,73,292,164
157,141,206,30,123,170,302,205,128,239,250,191,24,118,298,177,240,68,333
31,54,114,37,326,36,121,321,112,341,285,27,345,349,318,135,131,49,259
