119,63,46,209,54,131,335,204,115,48,268,273,101,331,338,49,47,171,353
225,130,53,231,50,144,344,193,132,34,153,57,23,330,356,161,180,121,361
211,276,44,127,151,78,296,177,75,134,256,145,212,41,350,213,1,307,351
192,275,73,84,85,51,358,156,270,18,274,86,42,208,360,227,206,77,321
112,260,20,266,162,81,343,100,197,45,287,165,128,39,337,310,4,240,357
263,140,13,178,90,97,319,183,230,116,285,284,12,159,336,43,106,247,354
182,69,24,190,71,138,323,289,129,120,309,311,221,113,210,29,158,290,258
87,195,37,205,30,304,359,32,52,79,137,317,157,278,355,25,107,246,341
254,249,150,114,31,201,300,103,124,187,135,196,174,237,303,214,62,99,291
253,259,14,267,228,167,347,40,133,68,175,95,76,21,318,191,224,244,342
220,141,217,245,239,117,325,125,234,232,16,302,223,301,312,160,3,11,242
19,241,149,222,143,164,329,252,251,17,216,91,15,257,327,203,70,248,339
215,238,96,294,56,194,332,10,198,136,110,82,65,334,320,272,207,179,64
173,308,26,93,255,146,349,286,104,60,186,98,8,172,352,295,6,188,345
315,58,122,200,7,314,305,264,155,142,229,72,316,67,322,33,92,269,199
233,123,102,109,27,170,346,235,55,243,105,139,83,147,348,59,189,297,313
35,262,2,326,279,202,282,5,152,88,126,324,74,166,271,148,218,306,333
281,298,61,261,80,236,328,250,293,28,38,22,118,154,181,280,94,184,299
66,176,9,108,89,185,277,292,219,283,265,111,226,288,168,36,169,163,340
