-0.664449396731158	-0.544377604056375	-1.24876301197453	-1.28354441509774	-0.771319302218892	-0.378300439793229	1.14360486378698	1.08691912451609	-0.373298731718365	0.668887352393497	0.30935863762496	-2.2412831799638	0.967088936620641	-0.321941331662089	-1.50585523580516	-0.379927689157515	-0.557642241104311	-0.118337934087137	1.79526780249514
-2.19439636883224	-2.58661287505817	1.05961345855661	-1.68762766901074	-1.01998393464667	-2.76662595450009	2.34367219535149	-3.4942405868717	-2.25534645678764	0.149541618848232	1.13676654414551	2.15352853210659	1.56131596685792	1.81982499192117	1.20284300029718	-0.600173235757765	-2.42848240183461	-4.09273765775799	0.648914936825101
-1.41299346840216	3.20875916947259	0.062275523360654	-1.84676811277956	0.216996075069904	0.263728678077062	-4.02044967706943	-2.76769376690117	3.59102518848823	6.58561394545416	1.68363785123264	0.631758865076179	5.01901220221115	-1.99117302072843	2.55841741075102	-3.11550922814479	3.60335424425338	-2.22791284134409	-6.83811429922346
-2.40079692875922	1.9373786982448	1.82646045597335	-4.5538875299783	-1.11752401875647	-0.686577718123196	1.14073238390721	-1.11980604102317	1.53632925391685	0.969852051618339	0.232668825301126	0.583848333062832	0.463746440654177	1.42879651727159	-0.553321290592926	-0.836735277587003	-0.587579588986046	-1.94507216991454	-0.689174677276721
-2.6858702474284	3.84764730779324	2.37004468247788	-5.21654699900772	-0.728039996436074	0.45523603805184	-3.10642322971321	-4.33800632847176	4.01175921903551	7.23364684100331	3.71685199926649	2.1062890166737	4.72971315438513	-0.581701102561663	2.11888619754953	-3.70693266588845	2.2254560507122	-4.38213207487067	-7.76570745240596
-0.226271669032041	-0.756957040569771	-2.49715804954571	1.22067781529616	0.355273724970409	-1.46650998682704	0.614216799428071	0.923324648513834	-0.099096192479694	-0.282252686975982	-2.62839936799215	-2.28802778214618	1.3225829627172	-1.07764237113095	0.227341400967645	-0.324629405048833	1.01089426921508	0.863221354214611	2.12649219071964
2.63802841400346	2.03513302312032	-1.94731293318319	4.61858316661655	1.91186180134773	2.25164028089298	-3.82933582946703	3.23379354339702	1.17837801394164	-0.232176761966145	-2.18336198930016	-2.14580265847993	-1.13526425881784	-2.20814950726615	0.794506189304326	1.5041847839674	3.01766144503098	4.89857020235785	-1.63797015427915
-1.52262683192367	-10.0262813407895	1.21521243602093	-6.62013218448878	-5.07750541723457	-3.34917695861295	11.6772261184184	-2.89912714886914	-5.90744737225272	-2.82412794290987	7.42010989622413	3.53163557800312	0.442040219605764	3.25619527484878	-7.69862054543801	-2.78880706565641	-8.54257952725936	-8.839374156315	10.6676601405007
-0.851787995523196	-2.05806226658624	-0.384772851475496	-0.502742802802572	-0.878294325373199	-0.463155712238573	0.593471245853337	-0.650081432575398	-2.59805487274125	1.27284246711704	2.62346314690685	-1.1079684644613	1.18307407431294	0.486880413066267	-0.0345206233333686	0.268212010251691	-2.16860428025831	-1.53059789340504	0.36165353771744
-5.17758026754673	-4.48819171141904	3.57809563327009	-9.88854709350413	-4.43768602057627	-4.53393779672217	9.03572330500502	-6.76451754204325	-2.06451532301352	-0.274247919209814	5.15066244790401	4.53044884199986	1.8838609586281	4.67210061258545	-2.25159250725673	-3.67083548111741	-5.44351932465538	-10.2717299142278	4.71837085782048
2.11504256381328	-2.33964922917223	-5.94219114260295	6.49306888379536	1.62201612277757	-2.40118140049451	3.93356056844619	6.78900347434887	-2.02693802212633	-9.22714891147201	-10.3182750500322	-6.09283891407658	-4.40676584792035	-0.636151851647905	-1.5842307583053	3.68403020846274	1.08486196144267	7.56373476069208	11.2654091039313
-2.24006891754784	0.696030681513085	0.308414755119221	-1.94434987068921	-0.851386421893434	-0.86392951878944	0.179372556802456	-0.152416190710813	-1.12261225834067	0.977890111327509	0.435162042186498	-1.48046090812818	0.635413977982287	1.44413891692584	0.540505850400904	1.02369626589029	-1.36320875359261	-0.647293401403232	-0.461575066377965
-5.14148237583253	-3.29769826470729	5.24200286557807	-10.5490873257142	-4.49993363223681	-3.26891387523503	7.98005171115219	-6.88133824031013	-1.9742843835378	0.0448109213246854	6.59417088513285	5.37914984781873	0.760496011358235	5.45571354823345	-2.10147838429071	-2.88959859298832	-6.04968550003808	-10.1329340742923	2.7957150959049
4.08197991088998	-3.33560353398079	-4.01383622321146	4.53051561467887	0.177491996399681	1.13552090588577	2.23487309542307	5.74283380076155	-1.66901805592922	-4.40291246171174	-1.71103672450145	-2.76458583819092	-2.6108091103716	-2.10996687941974	-5.02207529506914	1.21869668117186	-0.0368609487745672	4.45378026769573	7.13323451080981
4.73025236905177	1.43939118543313	-4.22724514932005	3.57923119612002	0.873751297795963	4.19961550710734	-2.17995201288441	7.17848634936621	2.63059936702986	-0.39040151467691	-1.02471208688898	-4.65973936618654	-1.46436765321218	-4.49713345248282	-4.90195604275035	-0.0747136998309372	3.65249828762771	6.53935742902291	2.14615268641245
-4.61490690645205	4.19920721941525	4.34761101009208	-4.62048331688195	0.242630132158364	-3.0508576531025	-1.86620942861342	-7.4700117152507	3.87406945322722	3.86659163719473	-1.30233168545036	5.81672408824799	3.65101993315871	1.99888668473576	5.991457336914	-2.62266647570397	2.12799120919296	-5.60338981396383	-7.68645220082027
-0.983447725310818	0.172718578343748	-0.74547222222278	2.84414166773898	1.0852863061679	-1.74020459597211	0.429905193765343	1.89566429297491	-2.70692670917133	-4.52675654124211	-5.34188058143196	-2.70205141742836	-3.11480891597216	2.0932933685298	2.41459525386877	4.29444006005185	-1.35036333009965	3.48430985025942	2.67208146935081
-1.33424786529312	-2.31662556427274	0.832073672123678	-2.71936229773884	-1.40116245503169	-1.68941073487832	2.84747378425209	-2.18133055852257	-1.00165634022955	0.474625677732305	1.87171349097125	1.85702373773088	1.4748676917845	0.908566146651774	-1.22461655050263	-1.5653849642031	-2.08197234413345	-3.75942040318184	1.51190350563118
2.81681479470585	1.66702778983376	-1.45095335812229	4.00684435047274	1.65612000883297	2.49857477325947	-3.39314434096821	3.01694457509828	1.20459119154558	-0.127033409816786	-1.31714721298604	-1.47720504676875	-1.19372987459703	-2.16329506633911	0.0755473658685597	1.12219685211978	2.51727374409962	4.27532474031567	-1.5102524999341
