-1.37653067034197	-0.807234084835199	0.197531788526796	-1.25062089181178	-0.433619900314476	-1.43134481793349	1.12039928218483	-1.29228443158239	-1.51398277995895	1.02429464809176	0.47637329108512	-1.56631378552675	1.33761032771966	0.325042821495776	0.072584372169926	-1.06758595703325	0.0711660516331896	-1.6544027320187	0.578020266537841
-0.743389449843379	-3.86397609712801	0.612077411393475	-1.50593700329353	-1.11908803560736	-0.354611287960488	2.01616328966713	0.647947658876399	-1.37914129684303	0.333683700243135	-0.309501519950924	-3.48977709018694	-0.551448349201052	-0.291543747826141	-0.173563168702614	-0.142014342496054	-0.676278772097455	-0.782144766439654	2.92831578259569
1.13302246394049	-3.83375316866106	-5.40493725387955	0.335450256800485	0.573302615399371	4.31310692899062	-5.18076180122219	0.328240783500455	3.33210173624612	2.82527302447812	-0.360140969416417	-0.963777989090246	6.90927211594197	-2.11158279568903	6.89504340830725	4.39927118484793	2.57636298587364	-0.116298909509453	-8.59403860511755
-0.760185900585692	-1.01133071614051	0.0219102316043882	-1.1701192582068	-0.482807307725892	-1.29063782726036	1.0975449292279	-0.581624775172762	-0.73590506422071	0.395837374850274	-0.481085633849237	-1.37922347910323	0.866125232606614	0.147975762685092	0.179605394044997	-0.483191860743218	-0.334207272273678	-0.451485636095518	0.916307232670868
0.504959099769096	-4.07282116907064	-3.32731959304482	-0.239157538480711	0.0235667463666474	3.58911206036376	-3.65027937746802	0.594108810674513	1.45106182600392	3.28339023201523	-0.921115633880627	-2.59630217542342	5.70169084365964	-1.73267016264533	5.6032422717284	2.24878558344159	3.27747228524384	-1.40561681377163	-6.38905157285031
-1.19232353194052	0.351525289075967	-0.0298066435294491	-1.0853723314791	0.337491534218206	-3.2053373557938	1.08562279447903	-2.17808729075924	1.27781471229511	0.540453397885257	0.369756149040739	-0.747165823756053	1.78644844296136	0.199951012137852	-0.405307070187596	-1.81264049397509	-0.100174960059523	0.485633319060428	-0.134284877555016
2.39017202707673	0.764569843844215	-1.9639786162334	2.29478186643643	0.633024131598635	4.21940652534275	-3.6068144460678	2.4563811700142	1.89817978512385	-0.658940849188127	-0.411935767403192	2.87432865575623	-0.270845858528461	-0.933031985417786	1.56411530323151	3.46042226287093	0.271672117991055	1.56448529507614	-3.42930476447961
-7.83119766814118	0.502808173994588	6.97631403504388	-7.17774902549328	-3.55155081309144	-13.7858533010555	13.4397521321615	-7.42171414635077	-10.1941813753067	-0.0836186821033245	2.08904864243477	-6.7809404994753	-2.52463405448289	4.83347677660153	-7.33181933602955	-10.4851966920242	-2.06522897164893	-5.93642933530066	14.9987182024922
-1.10625677018004	-1.04755439137752	0.574292606715176	-1.28408596379758	-1.31114699609602	0.791849370155191	0.742179914604208	0.200018061954328	-4.89734697807923	1.41302426915448	-0.759461169208364	-1.75085032972217	0.855743437665886	0.667928168431329	0.997046483929918	-0.27955930348331	0.471442845276437	-3.81132254168679	0.995490476500358
-5.09016363612646	-1.43288190671388	5.37064599073718	-5.03953557542412	-2.61520845413387	-8.52066935410259	9.21190951185763	-4.02246997177641	-6.89730810301425	0.542032903814508	0.815117210506542	-6.34154349751326	-1.98144279499819	3.14226873400176	-4.1141541577478	-7.98365927483452	-0.584394887674109	-4.38729173545862	10.4548880817789
1.03686316701199	3.13782063674036	2.27252666988922	0.179125747509502	-1.30973524473979	-1.91307905802186	3.19861666317665	1.68503468798314	-1.44201360386174	-4.0819085401853	-2.29883333529478	2.18383700465117	-5.94419790348286	1.23366852522411	-4.33691902414996	-0.120590674110559	-2.00824369463212	2.89121637585504	6.55680176114704
-0.282270864947535	-2.80638038143669	-0.0309453704332228	-0.896749093715652	-0.688880485835706	0.143339844912511	0.63650451716336	0.525865314304843	-0.195193088467853	0.795744131628327	-0.689210340976447	-2.67587470224149	0.635968445524973	-0.693455172531598	0.385784047093734	0.102162268181502	0.6541827596626	-0.344292708664721	0.648499088006435
-4.70518963677326	-1.29242951742035	7.24899569775539	-4.19132804016296	-2.42474906165627	-7.28408692362126	9.20000376010819	-2.59892299678625	-7.65980627546476	0.592367462847896	1.00489809317237	-6.49947514377598	-4.26017034493849	3.10938080575653	-5.4676019932146	-9.11713110964503	-0.401487673653328	-5.02058676859613	11.5542622716864
-0.220542181361902	0.00130090802083327	0.396029102447866	-0.528264265568221	-1.5225054783216	-0.921020923125171	2.2481968920867	0.201425330318643	-1.71142577334769	-1.73345805719173	0.00532271571255619	-0.293637749959245	-2.47253844210595	0.453300484115226	-2.10964602572125	0.613200159276465	-0.245099460165778	0.389601587941529	3.76651869481235
0.906463874104915	-0.439877263410697	-1.96473343447388	1.08111288892697	-0.302555558560965	2.44938397621763	-2.10221204675601	0.660889915170841	1.16281662289969	0.190411667927734	0.544824834016785	0.436651977828745	0.814425137163845	-1.05597877785983	0.872402631405699	2.24524072004768	2.23963219157795	0.339540251262115	-2.73570793150915
1.20719170062669	0.905759094894496	0.728354021948224	1.86030302786855	2.38636380044554	1.59813335012401	-3.16980534247033	1.19134441217138	3.70841710624015	1.66788472027653	-0.189030835758571	0.997163929020125	1.05321834839846	-1.00971845441349	0.720509314273642	-1.59640733602897	0.555303637522044	1.00661768122019	-4.25935608454321
1.42801640845097	1.90444321776305	0.868755296066738	1.5706018667025	0.815910749041247	0.843608790379562	-0.312677594825836	2.096856429795	0.678481950512705	-2.5292898992125	0.184650490804771	3.36593169476018	-4.06315936375544	0.297928567354857	-2.24343366446088	1.08102094048603	-4.07658764835937	2.23021450260451	2.05051426297433
-1.3517216082074	-0.448902686398645	1.20623844117646	-1.07536747329552	-0.853545448881536	-0.0503636392827289	1.16622161701773	-0.249092956364105	-4.32009788915372	1.1924623004479	0.12083388165753	-1.38071416492023	0.190361789374261	0.770041692243912	-0.156633128453281	-1.05338537168583	-0.133481031881443	-3.46271647137342	1.56892078601549
2.01050241779128	1.35613453884435	-2.56061825734118	1.97050463152122	0.722144946205463	3.14496845323683	-3.4681688511918	1.3814600534454	2.31634265210229	-0.62434996673589	-0.195565438354655	3.22020143030282	0.785626936634213	-0.819372819426901	1.68008989994707	3.51902840253383	0.271060995350736	1.81110878402956	-3.93466976222604
