40,169,119,127,170,272,341,102,242,253,188,117,236,104,196,175,49,203,296
200,38,187,18,189,124,339,96,252,257,239,260,23,152,266,267,123,184,294
186,261,85,248,83,285,336,89,330,276,115,193,154,22,202,8,3,298,357
192,54,131,140,110,69,348,113,279,246,79,118,244,136,251,143,162,148,328
307,77,197,159,185,325,342,71,303,86,155,315,201,16,93,10,6,337,351
81,282,254,5,147,132,250,139,317,126,249,217,78,76,241,180,208,176,311
27,36,289,26,324,29,191,221,74,356,190,34,333,354,344,216,133,37,172
32,209,158,228,183,163,358,179,153,120,75,309,31,268,24,45,66,329,361
122,255,112,135,235,72,301,171,60,323,212,204,142,57,73,101,181,199,345
224,287,87,334,61,273,222,11,198,20,223,12,150,321,302,292,205,214,195
297,286,331,229,114,281,277,67,340,90,134,92,278,98,168,4,1,271,230
100,149,306,215,137,56,322,21,264,157,220,182,109,213,68,130,141,225,352
218,335,121,238,28,211,308,2,62,262,274,51,80,206,164,245,312,320,91
359,106,145,105,299,160,305,52,156,343,44,283,319,232,19,15,25,58,355
167,313,326,14,327,231,151,13,95,338,332,108,288,47,9,226,63,233,304
243,111,237,258,138,284,194,295,346,310,144,82,263,48,7,17,166,84,290
210,291,64,227,65,125,240,50,360,33,103,293,41,99,270,280,94,256,234
59,207,219,107,265,161,318,70,173,259,146,116,39,177,174,165,275,88,347
30,53,178,43,300,35,129,316,55,350,269,42,353,349,314,97,128,46,247
