-0.939584150281805	-1.28660090373704	-1.26323230925155	-2.12505162979378	0.47055877862194	0.188982185865443	1.6872434053113	1.46362254489128	-2.31578187988093	-0.196373860460394	0.714096444078375	-0.660810513315704	0.328218188972569	0.492449067997091	-2.0430680464119	-0.862126532899389	-1.5503223836432	-0.959299569779731	2.74250548539063
-1.11375131972353	-2.59398951869072	0.350898570314044	0.129497280045896	-1.01859541182024	-3.10339549032665	0.446457560138028	-1.27556710652136	-1.69817156137916	0.741307474185128	0.531280786266968	-1.85095564485004	1.6692736146951	0.0247279375949212	2.20509338154442	1.41877800133686	-0.109647889999668	-0.759647073772639	-1.02003221829863
-1.31202484898421	-0.957387984319787	-4.05747689211074	0.0669427449113478	0.499543524713717	3.04718374727362	-1.84885063975828	1.41698311102095	0.601196770843721	4.18113919852639	-0.373840653437107	2.49151012820477	3.17690121728854	-1.97087860077952	1.39045547945734	-1.55942108178389	-0.0691844699982838	1.23904263189523	-2.23909600049102
-1.15336833332101	-0.571592234099915	0.404178498568757	-0.393036666778704	-2.00706950088767	-2.21106487965262	0.443571080097714	-2.99801333531319	0.269922368909953	1.66563370107128	0.622775066942375	-2.50290529785287	1.66324324541452	0.582968207761643	1.68240849781171	0.641693434764909	-1.08333413641931	-0.889855117213248	-0.549183652408071
-0.550627252661222	-1.00685165855891	-1.93168556439877	-1.46542922374378	-0.36405860376483	2.34869825151916	-1.52763213983319	0.827950345815017	0.41606547924501	3.61392168212289	-0.941936398617305	1.29647038188439	3.82333866915614	0.12431973671877	-0.555508308395456	-2.64370743120604	0.867828042977905	0.983478645801103	-1.72885282155531
-0.75144851152082	-1.24100885706433	1.00173138525031	0.115430935187051	-0.261341800965601	-2.67676952650758	0.262240737877881	-0.30654992162701	-1.87909649379703	0.242728522112142	0.607822640058756	-0.468455099522419	1.52734958306067	0.447995487740337	0.434252656679491	-0.189020103926214	0.213130902063967	-1.85653323857812	-0.609014055403047
1.94925893852866	1.1402996018423	0.203006290331087	0.693585726528663	1.29814054831837	3.34582662830184	-1.99434749525769	1.68732819674332	1.89343967421227	-0.565741135906579	-1.9589244568268	2.77876806993498	-0.885030574479584	-0.530994019880099	-1.0985127262997	-0.786745668730631	2.52477003750564	2.48640349118935	-1.56610443020005
-1.81720867444405	-3.88212198881385	0.0890574948654652	-10.2112268990337	-0.767668850103465	-2.89296018745381	10.1868010013501	2.69618428418891	-8.85576554173257	-6.00793536368777	3.6932245443683	-8.46222815048218	-2.98669173099591	6.35347363128302	-9.89885024308212	-1.36555647278206	-6.59427013312028	-4.30478478007652	15.3159387070408
-1.33930572728528	-3.02295609220719	-0.106641292796416	-1.63056181272169	0.391400111448227	-2.41211057659462	1.74161455889363	1.21731518442435	-4.26654184503745	-0.508217468770263	1.09640793704081	-0.848597476282612	1.45995079231012	0.828914210107133	-1.05956881899618	-0.540035109362	-0.338417284879914	-2.20773843867959	1.65924407265184
-2.85824252296129	-3.0518034998985	0.822705777897714	-2.28781234603198	-2.34483598575758	-6.87766289258381	4.64194087438324	-2.09871940982184	-5.09890833559349	-0.999256156968866	3.86879338111747	-5.523132789631	0.983774736376344	2.72708039246723	0.652245247456293	0.896840675431395	-3.16034473669111	-4.82641471303087	4.21125828455904
1.94170515197411	1.26536557367414	2.69507331120775	0.367580118261374	-0.237365654565139	-0.576319690010596	0.830857045531607	-0.866572723331458	1.22349569193973	-3.66603660711629	-0.646350268696977	-1.74113366562842	-3.86582309448483	0.859729481524028	-0.731424305821242	2.17695680999236	0.275327974027839	1.19196341205681	1.42444886962794
-1.29567973135047	-0.804072529937594	0.435809755682162	-0.555362570845791	-2.35659114840473	-2.99945747496345	0.977832521062126	-2.79140089897576	-0.0348374872951878	1.44330130753084	0.966629821933526	-3.45002454559913	1.44383543372797	0.793682186958486	1.7839334966834	1.04965522358741	-1.95875808138076	-1.08019621287612	0.0647585496586691
-3.07018448094311	-1.97210548425649	-0.0284562644875097	-1.93404647163432	-2.66042712028847	-6.38345994601336	4.98466230780981	-2.59856305436746	-3.94411953094709	-0.860895146174066	4.332503374566	-6.09288952050968	-0.0884342020707125	2.20592938676582	1.30813137740481	1.60756563821414	-4.67512726925133	-4.53781960938976	4.92369344903006
2.88341563655113	-1.07729272544609	-1.40195753193468	-5.5383246037071	4.65126389563041	6.51717360783435	3.46138302255872	9.41752875846039	-4.11065684849862	-7.05253719213493	-1.47558953310057	1.76487403015848	-5.79544525663725	1.75119612200847	-10.580825066494	-2.33612274700875	-0.204315878238187	2.56719096007205	9.13209929098835
4.77825180197082	-1.04125284072969	-1.15964808227337	-8.22513647109895	6.02523620163795	11.2516317276979	1.77371450350315	12.4629356675273	-3.89818125630868	-6.72587984946024	-4.13362265090508	4.8794943484986	-4.12153572300637	3.25205432264055	-15.6765288214409	-6.604649925264	3.21102087477503	4.5139492176259	8.82933398713732
-3.42163784570199	3.12772775751344	1.63939549784128	9.28721372709607	-5.52427050069299	-7.57437312558901	-5.79690762819889	-12.9387974589762	7.21220676084258	9.38038565113663	1.68266003359877	-0.657878483226195	6.61076743272813	-3.72250798027724	15.2463887059043	3.63540986147751	0.739836839293329	-2.89067384698934	-13.5514890592487
-0.708034987642563	3.20194911055099	1.01478496627159	4.68539810462473	-2.11798124092123	-3.17003478594119	-1.34312870604606	-5.37364174255124	4.32774683200398	1.50154544534156	0.937787633728619	-1.67814053334354	-1.17905391360175	-2.26353598056668	6.2071426107421	3.79589201034488	-2.18299373810359	-0.613525371559767	-3.52110576718569
-2.13407071076766	-0.488590423755329	0.664777898397155	-0.0800286049651613	-0.981917520120035	-4.17862612635533	1.73873677874997	-2.19445614387167	-2.29658714144415	0.498288588448018	2.31254351786149	-1.87178819313556	1.28991171466443	0.625097503296005	0.971619614821175	0.0889418717938901	-1.89069710134461	-3.95475017538147	0.997228528310266
2.18327201445607	0.439600331014625	0.383425578591034	0.100632696707473	1.75068619677549	3.47983575013908	-1.7177625535861	2.62994659604647	0.981609740092506	-1.19478789244276	-2.18951340152703	2.92694878451883	-0.935180686359632	-0.220103558942147	-2.05562628629654	-1.03310421600256	2.94140844200132	2.58064300296817	-1.02053143199347
