-1.63419108683471	-0.757656159124144	-0.510193880225364	-1.93779107865659	0.101359167260517	1.06285757204552	1.59081358797711	-0.614553269857179	-0.690906784096273	-0.252439459652553	2.87859141688629	-2.51464337261513	1.67388253564458	0.263498777785152	-1.76925902785586	-1.1605233572253	-2.16940722910385	-2.2325915652382	1.81765166891951
-1.5708784401014	-0.728723402512095	-0.164660776904537	-0.590975875795464	-0.574444858054827	-0.641617715093626	1.18502039754475	-0.912280480243835	0.248050023083591	0.651949774209488	0.242902432019298	-1.94703228633145	0.0917520654179276	0.593324932634389	0.298792784665456	0.102705633566361	-1.43835055502691	-1.77472242759511	1.10064624264407
-0.78460128069788	0.161925902721523	-1.80506508364267	-1.02476775626127	-0.890661943860212	-0.47001729521317	-2.90287740624083	-0.561602673773772	-0.563736588841898	6.7136331982465	-2.99983196648687	0.569253564445695	3.80666387321679	-1.30406442591615	4.35799268993311	-0.745943540679775	4.95639065955759	-1.05029428478439	-5.36607494587216
-0.98212050803409	-0.46389475558332	0.254982279806784	-1.73446161496428	0.322389777829647	1.07969473685884	0.187861311249955	-0.812444812035103	-0.948301906912904	0.137917352668919	1.15493585230324	-0.564560687871952	1.13413923966453	0.0126989686899965	-0.110416339568269	-0.735993510118612	-0.953427824354103	-0.372343377663864	0.168931306643172
-2.4751263854661	-0.507960774785815	-1.4242274167058	-2.16749026496882	-2.64481242230242	-0.816656459270263	-2.1098406355597	-0.841938283614557	0.597153997096217	7.70504735204239	-3.09445858875012	-1.44553854453292	2.34684746646311	0.208701243307774	4.74686605191472	0.783602518157179	3.58615077880764	-1.76796063571184	-4.41939303839618
-1.04317291169398	-0.824406050777358	-0.652403910400089	0.179738478127865	-1.42426096981171	-2.39735710257152	1.09438755623528	-0.35508778270618	0.881815167030703	1.9890973697796	-1.46509776978263	-2.55741814422839	-0.632386972768279	0.57083227947864	1.36596302542659	1.20364178356658	-0.18355860275247	-2.41135670435837	0.552402623806204
2.31978781697528	1.07690869756063	0.904012565679427	0.733047628741005	0.379430588602765	0.953312012454721	-3.11197007190935	1.52980976150506	-1.56510265243133	-0.6211779846174	-1.34881085798054	5.31830224683736	-0.139303689367396	-0.691653314650954	0.337550679450343	0.389129979237717	2.20982286364897	5.5182012719776	-2.79640787739343
-2.03099127879486	-2.9294183200131	-1.34865571587244	-4.6779678450411	2.05466775861787	1.14185676974744	9.51216259268488	-1.64278444147076	-0.791812601226119	-6.46267417116356	10.8704819877735	-12.4802748662044	1.0576605324154	0.818508817348181	-7.41660840600491	-3.04065375195947	-7.88535500165895	-11.4183989286773	11.0458055650784
-0.46668868394761	-0.964322011807069	-1.00487612298972	-2.00327103406896	1.30446790990124	0.505307546986547	1.34184790112915	-0.915477494178359	-2.98856387195328	-0.516305605196159	2.94265045015599	-1.55390168450689	3.39525919414382	-1.00825466105166	-1.05097292317917	-2.40982024174284	-0.897531402936394	-2.24971272711934	1.13395967683224
-4.49276983429949	-2.46401623401184	-1.39379547251151	-2.62479824760662	-1.14729123301938	-1.28849798585781	6.81665592112276	-3.0197474756736	2.42149767017701	-0.212591125856366	4.29409462663078	-10.7826176397635	-0.66753284347527	2.26047181571255	-0.851912923826986	-0.56056594683748	-4.74121334989233	-10.2792103386677	6.66995470129537
2.83746002181328	0.311516760587991	1.8839481140629	1.99134755420353	0.341256672330359	-0.679683192805921	0.902685684433566	2.20076371636278	-0.00768765936626092	-5.74253548281559	0.571071483178078	1.96465890862881	-4.42082486515962	0.734991394178306	-3.30697960435091	2.08084345417635	-2.46995470306708	3.77744807057532	3.12170270543493
-1.5975555088694	-0.776868461220543	-0.517074257925744	-1.11668973925409	-0.96433180974292	-0.907204877709313	1.20490647453656	-0.841631631756064	1.56822370544414	2.28986229129062	-0.555238716259531	-3.84399367083271	-0.170645152730562	0.485706397900637	1.08078010396938	0.603773951100217	-0.346199855376695	-3.68372790667787	0.453393309995092
-4.25934401467966	-2.58817819692618	-0.778605973312352	-2.98240671161377	-2.85640312960758	-2.09737660660966	6.58214028779752	-2.00616522776264	4.12400647130821	0.830951820860685	2.72386718968777	-11.826521127068	-3.26523461612171	3.28270916659275	-0.216966704162247	1.99471596882712	-4.3253752429036	-9.87021304295664	6.47479497615062
4.33590335630024	0.0500496270150397	0.21948822364354	-0.900340517211668	3.10353222146935	1.61738215836686	1.40368248662343	2.16653679195421	-3.4364455974695	-6.48575333686493	4.87292351540399	0.452855636173812	0.524012916702055	-1.74706626493695	-5.2453723451227	-1.76388403712585	-0.873103545149651	0.888497954705121	2.92610980294681
4.62753626104143	0.799504474872634	-0.151786685079046	-1.52069492970856	2.00264926644317	2.39510444411588	-2.23780020743238	2.97474598222722	-3.94427863661416	-2.6870733569378	2.53957955657876	3.53286041584598	2.01220548027181	-2.28769422678983	-2.91485072159239	-1.411786699532	2.83703737541097	3.79024350198549	-1.76568568041182
-3.19492288589571	0.814581282031399	-0.12443092384731	2.72589725395332	-1.30625168681685	-1.10517825612111	-2.87044440986066	-2.39154288290175	1.84714872729029	5.27545037113008	-5.34574482407409	3.57155549620704	1.02224537336298	0.463093180910036	5.40452179858939	0.0331872557707371	1.72331428598063	1.65374219604274	-4.31672014046255
-1.82867373546643	0.303546172616893	1.97824754463834	2.84369614192137	-1.3843689484334	-0.761083140140275	-0.21283171794604	-0.390912962851215	1.48132170642228	-2.01263568410218	-1.86157412653275	3.26883766867794	-3.49258749156923	2.14860919792145	-0.349257693039711	1.94947102770858	-3.96238433180857	4.39047675684892	1.45008729007012
-0.798034905665716	-0.817576471980345	-1.03017283983578	-1.03926221979885	0.38703742428175	-0.599801829831563	2.40535026319583	-0.779649984549582	0.875540726925182	0.518339879050815	1.35355631642085	-4.78743168382226	0.753389249990803	-0.260771432862261	-0.565529094525576	-0.729843358412349	-0.814572331741154	-5.20558042385755	1.86304615078841
3.00151364024909	1.0939686982816	0.746326898697675	0.491199959130436	1.01962421535975	1.17840129547223	-2.99697702978921	1.75317250574652	-2.07317900146265	-1.06672619701072	-0.792096490638859	5.14232410418017	0.402715305051403	-1.23323861784975	-0.169139951966591	-0.0819051366406028	2.5105176570522	5.14247437650001	-2.72136944253498
