-5.43718515744765	1.49347930038041	0.926560392586381	2.54861222378705	-2.26266079932186	-2.6566998730445	-0.438166720056685	2.14348459721337	2.37153111177702	2.02089507436733	-4.13870787007787	-0.63583803450561	3.4098980325962	1.13979041997976	0.214148827623859	-4.64929311035428	1.78558831396822	-1.77973255990935	0.110289618856374
-0.0058715893310497	-3.47073130630371	-3.96191361617599	-0.207632988078206	0.127768393001862	-1.61932323004619	3.03009496721698	3.66521701915433	1.39262376369837	-2.79905437909987	0.897039692000324	5.18969920307164	-1.19498887451028	-2.87069558214297	3.35484997671243	-2.82188914300457	-3.17093139072848	-4.40572717074778	1.96003592307064
-1.38646359003059	-5.1325893951196	-8.70763942642533	-2.30576196083917	-5.34514659440133	-0.326167720519628	4.89937066927876	5.93267403310632	-2.15911898513674	1.37131617473421	4.1605263403754	5.79843160585008	-1.79475642537041	-1.16702857231334	5.06029707616783	-2.99089083950825	-8.75054295872956	-6.74623378150712	3.20858743903624
0.879275994302406	-2.6386291385352	-2.94470576631927	-0.550573211623729	-0.289159906260181	-0.740258100882096	2.17098145340563	2.76585911001526	0.939714909300768	-1.88744582382885	1.01952925997357	3.96014528751727	-1.24183377073315	-2.37684359584546	2.3223545859436	-1.22377824998374	-2.74826925248822	-2.98578268877474	1.30269686429864
-0.199995312192613	-6.02210225397731	-8.20692435890493	-3.04863974883252	-8.97516344681031	-1.09668756688053	6.50390406110886	6.33103757386216	-2.21704243471551	-0.439062263474435	5.23497504107679	6.9882999865563	-2.70292240126579	-2.25645672799786	6.59856366361066	-1.55094490244817	-10.4465457199805	-8.06606096978483	4.23573727751995
-1.85536599068233	-2.466913271883	-2.49134609021972	1.27530047851556	-0.192705295643547	-2.91558019054884	2.96572841869952	3.7838512727757	1.63164276619045	-3.97411460271239	-0.259307910908809	5.48507811043176	0.15170051668261	-2.87669555566922	3.52471991909559	-3.29495281448847	-2.23795816321018	-4.92155771387741	2.0206697565618
0.853390558669835	3.15888139398604	3.99805753608178	0.624549007971363	1.00467730758088	1.18786448702185	-3.3300664909139	-2.55098394835102	-0.128317035785813	1.35289199144567	-1.0275790770468	-2.9806931716025	1.33416235217719	0.786336045728413	-3.52048144411205	3.8094010132817	4.38766475904451	3.79801518599512	-2.45300435682379
-1.63188745561245	-6.63695300255143	-8.27027669384903	-1.96516145929737	-3.88293356454239	-2.19891723961867	7.35809057532951	5.14660884835888	-1.24380011449889	-2.3040719705084	3.79770179683476	6.15543101512858	-2.8226299135609	-1.28620371591539	7.63098163814253	-6.15239852002283	-9.77655737008427	-8.15659965692674	5.35798755579935
-3.36282665584838	0.223819215662395	-0.397830632397969	1.0139026957188	-2.16119619966883	-1.60203627777445	0.67525021885978	1.96358068112531	0.17272266790545	1.32501448289405	-1.74195722889455	-0.154032423930573	2.43630670601778	0.976341545550461	1.01483431678423	-2.90583632720172	-1.72418097883509	-1.64581908238446	0.73738641250133
-0.655935496234735	-9.78584468234688	-12.0088678300397	-3.09616045588154	-4.3757856090545	-2.63303881068173	10.7895683966848	6.89430933341434	-4.50924558908353	-6.45877053057934	8.34274010560444	11.112405333676	-4.34219149689461	-3.46343248625242	10.9976138330907	-4.5329585574673	-15.0779653906889	-11.6907094928148	7.40883439467027
2.48360520034433	3.53623797590498	5.17938154362636	0.495340765389603	3.06306691863141	2.14296553154794	-3.27479416251174	-4.93367701605168	-1.06556828040738	-0.386378945932164	-0.584501646060673	-4.06859819299726	-0.271338677856583	1.3422127712666	-3.73752280732057	4.50726949217483	3.85213872273358	5.49458772862275	-2.33056565263372
-0.53187658066739	-2.49670320424165	-3.00835275516298	0.0860356480063822	-0.55990542257268	-1.04892513701382	3.17299102937949	2.60958196793592	0.460424108857747	-2.10198815173146	0.380019365309178	3.54025484320544	-1.49666441433288	-1.15746392165173	3.38314355690848	-3.4841347926929	-4.59952229111109	-3.47011399965405	2.30084531915491
1.22219809678049	-4.06528984729226	-4.63414319634326	-3.54726151534139	-3.14888238919164	0.502054084370041	3.44335741326948	0.469009271467797	-1.12850572463716	1.71423191245484	3.39191161948106	-0.309771573897414	-3.18408085556403	1.07766849687704	3.13997420959597	-2.43294590955672	-4.4505027258849	-2.38760948267028	2.65706578470174
2.22064020518224	0.84367213523668	2.24928036065637	0.0915931533182617	2.04608639050271	0.271260028742198	-1.54961105750296	-1.36593586697798	0.205607021099818	-2.00667358635959	0.574567374754384	0.324179855388259	0.22794830909435	-1.65591988757317	-1.67182790578068	3.97044942539713	3.17863226458564	1.65907050106971	-1.42693760861183
1.11748263235209	2.88700754544855	3.6890754424551	0.372520529165016	0.926346563541081	1.3232712086343	-3.08532678350789	-2.53186478444227	-0.32706385919397	1.32251829972807	-0.709959793024841	-2.89502317565951	1.05946447686362	0.78647346607033	-3.31465459873781	3.83362847335272	3.87087666487109	3.71189184313345	-2.28780373253485
-1.29967457977335	-1.21751257409009	-1.81824129894279	0.17579054447682	0.434021001087402	-0.49179739973518	1.60399327322683	0.559148214795172	0.856630803922638	0.0689851687717482	-0.87223285172997	0.147360816275686	-1.2563187725175	0.838459843407801	1.73719494998731	-4.49985767952637	-1.88427478158522	-1.44701672788939	1.47964479369159
2.95283436666302	5.25318720751202	7.41782613722738	0.704153024298108	4.05685612289308	2.93126500073173	-4.757000208536	-6.42013992430869	-1.62265278239595	0.685872401235562	-2.2253636797278	-7.13236095260014	1.1302483152231	2.8015663144175	-5.40126271289465	5.10017523013758	3.25643951277769	8.34627650331613	-3.25324550401776
-2.25581459394518	-0.233781945917993	0.0520498940647824	1.26843046709544	-0.681507811237994	-2.27537105372924	0.106370010435739	2.05009978050674	2.84421188387122	-0.217800923785241	-2.34300411819271	1.18810172358343	1.65599088913026	-1.04526784666018	0.585802607181705	-2.75451595949693	1.92485149641906	-1.97971023445736	0.174283025044191
0.991247312994417	2.64563463674728	3.43699467285652	0.398613441311531	0.777309271737863	1.0619245415885	-2.88071443413313	-2.17339466667691	-0.244799233727856	1.04155083233205	-0.624888578541313	-2.4197857575052	1.16280934522965	0.482299190591199	-3.06607454350765	3.75554353734291	3.7529368826101	3.27551766961458	-2.1717075180068
