113,183,116,191,58,203,348,43,130,92,148,260,77,288,272,196,78,273,311
202,162,45,198,46,138,343,164,137,32,215,109,65,334,318,153,142,126,360
224,250,51,158,131,88,324,189,73,136,279,139,143,31,353,147,5,302,358
160,194,90,190,96,103,333,214,213,33,256,56,14,298,345,249,150,49,357
104,282,18,55,41,299,339,141,186,112,262,132,205,69,354,269,1,278,356
180,124,95,154,47,98,323,227,146,48,295,283,6,197,355,26,117,305,361
188,50,40,210,70,271,329,289,93,223,314,300,240,108,192,22,149,105,248
25,239,15,129,62,91,313,36,166,167,242,290,122,310,320,134,159,245,350
179,151,120,145,57,185,303,176,59,238,80,230,60,253,264,115,212,293,294
201,254,8,123,211,208,347,23,220,81,140,235,72,17,321,163,255,266,346
257,61,193,263,251,267,351,89,157,236,21,306,222,261,319,34,3,24,265
12,204,42,231,97,199,335,247,229,53,184,161,19,206,336,209,71,281,349
165,276,74,232,75,63,328,9,246,171,110,234,85,342,325,225,173,243,64
207,330,30,175,317,76,344,308,121,54,170,111,7,181,341,200,4,127,340
286,102,37,125,13,169,312,270,296,106,274,100,284,119,331,52,35,307,252
182,99,79,178,39,83,359,221,118,218,86,259,107,226,352,44,177,144,337
29,228,20,332,291,82,285,2,187,84,135,315,94,268,287,128,114,316,322
195,297,10,309,233,28,275,244,156,168,38,16,216,326,292,66,237,101,327
68,133,11,155,67,174,280,301,217,219,241,87,277,304,172,27,152,258,338
