-3.08473835323952	-0.443053228129124	0.539148955640757	-0.931952131651549	-1.34149114846189	1.12639424876473	0.645588321591173	0.387151536773928	-1.73838864024319	1.8426390559181	-1.59987482018881	0.471042527453839	0.381924231681552	2.1765223222061	-2.0998578201614	-1.23107603624744	0.825098027951142	-3.50726776669173	1.72340470639973
0.0235000520304567	-5.52444934471581	-1.36442829935527	-2.0617874728296	1.04074690864305	1.19630904708212	0.508752464169898	0.52818947620742	-0.3423948237837	-0.739789121065016	1.7734433503465	-0.922369457335165	0.669413721734998	-0.592380579776809	0.123208528471622	1.14767766695214	-1.39820607636461	0.0351566654176185	1.09613868430148
2.03953141257712	-3.24727095719875	-3.18184628154986	2.98187463688303	1.91590783017596	4.62840553674178	-5.36966831218216	0.0449449252128939	4.26578555993603	5.56485033842362	1.21002948103236	1.54728102040653	4.2382667714176	-2.07523165119485	1.45169742917947	-1.3462784233188	2.71286293890975	-2.41555701677815	-5.97539804629833
-1.4045150749992	-2.48977776549338	-0.692654984173158	-2.2258869502571	0.3932120705747	-1.47629525207388	0.622098057366582	-0.240142616235687	-1.10317047915022	-0.0609208982714078	0.393258410952047	-0.621460497128437	0.559223073833783	-0.35732870011607	1.41567979814326	0.877352054198837	-0.636813321647306	1.3897459569963	0.347144710209704
0.351606544007057	-2.79305937875909	-2.54285192878731	1.14953416094778	0.899428501615327	1.63552774400613	-3.53473473985901	-1.43864216863978	2.43041953569813	5.72672023358033	0.80491781201732	-0.0159519275306401	3.78240321736028	-1.45237880472907	2.93495039940765	-1.22504970704608	2.18573244614968	-2.48926192945114	-4.65455457819888
-0.702376021911959	1.26476361295197	0.0714822257621863	-1.21753999527174	-1.01345218765262	-3.31932403670045	0.789105227876773	-0.442325037076549	-1.0339216233045	0.922873250771706	-0.315490790277819	-1.43711862646636	0.347600691369092	-0.349332768102927	1.25295827187685	0.397517970132038	-0.415597028085978	1.08576270080569	-0.0811535204738125
2.17539723013562	2.04189856130443	0.0523180489430435	3.37611718424803	1.14274223931834	3.42459395369723	-3.08483090429337	1.12385155432395	3.04878282854725	0.371109211256809	-0.898371342503801	2.85095012993533	-0.0893156993975368	-0.662666664667258	-1.07647417314185	-0.683107072875766	2.20759173533042	0.291232699362274	-2.90700378219063
-2.59354062894973	-3.73371764527834	2.57592578045737	-8.48594398795268	-7.98381133735555	-4.35465877135164	10.4715548293579	1.50771544809893	-7.60006382729847	-1.2896314697246	0.572889125793074	-9.29411821529321	-4.12132945312399	4.86971771430101	-5.71935404016562	1.55061658770987	-4.00881578130377	-7.82081969252148	13.4274121589783
-2.37035442417864	-1.07455793945937	0.0404097949502438	-1.44910792614084	-1.25766869905568	-0.381114754574899	1.26604091918162	-0.284073718026743	-1.93616906642063	1.43244618770522	-0.338181453891173	-0.954897678197625	0.664077477028123	1.42521311205053	-0.847316227239679	-0.737932653661372	-0.405418537830336	-2.71055390371528	1.77487582767072
-4.99627720651707	-6.00903971775372	-0.522669416551228	-7.10090318819578	-1.93785922513606	-5.06234105324466	7.26198068569973	-1.57160497940649	-6.9510239864946	-3.1704859285661	3.22419053066189	-4.96561221911561	-0.428583930966807	2.60194047410875	1.01245397433885	1.22612269588996	-5.08789100605935	-0.757451763270386	7.94642088256016
-1.54115533289065	4.73794266784241	3.27903836117299	-0.757084405338951	-1.03688022380557	-2.05346927872075	2.79086046090075	0.697870034422145	-2.29604615054218	-4.65985962240612	-2.60929789099869	1.17278196627763	-4.06248058744213	1.90721257598471	-2.10931028353639	0.578427098983087	-0.48368008786586	2.49148590832996	3.54693728268446
0.707531088457689	-1.58204073960243	-0.568304215259041	-1.47618526838556	-0.587712318514833	-2.16918174340427	1.0056999747855	-0.886065530920447	-0.442800786739014	0.871547931361949	1.17697293789557	-2.79881419440396	0.583450411269771	-0.910142856307166	1.49255975388544	0.701395544458737	-1.3461813395122	-0.307765826362905	0.345895906763705
-3.78223592921587	-5.56148557470829	-0.0191341503392941	-7.3054621563272	-2.87906516056918	-5.07434848975104	6.9426564228538	-1.19515506106363	-5.96797481511771	-1.98420595442541	2.25491416486572	-5.68975369114505	-1.25755767421984	2.28521684680483	0.924739359196423	1.66944584553439	-3.64596061922054	-1.4025076697206	7.58914983955144
3.80899101684512	1.84090776194498	1.83628127833162	-0.0654621949514791	-3.69228959451127	1.7812442657366	1.72124170546729	4.01806349746272	0.751866670117117	-1.18432082938949	-0.99264754790999	-2.02805922873096	-3.6660590818093	0.957296263543299	-5.89031627311953	1.05942919807555	0.776421181718934	-2.57153118048899	3.71390255312615
3.45089987994632	2.09158440105636	1.13038082441991	3.5650331827786	-2.63480649411934	7.03343569289436	-2.11057049611047	3.70593058577505	3.19506142395974	2.37148099871736	-2.08021570052543	1.2349592533279	-1.67569124521787	1.57451479587024	-6.87687290200785	-1.63020022904272	3.74185824034462	-6.59213287101724	0.357246281579762
-3.88190358603601	-0.10053659071292	-1.74545717872315	1.8059602881856	5.2627779354729	-1.96460217204388	-2.62344459136962	-5.25629407252684	-0.308247433648098	0.346756489341576	1.12286852310236	3.43849670544076	4.20002934615832	-1.41447279487708	7.1773628953182	-1.7347048706588	-1.36660996687576	3.9973769836264	-5.30042250260735
-2.25432169534557	3.30081493563517	1.34379180648448	0.214752334178741	1.99599917497997	-3.68899160533935	2.07553032591868	-2.12571882996514	-2.72691037017794	-5.14729120757184	0.284082638881198	1.18387621074652	-0.786028190480536	0.22538268464214	1.56765436257312	-0.0410749905600056	-3.89565500807896	4.57194994047037	1.23586148767771
-0.643529546134562	-1.47200819385575	0.661828426811194	-0.750180747420389	-1.53975079441093	0.865924889362143	1.55247033949325	-1.05378279871224	-1.06380450377428	1.71445349349646	-0.128830140690358	-2.17215918662773	-0.0371100288219939	1.4198875360295	-1.28211652590443	-0.991977854442433	-0.601778092124439	-5.27743239628553	2.35164592292123
2.65804629600064	2.71613056679072	0.271370829394426	3.10277282496335	0.446465797545848	2.54732790624235	-2.68635162472744	1.39355740302718	2.97197019576113	0.548538299139591	-1.00730594359714	2.07049441236109	-0.383488230010557	-0.798093637471001	-1.23433709328306	-0.384974459297686	2.14493721978267	0.40165860736792	-2.62800547635642
