4.81590661369226	-0.628090181188453	2.22162720313189	-2.5067859571223	-7.27639009698539	1.76486931111752	4.94998827435169	5.75962446561843	4.90257437088949	-4.43033691657788	-3.87371017493838	-6.69472047160698	1.66709360690458	-3.90488450260352	-5.20215117677749	-3.12082345785529	0.0197472327021044	-5.10542197562573	10.2496287871761
-4.04788929476652	-5.10997667580052	-1.36437060031701	0.726399768272653	-0.332807261302245	-3.65102810860201	0.67798768001828	-4.13971054582688	0.102839353787402	2.0245207349893	1.01778669938486	1.2286495434231	1.25832157937136	1.70433227752663	1.86803958752622	1.04714046067393	-2.13061924434354	1.91714978024121	-0.564089098382326
11.6816036421748	5.45553388798315	3.76500776227112	-2.78250873484019	-6.2801930449552	3.01191232015441	3.87687536141926	12.2407485378063	3.92252354489941	-1.10712265954579	-4.9031881759295	-9.69018518584173	1.23238488779863	-10.8122935448175	-5.56205299026755	-7.75330919053238	5.49126647583081	0.136519370005381	5.44805941538488
-2.16860776532431	-0.591738061366279	-0.924747545606165	-0.651815523123975	-0.141934642841385	0.52543164829677	0.488785507285254	-1.21628413484758	-0.886965058198395	0.583969257390846	0.259673079198991	-0.551570643091686	0.733277043643277	0.583978168545624	1.30065850156622	0.498310777495604	-1.76418610629054	-0.723313878381184	0.240589495037923
7.16170499568948	1.64152579693223	2.21932582089634	-1.7654026232995	-4.55362842120125	-0.156337627349139	3.13821086040833	7.44199808909801	2.45080964693629	0.826206209998009	-2.82896561324388	-6.82972565025387	1.55738510087921	-7.45465847734325	-2.89458765531462	-5.9311699103589	3.40554016075092	1.71525619596161	3.05730622894809
-1.02665294634203	-2.63367490984038	0.0246221467476619	0.543736007647324	-0.759728949334917	-2.28796395500937	0.631885028459319	-0.885242806717701	0.415601961795912	1.02908566036471	0.299338516681354	0.47311968848739	0.302607602910134	0.0628202945978401	0.158198976255267	-0.127457667493942	-0.978614005835158	2.5090089445595	-0.189826570220129
3.18909493187014	4.67538753528053	0.928889385103007	0.708624893991681	2.700154714323	1.6895208569046	-2.45625975859339	2.50455149385906	-1.2344350263754	0.511883895608927	0.130340544700639	1.20952184104945	-1.78547830731266	-1.52970503900393	-0.344084967143852	-0.630393071682798	2.98299809517061	2.11103757502986	-3.98464808649266
-1.34557497688723	-13.9919592439536	0.762844920433142	-3.35782063908117	-17.056959564524	-2.36154111491405	12.4854225985354	-0.592216442460515	12.7231432306684	-9.94987510806872	-5.63920683131759	-9.4347490371448	5.35028642560924	0.181506462474633	-7.20300731344009	-0.85768090095259	-5.40743052831766	-12.769336227366	25.2048840075395
3.27324922971682	-0.525941939234833	2.10879932538469	-3.10247916946415	-7.48799628350071	2.85127735112992	5.43552980662466	5.53050225893908	3.7852729044669	-5.18370351582999	-3.35505616777859	-6.64441993992657	1.30394912173576	-2.55093070981435	-4.73478532035275	-2.499326147648	-2.2711776961392	-5.77595139051781	11.1603031290054
-7.13575850520388	-11.8060564170906	-2.21043004478291	-1.0792549781683	-6.80854938440603	-4.7610220611439	6.16715326381367	-6.74017877030784	3.84838850607214	-1.77619223308284	0.0542841798147466	-2.47477721737334	3.64085150136133	3.7968661913574	1.20793174741637	1.32491433242438	-5.57418368548391	-4.41850908409908	9.72079790691232
-8.1878262997556	-1.69439441453601	-3.34547450910919	3.00030109630543	7.30952394860551	-1.37485368897278	-5.24383059594192	-9.68664850147013	-3.5211826943396	1.90633969773553	3.85764789894249	8.91579750789082	-1.52139534632975	7.64538672280074	4.98915863567783	6.44832181002722	-1.75771624203286	0.755319618062073	-7.78236013285423
-2.31366108621168	-1.57460444938945	-1.22871439544532	-0.856788461101449	-1.28240775912838	0.227405715344521	1.27512862372113	-1.39909629117794	0.0887654158504216	0.736212231611878	-0.280890560839667	-1.52822152878474	1.55238860060834	-0.112979778452736	1.22722805904879	0.194315173767577	-1.66448178004328	-1.11282846423837	1.32520677421605
-6.50122585018558	-10.8256010139448	-1.87424077755902	-0.739843816037652	-5.86530398549633	-4.56932598662076	5.32670349024701	-6.27886759111813	3.42928941093851	-1.87353411567886	0.295382522213185	-1.60361699558031	2.99962709228507	4.05817323616991	0.945715152788701	1.46265690748243	-5.10022848093186	-3.99856400908048	8.69416774989938
8.51976460867079	0.905281089584918	3.87731727644662	-1.74024684519601	-8.69657171051515	3.53791830851234	4.67869101680007	8.05897931200528	8.5654355824869	-9.02491699950305	-5.61310712252036	-5.90833740259808	0.143808689144606	-3.92005568161255	-9.3036799035866	-2.57185781712943	2.48884892855738	-8.11785452193831	13.8316769561242
24.3282133873152	8.2523640033519	11.0703145620672	-4.68930677758097	-16.7235474112917	8.21785600091184	9.18979456246362	24.9623978843581	13.8844006657179	-15.6493483742083	-11.4591618440414	-15.1892119649424	-1.36928594285065	-13.7704732942482	-19.9736209627067	-10.5951495424829	7.19562300150483	-9.96506982225672	23.9726229155021
-15.4671538729306	-1.22398985708713	-7.71933066267748	4.38912755043776	16.7497777413308	-5.85144624116847	-10.1079114154253	-16.0800591198229	-13.855642995947	15.6381676175147	9.72116334085944	12.7191271847493	-0.55000810994671	7.68810213084337	16.5371638087376	6.18828267259917	-2.468379702457	13.6647818413313	-25.9946430687705
-10.9876870669836	-0.36431613994111	-4.01732583902668	2.4151930445445	10.3839974100691	-1.02696895183966	-6.61397535725806	-10.5315190670456	-8.27776421956275	4.51638395377793	5.83070567755597	10.0109523596284	-1.84873065630637	9.22471838335888	7.74367261325199	6.95163349592723	-4.82288949882863	2.69580244468887	-11.9051664478054
-4.24158198625243	-3.08642211379568	-1.81378658965089	-1.25646862369522	-2.46064516547727	0.541040020529845	2.47382295918833	-2.96497601943182	0.49800285363737	-0.113781236792819	-0.260406525365552	-1.95919747764924	1.92558980252355	0.830382668857901	1.7728648537321	1.00373516650777	-3.16840431570222	-2.46121571527185	3.37048895190135
3.72631542807675	4.44310219371281	1.15275777171514	0.515340462244962	1.80701270916364	1.84148893283317	-1.93671146848895	3.06735231568235	-0.394093990967028	-0.142289325624828	-0.391799212020244	0.591558665629799	-1.5290382177924	-1.83585894302147	-1.11524988106543	-0.83699035657122	3.05657655541525	1.28025927747386	-2.62139710765139
