-7.55543059254539	-0.00704980448018677	-1.97095536989627	-0.509703268827473	-0.102510742919759	-1.84445241167892	2.30889712940839	-0.0469750227466279	-1.98083825582282	0.234461365015781	0.433907800031441	-0.47771708658547	1.91832016897975	-1.83681957357982	0.764365490731543	-1.58804025880395	-1.07155347252152	-0.277905580972804	3.38781810594146
-1.36436075939883	-1.09793346638906	0.060535680338571	-1.09615419114115	-0.586066288982997	-0.207698265011896	1.22595005854256	-0.0728887508691276	-1.97601436970537	0.459781743800248	1.10868049390743	-2.54731067127565	0.182225092363918	0.672585082776306	0.194147639148735	0.655199394424807	-1.89185015020304	-2.42915256328163	1.2591354308036
1.1952378346841	-4.71250056596698	-5.03792468084797	0.777726221191116	-0.0509198903128976	-0.525923149026255	-3.73716746556662	-3.05607893282724	4.6093482122299	5.5637249082335	2.09139309751255	1.98720255635504	6.70524779067104	-2.70436053816449	3.13338584428631	0.168787804352981	0.943783791342575	3.54473597174946	-6.1544442742934
0.242629584196818	-2.3241291482852	-1.17197346549675	-2.16331591798349	0.256009173576926	-2.73539268259818	0.562852077494948	-2.49245511797844	1.48703459027771	0.965922806733073	1.45158214255767	-1.99985680244816	0.839782714324531	-1.04357944843018	2.14922053089272	0.624476259958768	-1.1064885224728	0.774317149449343	-0.0657367545572924
2.15198539726124	-5.8284643287405	-4.81313740074536	0.588326395893425	-0.522938983368366	-0.727214146439579	-3.04097601755678	-3.90335352152768	2.81812622426767	5.63358252759928	1.75659141930361	0.165559216490962	6.5159846847753	-1.78032310333061	4.20260212642424	0.798927422136003	0.568030537224988	2.22214634719974	-5.86706258710987
-0.703096481592979	-1.20484289352865	-1.76427451401732	-1.83332673119213	0.0491381889771745	-3.84376038483402	1.17473127982286	-1.15503940127313	0.522531610395191	0.526207640363426	-0.381923849876831	-2.82090829043742	0.890362932082095	-1.91385085919045	2.56738929055909	0.444755568525736	-0.205597064529304	2.07113775893537	1.00860881615402
2.82389432789244	0.683730044482434	1.04072074338487	1.44486838199983	0.901878335654803	2.77191835550884	-2.8791842847276	-0.258525400063335	3.65311404417244	0.161382399491826	0.896514561419373	5.02318155855111	-0.154890084677344	0.529980248168743	-2.15693196569304	-0.778646953221623	1.02972684504583	1.00762406271512	-3.29227606952577
-15.0315925798722	7.32783691932852	2.01211996098634	-5.62449635823868	-3.16551012431124	-2.70838920024475	10.7508501189675	11.7098190485758	-12.4577598279331	-6.37300855971037	0.871701911388878	-17.3073600394667	-8.14303317845732	0.656043372789291	-1.52545622945449	3.17376009961248	-5.55487062713477	-8.47796714486966	16.457038874873
-3.35179386492898	0.463927196213593	-0.531617204911907	0.441338117079512	-1.79208626438224	0.292858436854949	2.26177068770482	2.92040667313304	-6.05786098038636	0.00378280081599947	-1.57718051941161	-4.6672655959144	0.278214065411447	0.777498829196134	0.444410939929359	0.803314780548312	-0.849374258861232	-3.04381100199433	2.93914760092617
-7.522020397054	0.145243470383129	-2.22044983702349	-3.12038192485251	-1.75437632302954	-5.38162491372034	6.34939507978495	1.68129514082832	-6.78508761580079	-1.55839622300478	-0.99959880542802	-10.7188044746079	-1.16870834709015	-1.49688832017985	4.68553430964355	1.67384594542998	-1.44378816651874	-1.64977284973511	7.88391469160367
-0.444923464698448	6.56227025329359	4.58421559203353	1.62063027001916	0.181701909277997	1.17917751074184	2.3636293380945	4.68534993334684	-4.30162427977824	-5.69923664988515	-5.08573270573891	0.878364853375587	-5.9374765455179	1.8898090924915	-3.85251539754275	-1.23291982981457	1.61569159022563	-0.878673851250025	4.94606701196006
1.93051345311888	-1.6632390470939	-1.14033401441263	-1.12775553099765	-0.648475607878847	-1.95511639954208	0.323291875989543	-0.462163297896996	-0.563526893483511	1.07604217341986	-0.441863609967017	-3.78016773996441	0.680236945855838	-0.497006235543532	2.06085967950792	1.7156973873468	-0.192735022776713	0.49489323887841	-0.436911870956545
-6.50928295093172	-0.102505548558817	-1.76443150117735	-3.77643543560472	-1.80272303924073	-5.75176642640845	6.7263341160158	1.34292328582004	-6.89696504856106	-1.92632277262022	-0.768905778713066	-11.9507276054717	-2.03574454668805	-1.11067159494254	5.0622334108716	2.32075505092171	-1.71268514454041	-2.05544862648397	8.15369025738449
-6.08929496573443	9.62878292095692	3.41663681605948	-1.22011213864478	-0.215864387101111	2.37189492878645	2.00665941653819	10.9624858269789	-0.72400421947119	-5.44863854377591	0.580613200818894	-2.33299756669985	-7.11712214223209	-0.181376185370315	-6.71378074779498	0.425818182792471	-0.871399989144368	-1.41345594657398	6.402002615389
-3.06998356159866	8.27304962361242	3.13246203141875	-0.163176776315296	-0.284484997851305	6.7956313764184	-2.16880445848467	11.351877241289	3.19310387226984	-2.77119562399728	4.15545922171982	0.729103602694053	-5.41361667120553	0.777492455618475	-8.55017158993098	0.98384739465746	-1.36392531754218	-2.31001985974181	0.959374753776572
5.07539505772344	-11.9051877854154	-5.02744602311742	1.86534357135826	1.7585565937271	-5.42637058168895	-2.0043079416161	-16.6126957448892	2.74247230497624	6.1211618233727	-1.94733333324777	7.2147784749247	9.99279107450179	-1.72477577513727	9.18442654244615	-3.32309874822387	2.2435552565721	4.96324264078023	-7.13026242172139
2.35482047215508	-1.29217962905035	2.58001838863066	-0.135067154362435	1.45790713210932	0.0235555465256354	-0.076947098281849	-4.44533537891819	1.05837812993468	-0.992271612352454	0.0584596476321622	4.42262333388371	-0.861946249055393	1.5518416979588	-1.16701346124783	-1.77322971685861	-0.878508916506375	-0.869487818321685	-0.51591989321923
-2.55493391676267	-1.75138717327265	0.188851737131763	-0.875883525780401	-1.04034144183897	0.0213604988076028	2.3330288707958	-0.688861088118117	-4.4428632959408	0.279404146562664	0.886919722788475	-3.58274545130206	0.195316765788867	1.49540425853378	0.848845210091252	0.595376697986293	-2.35835367973838	-4.22297771318207	2.37373529512268
3.1393251294556	1.15321116731484	1.60664899449536	1.4178176965422	0.660983399060904	3.61269048894743	-2.93814928078703	0.763378894574251	3.23039046216879	-0.0195359732641016	1.18468388382102	4.45281164542226	-0.773650100106241	1.10790384106285	-2.92128587294185	-0.332948644251664	0.679110745960845	0.103185754533124	-3.20401383083194
