-2.95959682655716	0.35815138444778	-1.10824173548237	-0.793984810802437	0.49426443284124	-3.39541101161064	0.966317986727579	0.216455404791514	0.0815716504775141	1.12315523932556	1.99846997214994	-1.42650220531387	0.830312417654035	-0.758364964992312	-0.811536142456402	-0.812216306903906	-0.858036718377086	-0.322484298198292	1.14652087226602
-0.10067952826038	-2.11714825077425	-0.108183702622419	-2.6765398245236	-1.12779107320284	0.238257642893999	1.51015484342946	-1.34798332583302	-1.51433509689577	0.280258927792678	0.667483185492004	-2.60818750640355	1.13749308366638	0.323178549842825	0.329454869191742	0.244523745625618	-1.55204900366963	-1.006212683136	1.5347953244075
-1.17588069516601	-1.76846692153715	-3.645984564667	1.9220137806521	-0.529258021028092	2.15757118369668	-3.70955639416775	0.685209512698362	0.811409233618663	4.33977094363047	-2.81371029459951	2.30572400565354	5.70988753857202	-2.04242284316942	4.44067750680966	0.384944476225257	3.56099569617812	0.421689141064766	-5.84254543840517
1.10686695844199	-1.65256047424367	-0.716972824759584	-6.18166573043125	-2.53356999520508	-0.292705852763217	1.7499386999321	-2.48748070571202	1.0789099596565	1.54746525743347	-1.61926774853671	1.08212078066346	0.83843392495484	0.778256743150417	0.694814001873964	0.611536351469315	-0.637713234115605	-1.6404051227683	1.30824724394114
0.299719678819911	-3.19985918479833	-3.69184761255858	-0.287368187918773	-3.14668905870206	2.57108745198726	-2.02270645806694	-1.0264934848082	-0.147965362512174	3.49330236230289	-3.6791243441549	1.8169541065424	6.87371795555174	-2.62763818023057	6.28166244315924	1.07317959301905	2.42750884855175	0.971766210765999	-4.57955929140546
-3.15004616809152	0.524989319546788	-1.17704862180282	-0.803532254073508	-0.0280480010401621	-4.76802158986218	1.48164461491552	-1.16254035524844	0.433445036381528	0.904832081619837	0.314023438949799	0.974390257101647	0.869457820268157	-1.30523032274561	1.31968245524946	-0.700733905812382	-0.813336605562245	-0.171573845112798	0.987593311903471
2.04944190589977	1.3752383379185	0.786846489546462	4.87138623937294	0.988543464680887	3.30056961446449	-2.80588571278966	2.49104974858755	0.167040162693308	-1.23813036567797	-0.944824685096827	1.03386370685721	-0.44709436174897	-0.604507038339121	-0.251431162467226	0.330038848211784	1.70239839746486	2.11375063595331	-2.75093727491043
-0.153775248543657	-0.535380743821696	-0.422169945002107	-16.0013664659752	-7.26995395901994	-8.66023343293543	11.0248398159357	-4.07620324104241	0.29009534117656	-1.72051730508481	5.95118054011345	-6.32465153714651	-0.881516584018104	0.0701581933663348	-4.85934469503589	-0.2600439946952	-7.52091928285852	-0.529358506099286	13.080277483822
-0.885997804653733	-1.9740356464009	-0.618519200914935	-1.77719446035721	-1.84834079502916	-0.915162537490442	2.26649569106092	-0.852107279625851	-2.46608026724753	-0.455686589930115	2.1077289901808	-4.41132336729851	2.22595659070916	-1.08237075557537	0.573134150184768	0.0321300544269014	-2.34556898075256	0.400715765739372	2.35608096090971
-0.465218685269667	-2.7898044396126	-1.48830624399919	-10.7005802057158	-6.33493846949711	-5.19898225519036	7.56033332153525	-5.08765250044299	-1.13895047088217	-0.493455638377565	2.03202070037241	-3.37797673328432	2.11697391141233	-0.758649151985004	1.72986323452704	0.309585772506603	-4.40330557017327	-0.564760678898641	7.42463775254428
3.68555854547826	3.449115177389	3.56424417331465	1.83129397946566	-0.477008932599148	0.0834517399717271	1.61869984680058	1.82963230670865	-0.100804243892227	-5.44686767378024	1.29032249095031	-0.744972827903869	-4.5225891075953	-0.254790547330607	-4.04331867389979	0.235109748024506	-2.36484065640275	3.21385825668352	3.44648111835927
-0.178089838376899	-2.64768157943764	-0.405187944078697	-1.66493640900337	-1.06598636468492	1.00434726807094	0.866712586760997	-1.35182848190641	-1.96033055613005	0.448620722192986	0.258805973036992	-2.734424402211	2.01002086375418	-0.127783831240658	1.46535761123215	0.322663135038517	-1.12571828001597	-0.741960481268866	0.53453088811444
-1.35301094945895	-2.49590120433999	-1.1460855187124	-12.1774487214784	-4.81390617860522	-6.00604273999126	7.55074595485331	-5.70426440388216	-0.0535188691452775	0.465418289637536	2.12390073725006	-2.16588404342075	0.119061960321035	1.256070718022	0.460081167437397	-0.105284815014698	-3.90326039416687	-2.86081000976144	7.73391766497277
3.61887723183136	4.52851243004159	1.49613137174277	-0.279378780592832	-3.44972291272398	-2.0184234119952	2.87184650084257	3.32951075457405	1.02773919350659	-5.04503791791392	3.13231712115154	-2.40151309497239	-1.84297864072644	-3.08263119797326	-5.09925014201258	0.150375712593619	-3.03224105584385	6.11804550163966	4.83272081575983
3.86127847205158	3.44086089182402	0.213868131248059	3.1541591402683	-1.6539247621285	2.72736863986541	-1.74197809974551	5.16576572023232	1.34243518491299	-2.45231571787817	1.56148529864683	-1.2820160255104	-0.0823374571413759	-2.36238204224191	-4.09049379197938	0.353892067749775	0.625179675434821	5.28357423817875	-0.562363072243281
-3.13039180073413	-3.96311634252286	-1.21962062301973	2.31950987322685	2.6108781998725	1.23327131650467	-2.59425786632413	-3.8572994523076	-1.38938123668295	3.59866270986558	-4.70174152191339	3.99626654975182	2.46975124606181	1.19288731356768	7.62775446266762	0.1245193549562	2.70225852074684	-4.12370787284407	-5.2161848694322
0.828597323321575	0.057293151017697	2.59942731776531	3.75802517799662	1.02788171047543	0.569115149896764	0.433248930620345	-0.564270481164342	-2.51228534299758	-3.39798373101606	-0.626625790388963	-0.65904620210721	-1.78361688820197	-0.299759859064952	1.01072078551275	0.188794173762769	-1.78470232896206	0.912256505171214	0.647952809266917
-1.45605373665795	-1.51263951755107	-0.351015272731604	-3.56867970195273	-0.10228250214334	-1.31363588779556	1.63365549561167	-1.44131968129062	-0.560309167567495	1.16369083301923	1.31013787222628	-1.91859291017431	0.0687198812375184	1.26994583342005	-0.746446743712439	-0.280905885667468	-1.20593670629959	-2.29079331699654	1.8986109904465
2.02965096512365	1.71381467394374	0.781865296573607	4.77283222084422	0.834363848754981	2.8818491067266	-2.57678443442146	2.74942133138712	0.293930794634218	-1.38279202400721	-0.63883888815384	0.847316567093862	-0.461212625876943	-0.860997028709376	-0.668589651834606	0.287889626122726	1.45555727053681	2.45573935160388	-2.39212455757268
