-0.14424535966214	-0.438305763344371	-3.45375567964899	3.32667829053444	-1.01031654278238	-0.891182655595092	3.84725761696801	0.788420798467062	-1.53336911249698	-0.569288914013867	-1.46498313641026	-0.282567183369585	1.22811483820103	1.30838439072104	-2.58841796331857	-0.758055086136962	-2.84114599920557	-2.23441904982233	3.00477840107951
0.886422559881893	-2.54481366082529	-5.65810092926752	1.10199114431113	0.267331804761134	-3.72882487698214	4.93196594154742	-4.39677622726591	-2.00438525471363	2.48759133174514	-1.34538687877764	-0.589749057915899	1.96154156019404	-0.994163422289315	2.07968821355149	-0.689322744014834	-1.52069985185044	-5.55395857620515	2.06147073215888
-4.55710939406939	0.862404404732303	2.30766128633874	-0.997576709822635	-1.47189936471067	1.26930587487517	-4.62403895964363	1.8935826904319	4.53062591335308	2.84495366212894	2.63724542093205	-1.54490716858358	3.64528853287518	-1.74785198357999	1.8068878857767	-0.565871819502554	1.08773345255908	3.43662581562444	-5.00005141129339
0.486729320687366	-0.2292555494158	-1.42439737557648	-1.00032411502372	0.0900378870834202	-0.510983292960945	0.524005286183205	-0.370620621864098	-1.19058632540745	0.937037194869592	-0.0913622275087498	-0.0648879736543861	0.947164166675225	-0.397202231143786	0.597971561826193	-0.0184788041111399	-0.707325618497696	-0.987796193698737	0.166331133000586
-5.01647622422788	0.279990683748167	2.23112886508383	-0.30973468943613	-1.65800674989735	0.556968349951006	-4.41572824912487	0.591521275438708	5.55094160740283	3.2742219697176	3.29811977758695	-2.10212365451678	4.67276484037158	-3.08127838368501	3.29839224400072	-0.725176478073738	1.70101974966207	2.05498632490995	-5.88347989001969
-0.282748275446137	-1.1105378757842	-0.634819071670117	0.0625079739728309	-0.142750002419616	-1.64884787579598	0.217785881830634	-1.07817727769632	0.978593459722265	1.87463616935536	0.186844727324123	-0.5625677401342	0.900136037559625	-0.884225487206172	0.755047015950604	-0.417584416635911	0.462848163093844	-1.10151847819983	-0.691334739807276
-1.16830677294493	1.78857921627588	4.95051024820487	-1.31654250711475	0.113648413492021	2.65802297176644	-4.78748470722798	2.26599089521936	2.80764364025898	-1.03053261967109	1.33458780988536	0.366716188103993	-1.40026498241846	-0.16778441242626	-0.169475660770003	0.601729525757721	2.24405937707715	4.58002976663865	-3.00194827265468
9.00368389708235	-5.76693164255319	-16.0508628405765	6.42668773605897	-0.988576134324654	-8.73368144687325	19.6499821514467	-2.42774675331178	-14.3501011284199	-2.10284585523772	-5.96164185424484	0.253340000989358	-0.45988335522442	5.80081301693515	-7.72229536951287	-1.94610242249014	-9.32671102916657	-15.9046139479645	17.1979894386094
1.81780430019329	-1.51383079205105	-5.19464737137491	0.889421412667974	-0.466005608810222	-2.33611938842693	5.01004932695706	-1.17883311008762	-4.06312640863249	0.370192972943872	-0.93380795425938	-0.408129767606541	1.80614973211806	0.328810718371435	-0.393769872716856	-0.563639476540979	-2.92699083116666	-5.06100187878407	3.57489084351013
3.22152236305102	-4.0140802388193	-10.6190289563642	3.35175053790433	-0.769786307329827	-5.62035365938577	11.389204841348	-4.74855476719864	-7.05425453823279	0.473664014732336	-1.82779852379264	-1.00875491562233	2.79836447738337	0.703351501356163	0.472365727867221	-1.31990817366484	-4.68980386487013	-11.2115316930386	7.60540293510506
3.28821318038817	0.619051002170849	0.141096425060624	0.196977311703449	1.68999631169298	0.811327938443597	1.72808224479698	-0.0159749601378536	-2.97268583502876	-3.19518855877635	-2.84965990684534	2.17206863618601	-5.15548731219384	2.88839725693015	-2.93188288473172	0.852291668639818	-0.35105097643428	0.885300192239498	3.69620173486494
-0.469351751769109	-0.978685610269964	-2.65312055626067	1.10696565817308	-0.24642503164118	-1.48352710504524	2.03061474024617	-1.85173424620529	-0.225200810897847	1.32262778978867	-0.311085867461752	-0.635526117795354	2.07263626145624	-1.10845889721757	1.30070779796134	-0.439649277986014	-0.949347919668898	-2.67105659578032	0.223197086184007
3.57910155408582	-4.40918164502633	-10.064904722657	2.37393863810521	-0.224893713329025	-6.25766007039981	10.6329815830594	-4.96289501936237	-6.44369529432347	1.60753611410456	-2.43651096886451	-0.543807278329124	1.04804620555267	1.61202025130962	-0.0968418904202366	-1.36720795706316	-3.66133861056209	-9.72307664500975	7.55322808686207
4.90609005298418	0.406703628478896	1.18074860539424	2.50731588538445	-0.917168842289137	0.318184488577371	3.11416319248875	6.03370451795744	-4.52183160941544	-5.71756514645856	-1.26248438890649	1.12156952386055	-4.10239341231559	4.31652035297486	-8.74780717867118	0.0732826816868886	-2.27206041668794	-0.951546144812962	6.47615510897525
0.755748674338387	1.85149822955019	6.35834644020932	2.69872715672511	-2.24265406170064	2.41066659319929	-2.85609388018929	9.40617288681466	1.58645432908419	-4.6769779388905	0.894376360758045	0.295396203130032	-3.40303944113573	3.77444864233812	-9.32995784536472	-0.353833829875001	0.202342630621402	4.80334712304472	1.55269736971502
-6.279320288854	0.322946170859845	1.86313026248979	-3.86768751262642	1.39332950610272	0.905613968718139	-6.64811017872225	-6.67130855265314	7.27722650662678	6.23098372657936	2.54596680151845	-1.24089528582734	4.25294209121549	-6.13505694543888	11.2070481715536	0.423711226874876	4.46804595625856	3.07515599946084	-9.98940925227373
-0.330307079518763	1.45474642943083	0.91416108026749	-0.745981359622853	1.63471396501606	2.01781554033045	-1.55483970780088	-1.77346648666256	0.465765760846629	-0.803765338703421	-1.26540566034822	1.16415517645671	-1.27268452216428	-0.788061230849085	1.89035351569908	0.987502621940459	0.593260817047849	1.91769519532093	-1.48772084325131
1.91882605288112	-2.39510948133561	-4.85862906495007	0.946675354927752	-0.114197816032094	-3.43635526321083	5.0199216960004	-3.02834902496937	-3.05678304870345	1.13697048366029	-0.603555269452459	-0.710622620376981	1.91468080762844	-0.895852674083228	1.15766946161438	-0.5496384116105	-1.80202669780472	-6.22780324663243	2.7470154183951
-0.869318257994898	1.75822888276486	4.85492492804193	-0.891835752038028	-0.0254268873911997	2.59185353401844	-4.3081438818417	2.76461952348567	2.42332552564815	-1.43377891917168	1.1707059281603	0.380180004529131	-1.52119542335362	0.175813740565827	-0.971425015077742	0.562223885107077	1.86236561934014	4.32289902502576	-2.36170769245668
