-4.67210541969499	0.338379978194165	-1.2803404802019	2.25905740826167	-1.89054873645763	-1.51201894865481	1.86059599555814	0.00426056303572686	0.195072485214139	2.11770206041901	-1.08592895864335	-1.16489553585744	-0.477110265267566	0.445556460287849	0.484721365608705	-0.072544448468987	-1.52068330959866	-0.817454339266197	1.38268693856141
0.805475717013362	-1.70154793209704	0.419013258899863	-1.54972826576033	0.861012255981617	-0.594665167145012	-0.360353655391137	0.0617967748873482	0.791671218422507	-0.880013803455965	-0.0646546314371061	-0.382563699993215	0.982300575908496	0.833465137902644	0.315416438638517	-0.65465407136093	-0.740370918661871	-0.563308065376032	0.0291588907407991
4.16720026503175	4.70814482215627	-0.0136282267348662	3.26327150196598	0.744413020002355	-1.19721456392821	-2.66435029698289	2.49228343982306	-0.609880348774031	4.45288164347127	-0.612057286781251	0.730573454135587	1.53241121902502	-2.12314613723371	-0.0179521261215072	-5.40873961187093	1.34653433961957	0.123405241008658	-3.03817716324112
3.3936342467921	-0.23271806441106	1.79940574049715	-2.29767364169642	1.57992295038477	1.39829677577158	-1.84521153226761	1.54003991894345	-1.03769562354579	-1.23461833629207	0.849590879589449	-0.368174773041737	0.963886410522854	-0.146418359857096	-0.391314749951729	-1.27138359878153	0.406796224710213	0.731576830660012	-1.43104423141957
2.35610096021217	5.50555795450933	1.00805730719152	4.34260680275476	-0.613481245286145	-1.08778843543223	-2.07950020685814	2.97840325945702	-2.510915720184	5.27715305618628	-0.00989456174155734	1.63495779053611	0.753437992597576	-1.60200837204944	-0.302505099675638	-5.41301375537217	0.140729281606184	-1.05109050628611	-2.79132475218361
0.713976032915498	0.682166889336175	0.618016722779954	1.48445362578238	0.834743515225926	-2.8292699461851	-0.609026107704167	-0.204192986637666	1.21340983294209	0.923122481645306	-0.0735291223704486	-0.456539542164634	1.09182304140401	0.141473597101382	-1.08282733942257	-2.44624252514353	0.894627491380502	-1.58090673476846	-0.31948757670343
10.0068887799163	8.63795658034739	9.11778722150537	4.49028129284324	4.62521711257971	2.36992238617034	-7.52958234022414	5.25083820822206	-1.51617684734251	-0.74263380846584	0.817391662935446	4.10959546948907	-2.23792404605805	-1.50226249613957	-2.9071502195395	-7.70160400130367	5.77352804129701	0.0448158223944546	-6.99009234900779
-8.87412769073801	-9.08542437556748	-9.96951520055703	-3.32906729505356	-3.43425896550327	-5.31093146846499	8.08058508092323	-7.7914928967509	3.12317323125794	0.745268642395118	-1.61644735732589	-5.33700982309682	2.23614678060657	1.96600115710104	5.15242373514634	4.52773124679907	-4.65932226208689	-2.23227567007845	7.7138058785415
-0.662511111938578	0.357817714804215	-1.36164576516807	-0.445633727591684	-1.44346379389539	0.181154973303332	1.79427707322579	-1.11843153442853	-4.59469592215408	2.52954228469691	0.677555110892545	-1.60486154577856	0.505892866122691	-1.25017098438506	1.83331609156475	-0.816028566625214	-1.85604416018587	-0.973775004577024	0.988000773874798
-1.90656397940146	-1.94592935096564	-1.7079584620251	0.00203103732126619	-0.15487551446966	-2.55520164295264	1.58924141809164	-1.13677719455315	1.54858572582602	0.468422752040036	-0.798503298492757	-2.37205348981716	0.764504084838946	1.40362688865757	2.23790276673322	-1.8767727722446	-0.886806365380459	-1.47709795712279	1.68998295724669
4.61170573911934	3.78405095397576	5.87033425325936	2.53555254569171	3.50655122652346	2.37596259036087	-3.54567809671603	1.07485099699402	0.645957830011913	-3.1641562636283	-0.867248837335236	2.60774932389926	-3.70550613406588	-0.378588710692236	-0.49656734889232	-2.40767420976958	3.66500334526192	0.101569941925192	-3.10013932186969
0.274789752672895	1.07582324022325	0.81872737922518	0.219642537434664	1.526147956168	-0.598516731933206	-0.112048697200482	0.61537952949463	-0.912653904812784	0.640651842971153	-0.479471997700575	-4.54608529520292	0.679926299271319	-1.05377310678216	0.0718392724603092	-2.87690495853395	1.43826066137346	0.487307521742832	-0.001284964451024
-2.28322007275654	1.10543624240136	-1.55579551458968	3.21557073989304	-1.04521828420574	-2.09597415443222	1.85369051850343	-1.49073728866172	-0.171924036499791	2.64358415253013	-1.55846772537137	-0.705639605813591	-1.0384089915296	0.185589840342109	3.18821705335755	-2.61255798781816	-0.948531223553776	-2.08872840132664	1.18006715756256
1.21527658056087	0.661315640395424	0.220819609171077	0.128118887118088	0.942153798357225	0.82470211511254	-0.239277653758906	-0.923554705197119	0.0103495615962461	-1.31296972616423	-0.130010510652472	-0.835359048066067	-1.19974597780326	-0.722218208098679	0.444823408531928	-0.168409665943939	1.98056624838141	0.721819228293115	-0.175028092435575
-1.08948800117929	-0.192493940090618	0.261055739079087	0.0788753877447954	-0.167212803083418	-0.845181648291069	-0.39456766003301	0.825043852150734	1.69001746279079	-1.36149373243636	0.987975539847754	-1.10143118021449	0.165224022285859	0.8769765594976	-2.34281701995591	0.288112003251168	1.888020664096	0.590789727969375	0.109228454671007
12.6939932412849	12.4862381069018	11.3051333770486	7.250988793834	5.75316192644034	1.06770886150623	-8.73590734321971	6.15935347404962	-4.61827676307967	2.99202816604269	0.474350587681691	3.76112875467285	-1.41762600763563	-3.29586986573992	-2.64014148086997	-12.7250766873609	5.80638376365994	-1.84090288231785	-8.64590325463995
7.26245488219695	5.54495018779069	8.15579542861909	2.1768567918551	3.19240911954296	3.6379432681463	-5.33930639732506	3.27198578534968	-2.94271241667136	-1.70425065992721	0.625701414571001	5.07384934358737	-2.87225811158996	-0.967156097921125	-1.71075936351291	-3.69569538646052	2.30485257497443	-0.561084112863273	-5.12414106538897
-0.764904184850181	-0.715105508423907	-0.167375982605336	0.838969699394718	-0.262805203621616	-2.60632621328169	1.22643945864226	-1.97623309508947	-0.551892357886171	1.14922234103652	-0.133855091730925	-0.00349288860548214	0.435568851121388	0.605819737763425	1.09309764093444	-1.54465919635563	-1.38464281259256	-2.99596688155681	1.08688759234691
9.83349058559572	8.99757238740998	8.75972105035443	4.82754957950464	4.26921700794772	2.53127735877828	-7.26943900012091	5.0457870707389	-2.08234747932552	-0.165112959703471	0.704499869925996	4.31616577225419	-2.42873464418173	-1.82919425775343	-2.52773815589569	-7.637917042348	5.48939037895131	-0.00566840750665598	-6.93813197929276
