-1.95154454884252	-1.33106107995319	3.76822023359258	-0.427106145181003	-6.54977929987667	-2.67005831742009	3.23034211438607	0.234450226484359	-4.53186896449563	1.17089820681999	-5.90698455858909	-0.104521731390129	0.418335182149102	3.95523076495872	-5.42918576870169	-3.80282287904627	0.875742794962408	6.46749542272969	5.52028452786863
-1.85249133222624	-2.76283555012603	-0.776811965081198	1.29974920995878	-1.27056730129848	-0.520058503597231	2.18012286998488	-1.09727730645035	0.688257821892229	1.19559851388169	0.850082615254843	-1.63683172692935	-0.0750832825903993	-1.10242679665839	1.37619414763183	0.456184587378516	-2.18351899126431	-2.28113205295601	1.04063379237098
-0.148966648679331	1.5220141415115	1.08234059085477	-3.73052302430323	-1.80427104026797	-2.43203307917847	-2.12833191180865	1.2115125224661	-1.8428277880193	1.90287441197189	-4.52466728940045	-0.716253803231098	3.97035729743046	2.88292987472893	-1.82531626384971	-3.24381671096388	3.15900162579819	6.30953634256742	0.165403929497593
-0.27833642244879	0.858449042282068	-1.17441303501559	-3.41217392546902	0.866485382244435	0.781569066050426	-0.827857249798348	-1.80541153367516	-1.6270115871847	0.377978111338935	0.551534456379043	0.674283796417918	2.18782649143854	0.331544793597191	1.22103571940841	0.317375355640812	-0.282668195311132	-0.582344631886745	-0.840585866021349
-1.39415079436221	-0.104391923149922	0.291434403061609	-2.89842669678064	-2.57616457265384	-1.54168298051601	-0.758453742021336	0.0713756753851291	-1.00232296134489	2.62305825481397	-3.68014282669999	-0.402445719866303	3.59512357863516	1.85436714271725	-0.18602705394926	-2.8387046590164	1.61781527759846	4.41573954753107	0.318588542346649
-1.45015784953103	-1.80977882888603	-1.46585569063309	0.862089729491867	1.487463861552	-1.74560680331782	-0.227737009442363	-0.370543552315881	2.30761043750393	0.933082543466992	1.71831986751152	-3.09536181016304	0.719167196673389	-1.88657673790543	2.34623366613628	1.02144623897586	0.0595542743137445	-2.34470361737798	-1.11880627143939
0.12656753352505	2.08280405388071	0.790729407654008	0.145823706615239	2.30871572806642	0.354077460431996	-3.27219182546136	1.62203927546055	2.15480461282605	-0.288300151456009	-1.10777190288888	2.30639971986996	-0.105829142671932	-0.711374940640541	-0.341794218651893	-0.496063890640252	4.16332629254118	2.41577072089676	-2.90086177964471
0.796006157073679	-5.11479604132397	-0.488973340176101	-4.03947898804717	-11.0405009983821	-6.08605279104208	10.8522700519396	-8.43924341798164	-10.7664612310206	-0.405504610383845	-1.26869733397446	-12.0885051784654	1.99573981247556	6.56334342882067	-2.58079809033705	0.670618548131232	-7.12278516927357	0.447314859180209	13.462756158751
-0.44348981058587	-0.8553546891826	0.184605782207142	-2.7472964620167	-2.99537383040582	-1.01262988671345	2.55400226751084	-1.78112053744081	-4.64851147126891	0.33543277366253	-0.816375833662987	-1.44425266432886	1.54381506922468	2.66978654028367	-1.2404572097272	-1.03365751745214	-2.47715394593141	0.448568417253684	3.50000679286569
-0.614043452047625	-4.89533470714283	-3.66751255587381	-1.40768810114662	-2.88306142400903	-2.79484092187003	6.11544335830087	-5.58988748925437	-3.08433801193939	0.285442427796715	4.54341646612313	-8.73497460959587	1.31440539609391	0.76960826924579	3.9705641771811	2.51717631735393	-6.71000920328227	-6.57608252280756	5.12656867477411
-0.2613948585317	-0.516236448797325	-0.810252334545444	2.82040059838396	1.95702867317712	2.26154797658698	0.162019006023198	-1.41365559810985	3.20605406212306	-1.16445243373156	2.46231687505091	1.63766007459609	-2.84814187199625	-3.16522970951248	1.94218912428935	2.68975718956995	0.134067575014373	-3.29742641155684	-1.7448110435499
-0.472194646463009	-2.15535724436538	-3.37100026812853	0.269321735298263	2.67337980342378	-2.48703800704976	-0.497344748479437	-1.39159760296919	3.16644657361263	0.958997043242219	3.59735798342267	-6.17143462163357	1.69288156037614	-2.71032179753112	4.40595535135784	2.62133951101095	-1.02424001756853	-4.47185292818109	-1.75761079496786
-1.19228845454784	-5.86020867826858	-3.07257957641317	0.758011879333769	-3.74142521455378	-2.33106687101527	7.09854846929441	-5.0136819085995	-2.02383422101208	0.413259644477574	4.32058196206654	-7.9482189447651	-0.160960383292606	0.158599643857979	3.69435506368818	2.34041782609369	-7.1394736907295	-6.83240127612867	5.55530875491245
2.02471114807833	0.557284114757227	5.69854125805752	1.10711345259656	-7.85577565796379	-4.25294280964939	3.62500282630809	0.752292545407935	-5.51243408231726	-1.75902199066716	-7.56061852725875	-2.39822461399333	-2.0948970147842	5.80343180308703	-9.25385737542495	-3.08568712860271	2.78612055250065	9.93090314958912	8.02640819257442
2.48865996184906	3.02247429718419	8.58416219321084	-0.406339241620781	-9.10061946013857	-5.43539977606278	1.58643499464856	3.71473935254077	-7.59766360522587	-1.71024297580869	-11.9914940542873	-0.261174130137118	-1.16997389452299	8.81747545429012	-13.3489475817678	-6.59390450664048	6.38056202054103	16.327128659129	8.42797169927979
-4.63714604349653	-1.7743562801276	-6.57757128812882	1.60383855263785	10.3780883238671	6.45543978840287	-4.81793013807555	-0.282337157254481	10.2519510260355	2.85095684933171	9.25800359492382	5.51781406410732	0.880130166712982	-9.61762246783809	12.3447424994785	3.87733754142555	-2.0252047402195	-12.8168758682369	-11.704568186362
-0.147734822422257	-0.0334746509486293	-2.09847929781149	3.24432111645799	5.03700041995861	5.03570580843918	-1.49087257994164	0.639553459050092	4.82242842749105	-0.630552881065107	4.94689792815485	4.49628382572364	-2.77768500554225	-5.10941707468272	3.84847611134728	3.08725480640604	-2.57672149658418	-7.12380332395956	-4.97424402128116
-0.29732367147169	-2.19113564467252	-0.211508764580648	0.341529252194849	-2.3963252722316	-0.921456057316943	3.39496057120016	-1.04579301117452	-2.34198943719519	0.127240575521315	0.804685809636453	-2.50487248930715	-0.253350718923166	0.942463384900716	-0.42089702202831	0.165844769534946	-3.85390955757213	-2.02027629540769	3.29195834899107
0.113880517170919	1.84879795098401	1.58864075480734	0.422791486199639	0.762561474385004	0.279209117854027	-2.3262303963005	1.68234841188583	1.26502147296342	-0.235228789878802	-2.20871587335029	2.58935489213494	-0.447378120507467	0.0469926833677868	-1.53940989605193	-1.08694099260656	3.83639881977864	3.50836708746537	-1.60648708286202
