137,159,107,216,48,245,352,60,181,83,146,187,51,328,331,199,12,286,282
212,188,26,241,36,158,334,222,116,34,87,118,110,336,359,101,123,149,351
200,206,61,214,143,54,299,185,50,132,223,207,108,39,360,150,17,329,358
277,117,85,136,57,226,350,227,204,6,129,178,125,312,357,257,53,65,255
152,240,63,306,31,274,315,172,144,97,75,294,115,254,348,89,2,283,265
219,102,114,198,47,139,326,239,208,21,165,285,35,82,361,79,70,307,338
162,93,56,205,84,209,337,264,105,166,287,244,170,192,183,18,155,211,260
40,225,27,184,23,177,320,29,141,157,78,335,106,317,356,68,112,323,349
168,128,91,182,86,153,344,62,130,242,80,300,111,232,314,49,151,270,261
310,298,44,293,41,228,321,67,131,135,46,266,55,173,341,127,59,247,262
279,133,77,276,104,252,325,147,231,268,3,311,32,304,302,119,8,236,193
1,99,96,275,28,186,339,148,272,126,169,180,42,309,340,213,72,267,342
230,269,90,322,13,284,297,92,171,215,43,217,19,355,332,121,22,248,124
194,347,74,196,134,109,353,318,179,37,66,229,4,174,346,250,9,154,289
303,98,142,197,7,210,164,278,202,161,103,189,140,176,345,15,156,246,330
256,235,73,290,11,145,319,233,122,243,16,296,45,263,354,24,64,249,253
175,271,20,343,69,220,281,95,167,138,33,333,76,292,324,81,52,258,195
251,305,38,291,94,30,238,288,273,58,10,25,218,224,259,160,163,295,313
191,221,5,201,14,316,301,280,234,190,71,88,113,327,203,120,100,308,237
