-3.53630143777797	-1.95006220637636	1.27374304843244	-0.777168065370072	0.40417128582607	-1.56976602486241	1.44981763662056	1.72115927034925	-1.1802753971044	-1.68802906501669	1.66987391604404	-0.641130335036925	0.517697415678279	1.25969312647572	-2.80066867412755	-1.68787105905876	-1.65022126981945	-0.70805550128723	2.97488110944584
0.0345277676389232	-3.07180109990698	0.591001582251668	-0.862612620817382	-0.503157000488449	-1.56523534040021	1.33662580426342	-1.2902839509551	-1.48482357144583	0.866315541954594	1.23515088581736	-0.328181592786023	1.71204556979752	-1.51711449057578	0.438225283828942	-1.50904405772205	0.00463376318787745	-2.93396788079849	0.946743486919166
-0.439372473404344	-0.789189767256001	-3.42281255442323	-2.04622926391025	-0.774940723894743	-1.62043714628483	-1.46322828538713	-0.552401764586349	-0.874602380790924	5.85319300684338	-0.516451657876897	0.209975402447392	3.793386678717	-3.11408843892652	5.45241883244665	0.769150507792633	2.69261760505683	-2.60306623575666	-4.23407636880748
-1.02385557328029	-1.30679282448761	0.233122038753522	-1.10320981688425	0.116807307949905	-1.11570307542443	0.703292172856635	-0.360891501137267	-0.559248033457235	0.314805993270519	0.899377562166754	0.68839872639422	0.781864020754725	0.157985460814869	-0.484821307006649	-0.796234269476285	-0.858142302641215	-1.81488178085475	0.76398961812947
0.736647249232365	-2.80656770922556	-3.03246721956851	-2.5945998529179	-1.57752920630001	-2.3800166168404	-0.174649193598979	-1.76866387361254	-1.91149702610939	6.88485240038932	0.758903325491469	-0.364865552969166	4.1388386193023	-4.76526244273916	6.2497785347405	-0.124558435494902	2.7532684404548	-4.99764012562043	-3.57957458056543
-0.958849196714496	-1.29769089603313	0.214064609529158	-0.637939421681772	-0.00467443541381796	-0.9532472400522	0.501830512448591	0.124705545487265	-0.656741621295619	0.279073021961264	0.640457469138172	0.0180471527292087	0.955212263883073	-0.226928480177119	-0.396923824676497	-0.789038496034094	-0.364046752542429	-1.18062542994253	0.611008171505859
-0.0548935490547795	3.07173127959192	-0.928311607212889	1.10549599657987	0.860829823242422	1.52392603345368	-2.25526539712531	0.925834285652333	1.66609605950115	-0.355378551350317	-2.19727912417737	0.692025810050975	-0.804712657080662	0.575343193479224	0.934776037591351	1.7654246051978	1.57310433047734	3.14932065373907	-2.34853893379428
0.936376527507612	-8.10269366526532	6.8347422755458	-0.901503483401044	-3.11865287390446	-2.47609763564868	9.98855728053025	0.348919859849121	-3.97774855437734	-7.03423043453953	9.76272587695727	-2.4273096211987	-2.75609641532195	5.21352335112049	-13.9740145470893	-7.6998643939765	-11.1844963570563	-6.09500986570263	15.1703147637011
-0.399741782168701	-2.88829530122425	0.686381767609558	-0.975843216053801	-1.19050276259875	-1.47578610790901	2.3423965921599	0.100455274813249	-1.97677366363429	0.497374450325852	2.36657085030992	-1.80106206002774	0.676478444632568	-0.64944557223958	-1.31150246556429	-1.59578121363721	-1.76250262550466	-2.52272039675922	2.60528956029975
-0.275025098768975	-6.75612676375663	3.12525054866382	-1.66885127025123	-1.70444848544899	-3.02959015782157	5.46585969472272	-1.13964075102462	-3.15424190604031	-1.71004843655001	5.80857035017903	-0.806248259325027	0.732568836318293	0.41082343994462	-4.14400877356654	-5.029563580193	-3.51890430002025	-6.12229623577508	6.91734988156618
0.233947551022585	3.55610939666272	2.00427002693786	2.9296196104222	1.03367067352997	2.91893483858514	-0.336954818386628	1.16694678492584	1.8322173755934	-5.95851691168968	-1.59528592944477	-0.600150879951314	-3.92453834214842	4.26478204132505	-4.75629651673384	1.22326477312489	-2.09618903884438	5.7435673405765	2.39400100264004
-0.127675682758722	-2.00375860225637	-0.890120336619299	-0.936428360713013	-1.04894677647073	-1.18269009601086	0.903325655224983	-1.32409174206007	-2.09997968948518	2.66253099151927	0.381554195134392	-2.83966248075273	1.32404599216497	-3.0091911694061	3.36948044028374	0.501983652640536	1.09092723662269	-1.93306376772827	-0.60516222953895
0.304125193713507	-5.56968436916893	2.83794181419057	-2.25440970567356	-1.64525756884398	-2.5863942191146	5.44660969366065	-0.898410889842173	-2.65132797010024	-0.46791069655674	6.19749757393958	-0.581491822350185	-1.2290122411468	-0.636932906368421	-3.12307652647084	-4.06279536911147	-3.49245786736942	-6.60429095427434	6.15852713327015
0.953729017042624	1.42394267002904	3.43047680950212	2.07915871601547	-0.750629550074479	2.12696886811378	2.79812983961076	4.30486272297761	0.386172251399763	-4.92666812161099	2.8074455566676	-2.85673292753079	-6.20920136761743	2.53169701919643	-7.9909524155208	-0.988968507367561	-4.70837822211391	3.07596156952131	6.07286667625409
0.548529768805938	3.26416160832178	1.17947503735829	1.92050096436654	-0.768010037685187	2.41849918654092	0.673934623216367	5.33902808371026	1.33513165230276	-3.34770642045305	1.40312139502814	-1.68248642284385	-4.62460922476983	3.39614207658369	-6.97653204624258	-0.170001923747815	-3.92246181037331	4.35637247469558	3.43384254183637
0.200118279291323	-1.04189913983847	-4.32461687082091	-2.07220977490968	1.31385569698027	-1.96815870333268	-4.55120556326846	-5.37895132395844	0.132259429580746	7.71775147650152	-4.3419228759191	3.47447801911872	6.56726384863643	-6.59560680921864	12.8421278505064	2.18674447333	8.78251391677901	-3.74306074594097	-9.97919410496298
0.119202995432559	2.28531226897914	-0.800657783722968	0.406394642037274	1.25139432802842	1.02961584026871	-1.98011713999871	-2.2572596181355	1.22500865941365	-0.468222650152821	-2.988047266661	1.30315139004554	-0.0912526661928652	0.692383918204177	2.06563120929693	2.31158589113484	1.03624319056692	1.79951982516182	-2.56693224406493
0.156043445662684	-3.19754184205927	1.39171573180857	-1.41963778459602	-0.629463050182836	-1.67745442087747	2.42574042303404	-0.633672483718777	-1.22553427686714	0.0929982547650443	2.84064538702417	0.700612868098842	0.511711165838671	-0.130152874275594	-2.21096163792582	-2.4483638976003	-2.23421591384036	-3.90833819596133	2.82170123899322
0.254815363662079	2.95158147390971	-0.698814016755451	1.01517753874852	0.644711513759834	1.54836161783857	-1.78781940039768	1.00327774570533	1.56174925077192	-0.418646819017261	-1.71925207537958	0.535060407103634	-1.20788520656298	0.706810627309132	0.306754513175546	1.61655009693291	0.886789075544177	2.86226093528612	-1.74795029443792
