-2.96888055116008	0.662935933821508	-2.51554691798711	2.84370061705464	-0.310518305116957	-0.785669658258373	1.07404656126511	0.735935673620867	-1.44574827407961	0.773158913944056	-1.33174585862928	-0.906710724902509	1.47511971647913	-0.512060957646818	-0.442889350804597	-0.80947979944976	-0.255275715258634	0.741516518414642	1.36924198752603
-1.68585345181457	-5.59848314401155	0.630628563866291	-0.771856817687844	-0.566666745486191	-2.91431454033869	2.39447832403502	0.0372229170353282	-1.12217378305997	-1.4627098049737	1.43806076910354	0.0861444529174218	0.167633473351291	1.70191183708184	-0.826976728720947	0.637144831828633	-2.89109015548473	-1.02427091123799	2.33835285742926
-4.41223847236805	4.37315084041513	-4.6191612290729	2.88488178715193	2.20244798830183	-0.28150864539932	-4.41197786259538	-0.607938703057507	1.23412812120751	6.49548102725126	-2.26864972652919	4.11428849933677	3.517972024874	-1.13424029804489	3.46094013402124	-1.95172976771548	2.95983413090716	1.45831665538248	-5.56799945965028
2.08685426098301	-0.648791802134504	1.59869170255925	-4.50360629691545	-1.12734783312715	0.475806539820766	-0.208026008739481	-0.772655016362976	-0.497470768322284	0.908685701012281	2.11323689554375	-1.85476864990202	0.541050423270041	0.366177043827999	-0.143955000477479	0.539253866348009	-1.00645196903517	-1.84442511421536	-0.310814106825662
-3.15723810363251	0.441543808905415	-2.47356257469351	-0.949088370490468	1.12074596825124	-1.49405751532102	-3.24784704933384	-1.25341221195277	0.581296604040075	5.6026745464575	0.349908541641474	3.33020445988777	3.01199932490901	0.383104270044409	3.11285383842174	-1.00126398845804	0.890383488701946	-0.230600571538485	-4.48710040992897
-2.01097425862136	-1.54337103199468	-0.826406215446185	1.48664858147557	0.1461728855177	-1.53206896710694	0.66007902222378	0.400690139746389	-0.631005078027434	0.137007540546218	-0.4791846396057	0.788452776155855	0.272553276199974	0.311287441530632	-0.117170801870122	-0.0671237221933174	-0.811866638113541	0.613677120103256	0.694314695615533
0.394051587173565	5.71947714471852	-0.573731735233904	1.62961856485331	0.366602960154426	2.23177273709949	-2.72592598854783	0.673518212140233	0.555558206676569	2.56040054045518	-2.70465168085803	0.453944604068663	-2.0980845724922	-1.51389210656124	1.35740547773939	0.00454167975353076	2.70154706523585	3.68492220358777	-2.20017253312888
2.38533269486159	-13.3013852332809	0.678996675380836	-2.49304173319371	-3.10971253840435	-3.14261993887119	11.7139090428161	-0.212417071783182	-3.00136312271646	-12.5000227211244	8.4270025516471	-7.35203283712043	8.01736488964693	2.50454210909643	-8.40041417438776	-1.38778974670732	-7.20329188314847	-13.3084209333823	11.2855300406085
-0.75035803723364	-4.38729290014658	-0.800444747987524	-0.277320311561626	-0.194036411454673	-1.92836925907226	2.58756320833726	-0.463302941466323	-0.76840242770138	-2.20000772012566	2.38016468083626	-0.50966659865294	3.64638954365669	0.74581685481248	-1.66923233206658	-0.887176768875416	-2.12279280289015	-4.13713555773309	1.98640250680412
-0.379405479311126	-13.5581559148234	0.962954963665914	-2.83193375473632	-1.0457811117399	-4.80280964605019	7.51902402060017	-1.36741744267523	-1.00274542183848	-8.02461311899894	6.91858230621674	-1.51744038011498	5.17912452937326	3.8059842521725	-3.69740285480155	-0.537280621363919	-5.80570146337769	-9.49149129997796	6.30014637985165
2.13528077445689	0.569699691138126	2.41272950006573	1.07345957530518	-1.1329151828234	1.4259449664763	2.55350835737555	0.946662323359876	-0.991381490871746	-4.16592233692121	-1.41500111382193	-3.17928612602171	-4.43777215105937	-0.360749543481044	-1.75747003175001	1.24239468655524	-0.520816419655514	2.03012853952642	4.01292390660585
0.981848541270455	-2.03123044647829	1.03072686009103	-4.08333234201589	-0.383877173212882	-0.279301249287144	0.208247028314729	-1.67335151648074	-0.13271401813508	0.359039557535112	2.36164744020586	-1.10104406057344	1.74491527759589	0.723207765841148	0.351468834067955	0.0197691789645738	-1.24770077781149	-3.21058428551175	-0.421759666663144
-0.669143518006122	-10.8752851462302	1.40623740326615	-2.76585628254213	-2.19402699600122	-4.27722260778244	6.65080808979511	-0.523574341253842	-2.47811496606733	-5.73737493355254	5.25643588345203	-2.48227675896784	1.82578283893306	3.4348443997091	-2.78338850563492	0.407712239946684	-5.25544537500406	-5.35793174266818	6.50641084612368
2.46573179643087	0.623434304059366	-0.460700782643499	2.64680686247581	-0.956713715704251	1.76428058082891	3.52609735110398	1.42293356157605	-0.543536200018796	-5.56564848981853	0.389631579472859	-3.58398269347532	1.38810373031686	-1.19840223277823	-4.06812124055376	-0.959225206489808	-0.129932991051984	-2.4692794596109	4.19522787179867
0.219953574365286	5.93937589313378	-3.28863730187086	5.37908093641861	-0.149291061876287	2.60220700828721	-0.295840872989276	2.43252369822779	0.175885531520636	-0.613099953280344	-2.41824674815153	-1.154496723989	1.35972830823882	-2.49437684515817	-2.06066618955433	-1.66049877316662	2.75057171923128	1.40353556321327	0.360578187736122
-1.86791139995366	-1.06135902693363	0.992338448759379	-2.88657634413552	2.4246886589195	-1.53691225501316	-4.18458671667286	-2.73558976632429	1.9963209175364	4.79428271791984	-0.250967273030726	5.07218615015602	-0.766497407981374	1.16939612049709	4.89979007720408	0.615094163927152	0.575882151665368	0.932698019273703	-5.56209908416572
1.28309799424269	0.430453284267877	2.74843636537715	-1.07759052434899	-0.292219013202492	0.559848025312968	-0.336478736658333	0.106614781566101	-0.259452922941459	-0.33460606269799	-1.41746344099971	-0.601058450176273	-4.43023715133012	-0.011618313255281	0.393421535616155	1.68927459232309	-0.456720603691097	2.86526665681956	0.489269130685557
1.60542280248626	-4.28039620750978	0.433856505382937	-2.37828044687041	-0.068589847628432	-0.587072290386979	2.47733403713297	-1.08146043873944	0.383873840134172	-3.37357849643811	3.50974354383918	-1.38353945528872	4.27678218864208	0.703940637483885	-2.16198987862668	-0.788278930519606	-1.99313868198639	-6.26168494105525	1.53662087313054
0.608203771328075	5.79005743597543	-0.651113508673209	1.6818475430532	0.324001953398135	2.42949516144304	-2.47401308057786	0.729294300663786	0.57803447922594	2.20777318547829	-2.59634236784817	0.085789100248939	-1.69961523068075	-1.63142905689041	1.00742022544866	-0.108033441214723	2.66628381230483	3.24649242041367	-1.9563520914886
