-5.29827799975283	0.199658003988567	-0.817752024197492	-2.64293789222098	1.05447113851608	0.437277553928759	0.999865914538033	1.13331512165215	-3.42705864761711	-0.723474202891408	0.167866117773875	0.399674627355961	1.19777893747148	0.868597346724444	1.21061624431309	0.115846301617008	-0.697059442803692	-2.61769804823997	0.673925922433364
-0.896037902867246	-1.32461337161155	-0.168089651940075	-0.0186696637948671	0.308042232559836	-0.885884501056377	0.694704190704609	-0.635515399248687	-2.00988027984661	0.522284467380107	0.537236566570547	0.168942248680946	-0.377002502819675	0.686771844305345	0.975834872131023	-0.0185492841555606	-1.93371979313379	-1.27966802508351	0.653893174343481
3.29369986677702	-1.03977918380651	-2.05585489014074	-0.285581226356598	1.289376022339	1.27073707299517	-3.48655655051042	1.99675406868525	1.29634944362387	5.39451542583688	1.1065311358811	1.88193880063313	-0.0235006844166996	-0.185718734535289	-0.822402277044948	-2.01117055254337	-0.311400028553734	3.61810169348792	-2.99475378245693
-1.20629578948506	0.0872703059132434	-0.558954253620209	-3.01325260225044	1.14026678259127	1.39189114403115	0.105531075032344	-0.643571471090617	0.353380051084006	0.0964232550479722	0.379442824451407	-0.748385459533528	0.827863441889985	-0.275640159706174	0.467939843149452	-0.84329993473236	-0.537908437860665	0.584852661879488	0.0245105142902649
2.78891902125652	-0.516343988458893	-1.08327347009212	0.834487560074024	-0.845338576114945	0.152763169582612	-2.10087305211098	1.95923545714598	0.932756108723005	3.45174481599379	0.0698612307004964	0.378057475421544	1.46749495290374	0.998338332659586	-0.652340963256987	-1.61597559911102	-1.30544833452173	1.72044616774953	-1.96862365799513
-0.514813501947899	-0.978118503264598	0.554279150751691	1.42400799373993	-0.503128085064545	-2.40561270485756	0.58950281611421	1.28883175764379	-1.16026745497842	0.34808224717932	-0.526042725956064	-0.42056669599201	-0.286182647327848	-0.259559928047853	0.484649625930305	-0.314177202601675	-0.415250154069305	-1.53416012101002	0.825225521807541
5.290789138961	0.645563756726073	1.07508958887649	3.95584136178305	1.00517472282333	0.719895493467596	-3.88181174708641	1.53768026649118	2.80887583589494	2.00812443343805	-2.32183806718898	3.14174042160452	-3.06461224157042	-0.223751064170918	-0.229777964724189	-0.863864582159917	2.75092966798545	3.5794351465175	-3.29601079659201
-12.1673298831602	-0.81032703512337	-2.22725149317077	-7.68521935730031	-0.229172088163981	2.2820444479778	7.04740257112249	-6.34494164135712	-9.80259538025904	-5.93536965924127	4.03485160808456	-1.68278076412878	3.64135358658404	6.06704588389638	4.42956216003755	2.44668600618757	-8.1106732912034	-8.39991235377807	4.93324965821188
-4.21587890315047	-1.31086094403726	-1.2443057336565	-1.37790526731929	0.903443939840791	0.0537618568116152	0.310106810689019	-0.55699343675855	-5.88961399129915	1.64288325526098	0.286948105835806	1.35358705889974	0.31322055857587	2.90074394629285	1.1978071490121	0.595828480219641	-1.43736944850951	-2.50725635898416	0.144280922420594
-10.8572984076388	1.86891614145118	-0.48328840991237	-3.74674404485647	-1.01546788325116	1.51712573370571	6.1968885486078	-0.101778106325514	-5.88089617807921	-8.92316065699883	2.12343912480066	0.132758376025396	4.0340890135925	4.11120842504088	4.84052230331412	1.82389944739905	-8.26464447883786	-9.13792834943009	3.71633083737046
-0.365321148347222	1.97411160004285	3.54258060588278	3.68848807394901	-0.669049113901574	-0.802657793340579	0.607120357897793	-0.338358759095275	-0.206200230138959	-4.68382580801496	-4.30778881500502	0.74963100822777	-2.0076461535718	1.19388280415682	1.53534779566949	1.25157430694148	2.09116552933459	-2.03688019762007	0.384514225092729
-0.286004526206479	-0.397048395925644	0.197287917509739	-1.3798673599697	-0.818020338151789	-0.727171392372951	0.89693172075951	-0.470605541322132	0.442745927787946	-0.0156186284024129	-0.326509079234681	-2.48293674443434	1.52522950625028	-0.03414203196788	0.0941533331559974	-0.966864031823183	-0.737730796044218	-0.285217359309554	0.941292529192806
-9.99695418175504	-0.253509687358533	-0.775349413056197	-2.65212920644539	0.695215720309965	0.513123584692671	4.92170009084364	-0.988613710301233	-8.21591781105544	-5.62676953919097	2.20987835484657	1.87179932442904	1.00474170136535	4.42084194791495	5.31165286188571	1.70970210849643	-6.87782819135408	-8.27090850716922	3.19641762285152
-1.38615315151088	0.404609044340917	0.144293179563652	-0.914354496754086	0.82171748781441	-0.239462209664738	1.16507535816181	0.187348468922125	1.11621440743054	-2.43351556234964	1.01927443705659	-0.211203706164942	-1.42980957654193	-2.25969070993206	0.551719593014125	0.0563745984453448	1.29740919640977	-0.43164745822758	1.22385276135792
3.5096500835011	-0.481886225207051	-1.57569897098355	-0.790508684677395	0.850406986027407	1.17895963025809	-3.04873318580176	-0.499048997391894	2.22701845622947	4.1748734488745	0.731734077883308	0.246847509084331	-1.51222946134192	-1.40011740008016	-2.3166742368406	-1.03600220598239	4.54574747601744	4.81938097556201	-2.05214690925963
4.30685472146546	0.42049708980001	2.01753854267804	4.08727303264453	-0.0249982730596757	-0.976828006111058	-2.04668485678257	3.09149257263555	3.09410776739431	0.535873411989241	-2.70852699126854	1.4323578798391	-0.857761047501484	-0.434634265502233	0.900745403353843	-1.60062510497518	-1.10284884113831	1.168935058804	-1.89671831921161
3.23701051256071	0.835214576564379	1.99994711538844	3.81069157952076	-0.919296017297862	-0.177867839052793	0.492073458443855	-0.611777058209585	2.62132043422265	-3.4332789643798	-0.616082441712173	1.14904375878858	-1.13438605046576	-0.467562409486293	0.487701559020636	1.11153948530595	-3.25899330162108	-0.554945524931227	-0.170283339422872
-4.06384398234693	0.129575772555337	0.0398543669464941	-0.227595759479464	-0.459036294807355	-0.6854780253024	1.91046217517657	0.890836996484775	-3.18302528941681	-2.20002641707117	0.109141899728265	0.328688688094838	1.22388976807149	1.40551557226876	1.45620557225516	0.781578922779402	-2.72664062354642	-3.85885581049593	1.24297301022793
5.1977518889999	0.968447504509937	1.01822734740004	3.90568245948781	0.811276518194133	1.12159988228686	-3.70717407156445	1.46961964032643	2.97694948769984	1.42103557395028	-2.1199747265115	3.26199707332748	-2.70723662554124	-0.0397545689456633	-0.221167339481446	-0.64350173586652	2.12181123459483	3.38046327692187	-3.33192284441637
