58,174,168,274,208,79,320,159,53,220,198,108,156,164,165,251,196,201,297
173,51,73,28,87,232,310,214,62,266,273,312,63,224,245,144,202,109,337
23,98,86,340,21,314,330,176,137,200,263,322,212,167,243,6,9,203,349
250,170,122,114,192,152,295,118,140,280,194,178,75,126,267,179,116,103,332
319,145,76,305,104,59,329,78,91,226,306,325,216,38,129,52,3,292,354
237,99,66,139,17,259,283,161,102,327,240,269,123,97,242,60,209,169,324
120,27,304,61,193,46,233,149,32,356,268,55,281,359,358,110,151,39,158
15,146,205,265,210,100,321,148,160,253,54,308,175,228,69,50,57,276,361
180,82,147,188,19,318,323,30,107,299,127,219,163,136,229,94,257,133,344
296,275,42,41,184,315,249,8,262,43,143,4,303,286,255,247,277,154,223
345,95,326,77,218,141,307,72,343,191,177,206,235,121,236,5,2,241,213
16,197,254,130,157,225,342,35,227,272,260,199,90,187,74,33,142,238,348
302,183,112,335,47,311,271,1,29,289,246,24,92,285,217,153,301,256,125
333,189,166,291,351,18,279,89,231,360,20,34,331,239,10,11,31,234,264
270,207,334,7,316,48,131,14,190,328,338,13,317,67,12,278,84,290,298
106,93,64,352,117,282,347,138,119,294,45,357,111,124,25,44,211,181,309
341,252,65,215,105,83,287,49,313,26,132,336,71,135,258,284,56,204,186
113,171,150,182,88,96,339,80,172,222,128,261,155,185,248,22,288,134,353
40,85,195,70,244,37,162,230,68,346,293,36,355,350,300,101,115,81,221
