121,158,230,189,53,195,351,183,202,74,206,167,217,120,16,236,210,119,342
244,89,37,102,29,270,258,223,116,313,294,226,76,163,256,144,232,25,352
221,123,39,324,7,274,330,212,211,213,128,309,170,118,262,4,8,225,360
254,126,222,23,150,96,275,137,75,257,85,182,321,68,328,292,164,79,304
326,140,92,165,156,279,343,48,278,160,133,334,285,12,101,33,2,268,344
283,40,95,248,56,261,311,130,145,312,281,134,45,171,259,34,246,31,349
64,20,318,52,288,42,267,173,60,357,237,67,264,345,354,110,152,15,153
13,190,124,233,168,227,348,174,231,62,178,296,99,188,88,61,90,200,361
136,104,185,277,6,271,327,155,235,323,148,129,203,26,151,252,207,114,260
215,146,49,41,209,93,308,5,290,180,143,58,316,234,263,255,269,347,97
314,287,346,46,191,216,331,77,139,175,249,176,273,125,228,17,3,78,286
187,161,218,159,103,141,322,9,43,336,229,100,162,172,295,214,169,86,338
251,204,51,201,19,305,319,1,83,276,245,280,80,266,220,166,307,298,73
332,177,193,142,132,71,320,181,91,358,47,253,359,82,113,18,44,81,315
247,22,306,30,238,14,302,179,107,272,317,35,289,157,54,301,197,57,333
291,98,55,335,36,111,341,250,154,299,208,239,94,122,38,10,219,108,356
282,350,65,105,293,109,198,11,87,127,112,329,138,149,339,300,70,84,205
117,131,196,63,194,115,297,240,50,337,192,241,265,72,243,199,135,59,284
21,28,242,69,310,24,184,340,147,353,224,32,355,325,303,66,106,27,186
