-1.3412815605674	-1.45385776057499	-0.980134296043158	-1.96870585569438	1.65894074792221	0.392190421378579	-2.31654007360245	1.1793446377708	0.793847449735041	3.89640085244399	0.27378565668506	2.06809503472099	1.75668047635797	-0.119250307702556	-2.61978831455524	2.98170801136843	0.770846106988767	3.52740587247972	-2.25552366306197
0.420484463914815	1.84399176715745	1.40820420602401	1.5558286663669	-4.10538128705076	-2.66715129170521	3.29673413864207	2.11461281192232	-2.69131671002729	-2.49100926121163	-3.15109705159109	-1.81115044894922	-1.01301881364334	2.2190865492612	2.89262088606458	-6.20577073064718	-2.81547115457663	-2.33977130111294	2.53921738676654
-2.52439154030562	2.06030066764001	-1.7036042825709	1.38614058108789	-4.43123898895647	-1.7936555522619	3.32731566679547	0.206119971555324	-4.85067500113627	-0.801461415578071	-2.22957394499387	-2.84571139156371	3.24937992402633	4.29351022411624	3.37850411386793	-6.30323951243287	-4.99828252493585	-2.88342330196355	2.70555568278552
0.159272789525743	1.51398228618877	1.71740567133976	0.740450560431395	-3.6988033242624	-2.71512210038086	2.881761072332	1.92062272818271	-2.58969338678229	-2.06384678603035	-3.57162652521153	-1.1034023154688	-1.15908760962218	2.47209893183032	2.18615724775495	-5.20249134816149	-1.83398492502564	-0.7752150808492	2.00449487523699
-1.62719151143404	2.8847606532219	2.21187654598144	1.90546548634993	-9.03851922004608	-3.12335874349189	5.44900872239588	1.2108234145087	-8.11247492190633	-3.01826650354468	-5.68572874839965	-2.426556650394	2.32196473873608	5.82867686572769	5.24482468390683	-9.12145655433095	-4.65738957350965	-5.16605433213727	4.18696741789292
0.224926761152283	2.94429111705172	0.839376513116478	2.30082817659952	-3.37814850991842	-3.87292309020775	2.91398698918766	2.80435843984659	-1.94516884606726	-2.38764482366337	-2.67829492814286	-2.64094817723018	-1.015726792622	1.82166296855058	2.42477187386169	-6.90274030377589	-1.72752394045305	-2.03392100153443	2.07943543637201
0.704595765314602	-2.4163590263703	-1.07303338319269	-1.78483135519024	3.07266981678707	1.87164122194313	-3.18465658371953	-0.331767438345315	3.44918532128235	2.03125479097706	2.9208313737562	2.53762456254406	-0.572286247310192	-2.57830390307764	-3.06157979347321	5.63357088711795	3.30512825671786	3.03760094742027	-2.54934288800769
-2.41160813454931	5.605518764091	2.34725994810542	3.7372086655726	-5.94183231951521	-2.91236699391526	6.98302722988447	-1.70159237995604	-8.29462329060413	-4.38027854919252	-6.29543972875104	-5.83878715596717	2.98012115536269	6.32661444366084	6.96049174268988	-10.9643784558634	-6.99344015481616	-6.80890917029711	5.6966348203842
-1.39839591009518	-0.313772895956342	0.93003651694074	-1.09875726405969	-1.10446374863417	-0.333004004790356	-0.39169536156187	1.23779425944809	-1.9293271045073	2.46540847974816	-2.00823473447018	1.29871442801397	2.07764999834789	1.40131678410744	-0.691689483733621	0.176972956079105	-0.579814443691362	1.14466145772125	-0.723508043621528
-2.46437282299518	8.1407424463987	3.2567365878952	6.35892704880431	-10.3640089844761	-4.74388352946917	11.151643196713	-2.29680440459434	-12.1758814918979	-8.5695953896381	-8.00146348854532	-9.1777712204938	2.45832925010783	8.79604440959474	11.3340319248651	-17.5025729175712	-9.72780040494964	-12.0783974270271	9.36000958813659
1.17586333881075	-2.73415260008371	1.03201711938816	-2.68723968548965	2.85578458490106	2.15828949930693	-2.47605708697318	-1.70858151051835	2.79801343751426	0.532655837502658	1.15533842082928	3.27526288819581	-2.40977963316664	-1.97186366284729	-2.81607883747278	6.23527084112309	4.11814379870165	4.03425966872731	-2.12713923138139
0.0174634445332922	4.76629325193609	0.380465415171162	4.0917682734648	-2.76901100269485	-3.49576916337347	4.14041303706141	1.18379045822718	-2.4404431688533	-3.78251692375055	-2.879189246106	-5.04950350594586	0.0142595985390601	2.08131419216051	4.11494556528311	-8.87434037808637	-4.13990698886645	-4.5114002050463	3.40452233828036
-1.77458930563628	2.64147226363455	1.26468011963574	2.14963030243809	-1.87056258853016	-1.11497280719706	4.24527370647329	-1.91354376678313	-4.79627785287809	-2.20910939917688	-1.8296327214527	-3.94661026783092	0.666217973109728	3.13998371022902	4.40873422126165	-5.87404570272232	-4.21421341282196	-5.20871106660698	3.77432674237202
1.74819697491647	-0.0654075876856659	-0.536576813486132	0.968004822446019	2.72596947360175	0.964857859285306	-1.06380440776451	-0.717076359077803	3.24283334727812	-1.00995466039737	2.76341340347605	-0.489844809522008	-1.79838040009868	-2.89692956564649	-0.584269149230984	1.76106162662229	1.55460444843527	-0.764168551823726	-0.459900523159977
0.512251639296116	-2.42101718765049	-0.782259832189913	-2.0292225475138	2.80936817505286	1.48406910581607	-2.85748311862229	-0.194282220560252	3.03253135401078	1.97414453225145	2.42459504149588	2.573414550033	-0.904454190362561	-2.09117852383303	-2.94497867064489	5.22576134969982	3.2884067521937	3.40921074367481	-2.37786891184291
-0.468233811256568	1.80875758143049	-0.281449640449811	1.56756997233985	-1.41051113705111	-1.63824649601478	1.70777038166896	0.860674664122853	-1.42165556955525	-1.04802679076577	-1.09757701468849	-2.08980895307353	0.237999273982873	1.14333067330995	1.66951685423279	-4.03037834134322	-2.18775065763363	-1.89592031355877	1.37810002053949
1.43401871382803	-3.44438301592664	-2.05195746491088	-2.34592619093919	5.67439730800559	3.25084150573962	-4.10611615298562	-0.976520899791929	5.80352695823028	2.18127543732203	3.79705748456716	2.93595546469962	-1.9066628829841	-4.0452534130744	-3.98170628684586	7.39466106993799	2.350705240966	4.48347268357654	-3.11602672483086
0.657895096524276	1.92511270198391	0.0407867712252727	2.50855652283282	0.384977176262517	-0.230423343982988	0.211088760440649	0.781502770935834	0.474130874113143	-0.380158269683779	0.386614922616971	-1.90934596260183	1.01318050025354	-1.31274351910873	0.894635653276396	-2.00268285087196	-1.51368360699394	-3.31932915546815	0.454866787024962
0.559789576133932	-2.36461900789912	-0.801292756993724	-1.93024425943344	2.71536132871648	1.58834608897385	-2.96908987509489	-0.210898814085646	3.04860920625135	1.98882619926682	2.45870465126982	2.60527217746182	-0.657453309179695	-2.19179286813641	-2.97974056029083	5.33069741963629	3.33907601046714	3.2468391228085	-2.45609606424285
