-1.2060230427988	-0.477156681748154	0.0121687663465675	0.666417139980863	-1.47117017094893	1.84825910099242	-1.66687997579631	2.9281378827967	0.595590551809265	3.08796590920507	0.662897733248012	-0.615579266833905	1.95068312953229	-0.319197926641396	-1.78194681537473	1.42651057714271	-0.209098713413349	-1.02245375580667	-1.46557295103965
-1.6946781218961	-0.884904058421022	-1.28903686253415	-0.575588056924486	3.09169326131583	-0.766545255878572	4.5034742799492	-3.3805033719245	-1.95318663301013	-3.71075649564796	-3.84864856373844	0.13184545432117	-0.0115160294221504	-0.390919347370612	5.39753581594334	-5.19495442400052	-4.52483509839197	1.16962567686376	4.39277705374049
-0.84486041093259	1.87684787815262	-1.44265561055768	0.171880969450727	-2.05909910439892	-1.07516740074862	1.34799743559718	1.61024090532145	-3.98876695901705	4.40520994542503	1.43212423369811	0.960260788017847	-3.29999173181113	4.48870973152241	0.921175745820452	-2.54793843737424	-7.28046501276354	-2.71240516997162	1.19354546057524
-0.592255984820774	0.0625048816691543	-0.811902226958305	-0.771047465686571	2.48241680975092	-1.44226961113756	3.3207064571957	-2.457652461144	-1.68765212074113	-3.28587590694379	-2.41479367626041	0.537294505452418	0.0612595768468877	-0.0430433273655475	3.86643677353522	-3.75793323613848	-4.10222906367334	1.15124856578998	3.06095961474492
-0.76379843549106	1.49530093700125	-1.87250339565488	-0.74498629996607	-1.41540300990455	-2.61385173513948	4.23169097429764	-0.31796321531656	-4.83362105144799	0.558363196060784	0.770168245254737	0.666478550519995	-3.69611584355514	4.12888239944841	4.05699032190971	-4.57668567254925	-9.64443791098045	-2.40910336174393	3.79216327719882
-0.363828226507187	0.176517627026455	-1.1058367833054	-1.02638495659887	2.65291711475593	-2.14521769586544	3.83196289677553	-2.84886356686589	-2.20446264039034	-3.5028555706084	-2.70798861102636	0.657054614754663	-0.181401484501225	0.290138799883976	4.39468763726035	-4.3666191929643	-4.52087666086239	1.20148611225963	3.54054919356261
1.64397021385163	0.238215296695577	1.49671668849944	0.827685130682337	-2.104127118637	1.38559586262534	-3.90194616591048	2.670707236269	2.87599954301603	1.85229846152375	2.25945766280093	-0.218773661649312	0.544618993059079	-1.18931940047504	-4.47143406068065	4.88929125194642	5.46530636626682	-0.31673577490598	-3.72583654037922
-4.86233453168661	-0.977254493444543	-3.35361860604132	-1.66622294373942	5.83457182674862	-2.47336703957608	8.83544093242255	-6.94869376548419	-6.85865308876241	-3.32590650127174	-5.25250344876462	0.475467292728151	-1.22472049491303	2.89387029529224	10.3274328530925	-11.3644270980822	-10.8921002695322	0.807680571233837	8.60147101104988
-0.658366521698801	-0.134641805038477	-0.513768250084136	0.136340693525368	-1.37307682015629	0.53371828283896	-0.824928635750626	2.31493845225305	-0.309703285288182	2.88601704461237	0.398102277559186	-0.42984994503479	1.40540848885682	0.652698666332807	-0.98280003567631	0.273704893276062	-1.57766277668592	-0.96289683547503	-0.715953707551529
-4.62640104397024	1.07890954520245	-3.35318811893303	-1.89497864588033	5.08821126017074	-4.62687048043944	10.8838952541958	-6.93204125703821	-9.78407577467423	-5.07425258067824	-3.18014754400218	1.90818206570674	-4.41279657879807	3.97642953703034	12.1111835350774	-11.9102906076722	-14.4541723662535	-0.833470992795179	10.1270630790622
1.19449701178266	-0.684510908522624	1.16688921146901	1.13285169956906	-0.213489892265075	1.81659984361713	-2.81597817030974	0.312054703611389	3.01711680617466	0.282623014088806	-0.511207251776297	-0.136885775860846	-0.163574403679388	-2.25461533537181	-2.86499568917476	3.28988488308751	7.24308165317147	0.718929043607254	-2.40806648822432
-1.4539204627383	-0.282590842926733	-1.46418533626072	-0.874428005016036	2.78223810709998	-1.57664905847049	5.10637499813539	-3.36037520035128	-2.77183439058359	-3.86214984300036	-3.26380283673425	0.388539243346409	-0.660569339466068	0.482792823745734	5.87432883687407	-5.76013298816474	-6.49382016823629	0.84502728742407	4.82528416393385
-3.57423007521482	-2.33767429964459	-2.58057846208968	-1.58217165755976	2.97039263689652	-1.59380489727105	6.1333285591536	-5.23373571659167	-3.97076169421183	-2.4786467915444	-3.19337325279752	-1.24494938813901	-0.183613023744261	1.61194358317623	7.16554768603664	-7.29778816081179	-5.13966720650587	0.102461768005712	6.16060017403357
-0.270200462071192	-0.829915382631842	0.71421332497747	0.369419346360806	1.32273892722972	0.665334867727232	0.337686522954554	-0.836773214615116	1.14950442875724	-3.20455338004606	-1.20378268588836	0.0159404579198736	0.8419302243678	-3.17229871853579	0.751447387629732	1.03154306008577	3.63980677934173	0.814029641775809	0.391089322324829
1.7978235458874	0.408598002958947	1.41906252920313	0.67682349305461	-2.23396109852537	1.02969395442022	-3.64074567355587	2.6008727826592	2.61639021443824	1.71140050652772	2.45759531326242	-0.174413109707299	0.299414143414127	-0.868464132463864	-4.25723386243306	4.66629423565032	4.83127535855896	-0.410093960939867	-3.5250045385542
-0.690265733967209	-0.24895071864066	-0.694842600065368	-0.0856107909826576	0.845925148882926	-0.0387569056266237	1.06193773028033	-0.99489254593224	-0.838116529371227	0.23074008178562	-1.3972869701238	0.0287041138272688	-0.281803202027462	0.697253324319988	1.30026769382272	-2.05330402569651	-1.87024337918382	0.250317624894313	1.12358752111557
3.14236783895188	0.803489207490516	2.04625363478402	0.429479860877061	-3.22944208497105	0.697108894108855	-4.48249759684935	3.61334855322947	3.92422301097994	0.0410178211399064	3.31314770044555	-0.290067868854818	0.955019811403248	-1.92893039366273	-5.36185242771135	6.23312387181423	4.66171144074992	-0.146606310435725	-4.59203599840483
-0.65086553566176	-1.14650012497165	-0.583711842939006	-0.392365018789585	0.0678731176557186	-0.011599923701163	1.41562720991625	-0.0895215952490629	0.0657726059450026	-1.38306499850994	-1.26829998504534	-0.867902416752048	1.58684723698048	-0.928702728369298	1.70763772699858	-1.20792794756417	-1.47036291625699	0.126536586555654	1.42120711736965
1.64422250487148	0.387020674064051	1.49268068626336	0.705979226770722	-2.00652478711836	1.12009229989429	-3.66978851344743	2.57464336281842	2.63760608852554	1.52358089775592	2.39124645475322	-0.121763320510533	0.51668831083493	-1.1431358232966	-4.24061136284159	4.75358472256206	5.04139327319976	-0.320261740682214	-3.55783550607302
