-3.18495563077214	1.42439915280415	2.29696302756563	-4.72285370868659	-4.87239493243292	4.26608271981183	0.840657874827194	2.39563635918609	-0.697523546120031	-0.612460918049361	1.65659143685478	0.830407882367524	-0.481720853578906	1.19678331623245	-1.83841022405374	1.41642200218502	-4.44556567645721	-0.967930808659311	2.89510258785052
-0.00468292123115632	-1.7762111354472	0.103007612854522	-2.95155897981899	-0.298943525496395	-0.863329138242938	1.63209918129369	-0.0213397748808615	-1.76846591468054	0.500864466087398	-0.750999806001218	-0.735673168838543	0.142275381662307	0.288386587641445	-0.733364656792886	-0.81994432018194	0.0791301675894456	-1.12496920175648	2.02725228703408
1.66063337189594	-1.50821827042848	-2.58290466848175	4.0929970294218	0.275053585257388	-0.398754936170921	-3.36013968202033	-0.44950697047175	1.21700705655588	6.98966629389988	-0.392025656036878	0.675634798183001	3.5522427845531	-2.90925569386241	2.66694322999955	-1.94842295525712	3.74709686076913	-0.959201110620761	-5.57336131222964
-1.18631313554337	-2.25765304115146	0.650695291225901	-4.51646307483871	-0.0136894512758886	0.462980047471849	1.06063398859405	0.871063926387063	-0.722152689753742	1.13614274565051	-1.00456622915614	0.79864625071091	-0.36210490295316	-0.428541909138093	-0.57487578250262	-1.24591285730068	1.31685358373004	-1.56018358779252	1.51364020851555
1.3535806510613	-1.3014397379584	-0.719905466167646	2.96082924999752	-2.50815533490887	1.71779296867088	-2.61339360009129	-1.22480421869625	0.0359222239689316	7.7157738365179	0.498110480912162	1.13783548250671	3.06367632347833	-3.38737132862954	3.06326670473461	-2.38159352281075	2.16887681224557	-2.67356591004572	-4.33848333594967
0.00730680308092602	-2.24954199655858	-1.92288949371609	1.15164689972543	3.55386824942421	-4.61289683315249	0.905105983210628	-0.842214527903808	-0.68971942953851	0.435104746042654	0.118832377536354	-1.4533919294925	1.34056804058	-0.546855463140611	0.310177293909113	-1.71478501923324	1.57276072009122	-0.911851753624923	-0.385416737007205
2.10537261478952	1.67871875302629	-0.357440968200187	3.18687651543907	0.620281444443911	1.69460499558407	-2.92693024914002	0.729343139069821	2.54821803126514	0.924688503306474	-1.3421302893067	1.88079986600442	-0.404461015611178	-1.10347049206837	0.404848901747332	0.598471829599116	2.65815475866336	2.18214514026277	-3.40971005062847
-0.251830248296503	-0.116622803474009	5.14333714429196	-14.7142863206404	-13.0644246466129	3.10269275328073	10.5175301454013	0.771270592562554	-11.3128119461489	-5.15143948364341	1.54083075147307	-4.74297428869883	-2.7026701085549	6.71735355245098	-6.7048322090699	1.29539427386585	-11.3697757763259	-3.53379434380767	16.7536719665124
1.12016785072397	-1.52776737723462	0.455464257386858	-2.43183215339353	-2.69889443726276	-0.685981894109446	2.38302900571528	-0.561844048412687	-3.51105324927338	1.49324329432779	0.137253449878399	-1.33396828837774	0.630768611679387	0.115517990797292	-0.984311199758768	-1.46876398328414	-1.08245272014626	-2.20248695680109	2.9323945834971
-4.04906510801089	-4.84760265571373	1.29776525510917	-9.60790221192103	-0.655501680269995	-4.29945488969156	8.0736696573515	-0.597401841252459	-6.25105870800661	-2.98930382243937	2.54813174272711	-3.07367114609938	-0.790795649768434	2.45216853702558	-2.00043738199622	-3.05573454370201	-3.16858560676014	-5.38487235253024	9.55970716845777
3.03528913836061	0.368967159919386	0.23644976807318	-1.64293878249088	2.32970955419071	-1.40628187300051	1.50313310150322	0.291465691345778	-0.409587485171837	-4.69710762160664	-3.33166055299658	-0.457392384562535	-3.10082010722386	1.91022635580107	-2.43649469245405	1.07473269273139	1.92572392096508	3.1087342177259	2.64169427644195
0.167936093929889	-1.48469928066421	-1.30693925915619	0.0652284157073595	0.439745060697052	-2.67843851943197	1.25468782273077	-1.57906243094658	-1.82321222990249	0.386408558192336	0.0499235813496401	-2.53139279617456	1.45844600701245	0.810415476162413	0.578015736886609	-0.243234288066986	-1.14214874403436	-0.69116251381422	0.849800937805334
-2.13520636173357	-4.02715801021323	2.33132517916971	-9.79000685248583	-2.47405603512987	-1.80093140660606	7.21819795679477	-0.0343802937421346	-6.05211596382674	-1.8741575627066	1.34402100923628	-1.60392157728861	-1.62134625344872	1.73511723793484	-2.47610651349285	-3.03451297011158	-1.96894661006633	-4.90070283384228	9.17660914611514
2.81000446053829	3.7615201792355	3.9227943329802	-4.39246967367113	-7.16479353755252	5.68434621165953	1.68991090901643	3.41080454841523	-2.21908986759991	-2.73644518398751	-0.748408637255267	1.86533546592409	-3.51927949989522	1.52648190759049	-5.30508764122193	1.51531129744705	-2.65090993380519	1.31437634909089	5.25820673147341
4.31557591805569	3.49434008280724	2.18148314084044	-0.8411229074771	-5.94283631731192	5.5897723587448	-1.37395457259652	4.14991309765618	-0.161071408414443	1.19712058282524	-1.29845174625533	3.50787500815348	-1.94625179928348	-0.899980289231923	-4.21888667345948	0.15135464017871	1.29790536419903	1.59578088742904	0.653391092969571
-2.32566470096621	-6.63614551125654	-4.33481487281559	6.1311330368241	13.3371119012243	-9.61606901903115	-1.66554040022543	-3.98569592821242	3.3639583549393	3.94704284413141	0.16251872471949	0.0390532603520981	3.06394799955058	-5.03486820408804	6.07094371120878	-5.45569186747733	8.5957755180978	-3.14820716136818	-7.33619081379248
-2.05774007381817	0.365110070587647	-1.05061795593885	3.09172183015795	5.27231058882336	-3.57605017334882	-0.144389651164452	-1.83975098594429	1.78478968474268	-4.03581771677658	0.589005200771727	-1.6435954326149	-0.210254227643212	0.84336354458847	1.30494301280559	1.42381998567075	-1.35735117282218	1.45312540555614	-1.19409469837917
-1.03850825381536	-0.671703256579029	1.6501523746491	-3.39200644174523	-2.8054198749006	0.993172887902292	2.03900425176449	0.392621222371759	-2.29223460391501	0.494482300037036	0.995822566121617	-0.0806628564221334	-0.116462786583815	-0.0123678011706867	-1.17731261762824	-0.856548398548505	-2.12756809264035	-2.31962128789013	2.98843007498014
2.23425829409945	2.08852932211076	-0.199342201795273	3.08608963947872	-0.102072836882341	1.94326704109683	-2.712769964675	0.821423297497848	2.19878551898387	0.626804998724479	-1.19291587326592	1.60566884483048	-0.403620894388284	-0.736704211838257	0.0557096899513554	0.957437080703228	1.85015502538254	2.32842437090775	-2.91680885881846
