-0.714022549685736	3.38601873082944	-0.351317707553483	0.614286081172883	1.88120161156468	-3.06130830496208	-0.331310540160364	0.356745306502495	-0.462566142002981	4.13537630374526	-2.1639875817357	-1.00849303857734	-0.560248284369221	0.922939192286181	-0.586170832236388	1.40268073501679	-0.986670811335214	0.0938882059453199	-0.436095232243678
1.44671391059797	-4.4745812899138	-2.29301033344109	-1.00605320024594	-2.59386989554598	2.85697459616445	2.43571483770442	-0.567245126101144	-0.244090131323445	-3.47281158688253	0.815450175585744	0.145755956799261	2.36062884621093	1.15663136386137	2.53575463507093	-5.18130143279222	-4.37350386267831	-1.53765781920781	1.93975243670917
-2.08543711541818	17.3511862955453	0.44556195218547	2.52481125740138	-0.819873656165825	-6.79550270372403	4.82580195585995	0.619167507701619	-5.51478371900585	5.14261601505589	-4.20320458947054	-10.6384895066843	-8.36044718134817	3.52800582484346	3.01426731670809	1.18880757780344	-8.80175563174835	-6.27265907018124	6.10372093181756
1.0966108413017	-2.48644191363051	-1.5570846980679	-0.892157761734308	-2.83303867270867	1.99783265522179	1.96007158043118	-0.139457407693317	-0.226946275884098	-3.26332579170802	0.596973984504428	-0.885124965642643	2.04036337597835	0.796336155735935	1.94876061329324	-3.36396909915668	-3.71581556098752	-0.86247067120664	1.83799576868738
-1.35662776662395	12.3719507295238	-0.600940384675366	1.10254424075386	-4.44320079095596	-3.28884975861511	6.74428587494888	0.459206342898818	-5.85955791649954	0.659897111233083	-2.00346444045352	-10.5810296821017	-5.98219877664563	3.77566551073079	5.14864556489358	-2.809983266651	-11.6547749876377	-7.32842861434837	7.95862396900816
0.659691490494833	-1.11279232027395	-0.99891991981393	-0.64096493053749	-2.39847052533494	0.956270425510617	1.13323030674287	0.233264267007546	0.0527315883238505	-2.23457031780455	0.143769357385969	-0.991949526372323	1.61790769829866	0.421243832829899	1.10011991537141	-1.58792668026519	-2.32966337791325	0.0656157209157637	1.19649985094785
-0.27981529545954	-2.08904895792815	1.14819534740254	-0.0378971886627841	1.43864396048044	0.0090008219337242	-2.57967495514477	0.175835324427974	1.82688022562535	0.915923124266324	0.400775715565306	2.99366560435742	0.488660923761339	-1.51071694233249	-2.14972146348692	2.67921650312018	4.61792562631519	2.84760535937861	-2.65567618417207
0.81919434500224	5.75595353555769	-3.38587595867818	-0.11925027458756	-2.34183889039713	-1.19805695048918	6.94451574399267	-2.95753796823541	-4.86531142540936	-1.21151398140135	-0.318120718224553	-7.56299453688152	-1.89674018769087	5.42077529863252	5.71664269362941	-5.76395067289026	-12.3589312391247	-7.1424281788319	6.77727496544347
-0.47229523962673	4.6246817486565	-0.781842083011187	0.750613390551932	1.51429441088934	-2.85207764720246	0.82926075538302	0.408552177977083	-1.44936555629573	3.39480658122883	-2.28467345717167	-2.59738575684292	-0.71267796613348	1.45452585416747	0.356467653614295	0.0251007662087486	-2.79715093044103	-1.61101326927176	0.789821198409147
-0.978510456025731	13.4680835675539	-0.60731245010685	1.12546293592351	-5.59006422333365	-1.55653325466815	8.93720869521406	0.108242769216605	-7.77116714829525	-2.39766636194204	-0.497583803202718	-13.0482207591596	-6.68003108213668	4.26324282064111	7.05145738792209	-5.29959461601887	-13.5206385568117	-10.7698319878506	10.4246818114418
-0.184044751822056	-3.93866739816101	1.72008521453342	-0.211791751484993	-0.0342092052633531	1.7861320420499	-2.84280166399623	0.875544601616438	2.32282648135837	-1.32149566119349	1.25336766535542	3.82432834867636	0.528041580014899	-2.73830593009791	-2.20044579417857	2.1374037998421	6.00639859245061	3.18098027511069	-2.69187406551023
0.404053686677923	2.46234793627875	-0.782977972903756	-0.284281369450211	-4.24605477351045	1.05346983058231	3.13592571154574	1.45543694179988	-1.88528911678918	-3.47918282081395	-0.191609989801122	-4.65772335061456	0.509084431594108	0.732479254362675	2.65898400984374	-3.11025567686224	-5.3410787673133	-2.73437042471325	3.80263118000143
0.851342832094404	-4.21542965022688	-2.70819815901514	-1.13829452004927	1.20410987960451e-05	2.37483222892987	3.13300173530382	-2.77312917583481	-2.22928186677447	-2.21343828594543	2.44374213658287	-0.399969474843411	1.99607188326433	2.67029493434663	3.08705888741593	-5.81505055316713	-4.50558824143232	-4.18599772366019	2.23167898373183
0.745815497415766	-8.31546041259756	0.322263687218883	-1.22891664635526	-1.20762799242013	4.46347535135526	-1.62871912739736	0.709353330034132	2.02736402341306	-4.15032385958281	2.69972506199516	4.26283630787067	3.65985856829033	-2.29844355954087	-0.77503176132384	-1.58791469931893	4.16324368541057	1.94776792150499	-1.85725852228885
-0.255794349830821	-1.70236639485078	1.05498536038378	-0.0401068566894205	1.18743397736576	0.00889134503879474	-2.23655125337428	0.152081746160021	1.56277024995899	0.699420097069038	0.405813369321158	2.49707513522169	0.401878312086594	-1.33432667182855	-1.87247551505486	2.42046828372272	4.05751121859117	2.47618439702677	-2.26961066306396
0.120577251636388	0.61302606602354	-0.682353945938736	0.304493290860059	-0.745335963267161	0.818704614284042	1.55477261630635	0.965191960443223	-1.31127017426767	-0.779441122751668	-0.472419342529056	-1.4261350543932	-0.177552647628739	0.297081210489497	1.38405927342827	-2.99232431946265	-2.26595635218113	-2.61798681658928	1.59102149448072
1.28096866383162	-9.09970123945048	-0.434160214526852	-1.06128909002519	2.40983545101546	1.73631372289329	-3.93334478209604	-1.97754991524994	4.3550287333196	-0.0447381168709099	1.00506041126734	7.71040990388036	3.18095410359023	-1.46318162110354	-2.90432281184134	1.63299977190444	5.32240802032406	5.58211711663833	-5.08609461086213
1.26241619219668	-5.5148621586883	-1.91206708263105	-0.833735871293263	0.00353534588658455	2.97947308401535	0.441847969535284	0.435098382483047	0.145138841801397	-2.49879087030612	0.782743440044833	1.47486618640984	4.34902097873235	-0.0312116464445777	0.809699894315322	-4.45909780416679	-0.774979718666389	-1.11541218291966	-0.21570207398875
-0.165413457957107	-2.00358529548472	0.9348658984357	0.00519971428426647	1.62426896717247	-0.0885900441544172	-2.41855563317381	-0.0944777557787211	1.76964958917502	1.02346726867932	0.306427150188412	2.97542740183785	0.370349850721444	-1.26972996853233	-2.01925178453115	2.48481140951547	4.2986291306029	2.67654842032339	-2.57717569109313
