-2.26425225998133	-1.42277087206261	-0.605084126496764	-1.43060981797377	-0.70526490567702	-0.99018070790497	1.23603271506987	-0.448471098111931	-0.629598706619392	1.00742898446347	0.928296325301141	-1.03841409769565	1.07931811630061	0.26078767100583	-0.339843533900796	-0.281097901376992	-0.935167719119197	-1.5641976069344	1.13569580444856
-0.763691791119592	-3.11308891955862	0.063138505172807	-1.11616604377015	-0.585700497045095	-1.24152631096302	1.42838696731263	-0.190277384567809	-0.672545489115191	-0.0945341934063448	-0.0518626556762095	-1.56513091753088	1.02490592930617	0.0213653618993347	0.581561009493061	0.421542511947739	-0.346445173067678	-1.45887793992068	0.697843662776906
-1.61526928869707	-0.388472614832598	-3.01703794858984	0.886884873085752	0.497824549252578	0.558682134281845	-2.27270417414721	-2.60979750796506	0.696295504500266	4.74206444523751	0.964849776975141	-1.17900081886318	3.92422265043908	-0.797679376993897	3.66470418975392	-1.20453008377323	-0.550068719389567	1.22643342411452	-3.68919889422169
-0.898610710456957	-1.02721147592807	0.0706613980349486	-3.15757693075882	-0.402951548717542	-1.68813094139619	0.881809491586137	-0.983335277638601	-0.815412382189727	0.494563522619587	0.449031867295059	-1.34491712180641	0.706955679339045	0.413560579509004	0.752065386657083	0.242251682190726	-0.899507890271563	-0.434360002814058	0.741767221032318
-1.74475513171026	-1.4804294123855	-1.95993746156066	-0.193785631491493	-0.0461521265963022	-0.381555245234823	-1.95855186663008	-2.87563767731432	0.321270919466044	4.35447159755333	1.07823625354094	-0.918816457444592	4.24122599944754	-0.450119333897475	3.63767966060509	-1.35837735286724	-0.153164641754172	1.07019198186686	-3.46341176463074
-0.581096563991171	-0.989375375381427	0.0272266012602818	-0.874848777539793	-0.116025018729884	-3.80477704948905	0.484298647577551	-0.9706326790713	-0.687900410706702	0.83363573046674	0.473913910396701	-0.135408476981648	0.594853647520661	0.461626442425908	0.451824890028633	-0.155550678483594	-0.622802339642249	-0.0225792902935941	0.259639331734015
0.635437249704183	3.01605490258541	0.912635735314561	1.9893224238569	0.78134701774229	2.22562948923956	-3.00361762317404	0.955906787620283	0.981506120525729	0.573357321978704	-0.876435969351034	3.05082672011484	-1.21662563781117	-0.515562791382851	-0.0363397722587377	-0.329841825198097	1.89249445686135	2.67201739373083	-2.54255316078423
-0.569405087670838	-6.05078406344171	-2.06169522565533	-7.22952938393599	-4.14955622919374	-5.4090732233653	10.5259054400191	-1.82088302508888	-4.25153880717411	-3.17541766397552	3.67650746713868	-8.02529063222151	0.388885072835467	2.4663314440073	-4.86892545649865	0.564796659856857	-5.42124673421766	-7.2953646891807	12.0450528286383
-0.422226839104303	-2.7439164821664	-0.973064237278438	-2.17472109351441	-0.307341393532124	-2.09094882159949	1.88084361030984	-1.28603737830394	-3.73763122550025	0.345005907894213	1.022142234751	-2.06114484934968	2.20189702602089	0.0716367324489535	0.616583531973978	-0.406428435506935	-0.641620003020252	-1.60519666823034	1.44635007357921
-0.76250621005055	-5.76632094259116	-1.74817242288033	-4.18310024767959	-1.88155911128884	-4.21071438568037	6.39222199024791	-2.24319674587363	-2.51068612357597	-2.07641429437541	2.6417418145762	-6.13960660174108	1.81825805371927	1.2642499355715	0.352309955744968	0.515788541399278	-3.06054707116565	-4.62892397854332	5.63217032419322
2.00436504832786	2.16163230932058	2.07054367491963	0.955431840578221	-0.408386530185572	0.988894911798444	0.961573676737568	2.97425389934605	-0.104132905340902	-4.09415391101568	-2.2860875328284	2.19836862372826	-4.2770694235773	0.168815465071403	-2.97447994384074	1.54272916757663	1.01571165306882	-0.0394565950949569	2.71981755424561
-0.6449278365346	-1.20656873975708	-0.865556594715926	-0.924356635324489	-0.471764271782389	-0.581538805531218	1.20319676793692	-1.37943012434068	-0.262246140320258	0.701184447127991	0.599303463064645	-3.99416283383709	1.4205541340447	0.050851465147395	0.569795417537261	0.039444792784254	-1.33535232724135	-0.602926132776069	0.813867824579542
-0.986071851697633	-5.05193788254834	-1.54909477818608	-4.05665598941482	-2.05743673416837	-4.80426180686073	6.49198433871239	-2.3255643977444	-1.82341421129636	-1.45735931005396	2.8104119529036	-5.68316961914768	0.442887792584937	1.73869038116585	-0.164491604607937	0.677385045407324	-3.49862577995095	-4.90893682281283	6.06718237181898
1.23214666806735	1.25196243035403	-0.013730107595258	-1.19074320739607	-1.19968594785352	1.52626058023476	2.19961173779736	2.79108329875343	-1.22582056516223	-2.49259964391422	0.318387460263568	0.842003962122756	-2.82848157158118	-0.158018176841299	-4.47724743910804	0.268301671072925	-0.36922782005336	-0.360578122700897	4.36770337431848
0.866925800033113	2.26086774731131	-0.0452414441441761	-0.105840842660292	0.39159073903097	2.27868250727225	-0.641325900048442	2.01031374201283	0.0424884629547543	0.45126561372603	1.03085406657794	1.5859955417845	-2.11320570871625	0.99447477908956	-4.98971911752796	-1.6889774311713	0.935985951509084	1.28839761827745	0.883544410152372
-1.11259685928871	0.435664751383275	0.872128313514612	3.05284718560195	1.94024581164314	-0.32875544965197	-3.74224736700834	-3.39195846805706	1.92479479123916	2.99546534206104	-0.89737453681406	0.718532231830879	2.90293112996544	-1.7503657694109	5.76099716894544	-1.43077404500598	1.64785352515857	1.66188656268098	-6.163002108115
0.532879171443761	2.98545575120076	1.13637828607293	2.63700498567827	0.370091236889138	0.638666658632141	-0.835808641577442	0.319314888624557	1.03500199173734	-1.03493748978951	-1.06744371103149	1.48944579502995	-2.57965664987804	-0.605733232897189	0.0931245511764385	1.13826531033155	-1.27958920758553	0.909131473301518	-0.389874593239015
-1.037342561391	-2.92475009312647	-0.443063526228949	-1.09613355046952	-0.65867582953055	-1.83040827997102	2.71880746509873	-1.23888147148577	-1.03922433817722	0.0765272348101338	0.666902872224019	-2.34058076818863	1.23038696365712	0.392835896825222	-0.0961238961312669	-0.244831022684975	-0.86101193379208	-4.35011640333187	2.0564240915684
0.597764184921302	2.41030919777476	1.01143925926552	1.78064375284616	0.710879964339952	2.31817047373744	-2.56042278996816	1.31011449855535	0.980655448852251	0.265540760091426	-0.875878248175577	2.8535516350785	-1.22059254272	-0.40864074523815	-0.491218648359364	-0.287701490835007	1.92582440375267	2.19644098657743	-2.19646719099351
