177,81,46,192,90,276,340,187,138,290,256,174,80,145,50,167,168,150,335
227,31,84,89,19,280,308,156,117,291,313,260,17,247,240,109,278,88,347
55,255,66,286,39,293,351,101,315,231,144,332,219,48,271,9,3,248,324
99,195,93,147,103,98,330,102,225,228,135,288,142,235,253,25,182,153,336
191,151,77,114,79,252,341,60,217,207,208,326,210,22,198,53,6,316,356
152,197,204,7,61,180,277,157,209,275,292,274,73,91,215,123,202,163,320
59,24,311,42,224,44,206,242,52,355,272,47,306,354,348,87,146,43,162
83,29,158,265,165,143,360,175,94,216,97,325,12,279,27,190,107,264,358
261,169,249,124,112,238,285,113,262,300,18,54,132,149,105,269,139,196,295
294,154,155,176,56,243,239,4,245,106,170,8,301,303,284,236,200,270,166
333,282,329,133,75,254,304,65,344,148,258,82,222,110,179,5,2,283,183
68,189,213,212,161,130,328,23,214,100,201,159,172,171,233,121,140,136,346
220,128,49,241,26,298,323,1,92,193,218,309,34,318,319,120,322,287,96
359,186,188,67,281,127,244,14,78,357,32,321,349,268,21,15,20,137,343
178,229,327,11,307,211,122,10,126,339,342,51,302,85,13,299,74,226,314
250,58,86,164,131,181,350,267,205,312,71,361,64,104,16,76,118,199,310
296,266,63,234,72,116,257,37,331,45,129,305,38,108,289,297,95,263,221
70,232,251,111,184,69,334,173,160,259,223,194,119,62,185,33,230,115,338
28,30,203,40,273,35,141,317,57,345,237,36,353,352,337,125,134,41,246
