-1.52168105638643	-0.530418426420504	0.306256020638106	-1.67125900220319	-1.93616330433766	-0.397624360955334	1.4041494473257	0.995841105322227	-2.01303676104077	0.0192157800985466	0.650650902789088	0.0982295518124211	0.544276955038284	0.0904533784859241	-1.00185252025777	-0.290302235926737	-1.74714399773915	-1.04782886882993	2.43015649241032
-1.29986393339156	-1.59539478512959	-0.184104219119456	-1.84369950270182	-0.773037030220761	-0.498055421413507	1.56816116546123	-1.73773811998345	-1.04437030162819	0.317966653192389	-0.392506998649066	-0.836347233103108	1.16181144985112	1.03256993755147	0.382842312593185	-0.13073811843508	-0.968052298491414	-1.58765831051181	1.07058824648774
0.832228481497088	-0.381877557070577	-3.24409302599087	0.616909760855708	-0.369026981016087	0.888186687754534	-1.35760404247738	0.954854702877992	2.46527981252389	3.50720235422087	-1.21573937687725	0.335691299308649	2.38537788092245	-0.137784350465965	0.960889242113973	-0.704038960538933	-0.307177377806773	1.27883382903624	-2.44758354712815
-1.24295234490733	-0.750317929667728	0.00796541027127116	-2.52449232832434	-0.395394461298512	0.586119384839274	0.941782863199534	-0.646680924702136	-0.194681857174355	0.305717030054309	-0.267642449201717	-0.386627234357293	0.874979781317054	0.738797018240821	0.0907899375245819	-0.244039974963814	-0.736871037491316	-1.22020443615271	0.36616635179158
-0.592866154776042	-0.612259604333452	-1.82223735026889	-0.396137434136684	-2.02243789079784	1.32588226721634	-0.601831611757655	-0.174410708512598	1.12243273204887	3.2548187961347	-1.57386714822653	0.494215538964138	3.04494803770287	1.18651048310758	1.06423453446412	-0.988284489580387	-0.776568458132917	0.282613187845099	-1.77743326721343
-0.89044301198582	-1.12538325967766	-0.504659143108533	-0.328559277417497	0.361236338483011	-1.47967469233353	0.61081381893106	-1.25848084128937	-0.459845841868685	0.679824928755336	-0.15083370810302	-0.824481765559634	1.14472473096944	0.367134701692738	0.697048025852334	-0.55247204137346	-0.0848389490447343	-1.18202977394073	-0.0309461770856322
1.72520577578577	1.64342771277747	0.205905969585619	2.57833103336488	1.4846857676318	1.46447721717195	-2.81730538722582	1.86905777541177	2.37958452052503	0.07487718299241	-0.0171516542895707	1.61899510741179	-1.63575758935004	-1.31634454640178	-0.0480631204901452	0.395176305422567	1.49080282350088	3.11725570364922	-2.58431623975308
-0.517086632584447	-4.91628206450645	0.309557970976617	-7.70954425360758	-6.74732801966385	-5.76119121578539	9.8932672823151	-4.36112679312364	-9.99061845333159	-1.95599837404899	0.561221692585513	-3.45442241795904	1.64837832245112	3.15568119080792	-2.51219398615757	-1.29988831733717	-3.87453599021958	-7.9876227819068	12.2812196668566
-0.916688980929777	-1.40174032325075	0.0435418374674313	-2.12392442045977	-1.66329858761813	-1.23835187294378	2.04451476556728	-1.00142155510671	-3.86286134295216	0.296238875650353	0.065617409394523	-1.29550293141884	1.95108048141884	0.560061757919403	0.0828051003210662	-1.1090895010015	-0.77371782137378	-2.72876719749812	2.42172483540056
-3.51412196279586	-4.05278095824655	-0.0392192004517656	-5.95478098001687	-2.73851996175248	-2.85973431078472	6.59330648848331	-4.17578465610636	-6.01155141788117	-1.38428213776136	0.302303776817749	-3.70786841495889	2.84593568582116	3.03496354014904	0.79491913689173	-1.7193881763392	-1.56090414654595	-7.38937176461682	6.42389250691397
1.48741085422113	0.93220705082588	1.58021865564308	1.38934090889138	1.24863672484106	-0.242347208836591	-0.118566130052783	-0.118668835511708	-0.340357717622885	-2.808102277711	-0.991158362939568	0.56487468079862	-2.99919233426981	-0.271255809402663	-0.709201542922882	1.25498658501825	1.83956330841684	1.50337614234186	0.503424810215783
-1.64715499434256	-1.00100101633289	-0.378862976389764	-1.1986795168979	0.0404415569657097	-0.345886410108588	1.12425105432427	-1.08952673251345	-1.44830891363306	-0.0865368502509159	-0.2166856395043	-3.2306736253601	1.75819473099871	0.94934748066115	0.590038510667925	-0.215733290337023	-0.588598775552427	-1.39853136748753	0.734632997104713
-2.53787078722787	-3.73987224336165	-0.0809191247388049	-5.38531476432415	-2.90603028984634	-2.56949874890424	6.09116138726747	-3.91801167362218	-4.82175066814254	-0.879764774846254	0.255723715688327	-2.47935155449247	1.67889336433284	2.49052520563158	0.654640824808259	-1.3362147370965	-1.47518419481268	-6.33155363813878	5.99179798783609
3.44730607419842	0.291520237468288	0.846432282727709	-0.341446856660929	-1.34046400609527	-1.35833894111372	1.23765763525735	2.82753617580183	-2.01730864873313	-1.78345157942833	1.17504728235148	1.30993617036858	-3.24696677512226	-2.15577203804698	-2.79399113652826	0.410828645041895	0.24706686526586	0.530426788626926	3.68605824372589
5.35704210871417	0.902578381684007	-0.172379553970944	0.85536871080047	-1.39393465693163	-0.368827054573595	-0.777951683369305	4.67623293828207	-0.00255040342810137	-0.420137677005205	0.312694233566073	2.06319825112053	-2.52605972679402	-1.62797589514588	-3.95531855809674	-0.096496400237175	1.04434435354069	2.70859611204003	1.54713832800565
-3.2639131272789	0.171378434222999	-0.651064709513671	1.83924010652474	4.27412194104188	1.80187824086621	-2.95982170858442	-2.82661374262043	3.68843282361079	2.22842543565776	-0.620273227371663	-0.244906891042695	2.41773072427085	0.0676437109135325	4.2579792519495	-1.09380791294181	1.352192249392	-0.327086427231422	-6.12590554163009
-1.92427545752013	1.27023472143188	0.941878767543274	1.51028937954776	2.42129924635369	1.26442528418625	-1.13730089451125	-1.5095006616477	1.57416940591659	-1.58652277198731	0.800074448695565	0.146594475215157	-1.22698187765402	0.10167445255758	0.771251275849446	1.2234066723462	-1.18960681019139	1.15575740322262	-1.82841603266725
-0.204724759301022	-1.38743593626887	0.00603487787271118	-2.09977761751516	-0.727146673727883	-1.12077309934141	1.97529975981674	-0.690418743265544	-2.25742504773948	0.114081351359857	0.422210646202969	-1.26128498686956	1.24979803633805	-0.0687205169332721	0.0167070117587985	-0.833370600915088	-0.642402755811495	-4.01735599004805	2.11701603831892
2.11452640208227	1.49192848078197	0.04782110222925	2.33758179833654	1.18639885874503	1.10200502319301	-2.40180728592627	1.98310169026788	2.3623500765297	0.0267550929714903	-0.0865014869850946	1.57155808562002	-1.774416111923	-1.31320405133283	-0.32709902619451	0.533279071946869	1.24726587263433	3.02482875291037	-2.09970863190452
