87,159,194,65,219,244,336,137,75,238,160,171,132,111,193,264,106,135,310
212,93,45,276,34,267,332,181,122,163,304,157,80,242,227,60,226,16,357
204,113,32,323,15,187,341,151,192,263,153,342,164,130,278,7,10,232,355
166,44,110,165,136,236,333,54,217,161,206,84,233,240,248,138,245,21,343
339,152,27,279,168,271,350,88,83,67,198,326,289,40,144,25,3,286,352
295,59,98,180,23,325,324,143,55,262,282,139,96,128,266,91,197,77,349
66,26,296,43,234,69,222,221,58,356,252,70,275,359,353,102,145,35,155
36,119,190,177,208,56,327,89,200,71,125,346,134,291,33,81,146,315,361
250,109,148,237,20,259,272,205,186,285,57,175,94,117,220,123,174,183,294
261,247,24,51,235,312,283,4,292,38,170,37,249,303,246,207,281,199,172
340,311,318,214,74,334,328,79,320,114,203,100,225,73,182,6,2,147,169
129,195,150,257,90,76,288,18,255,188,223,162,127,213,115,184,133,189,358
211,191,105,103,49,253,329,1,224,241,210,306,72,209,178,196,299,298,95
360,317,142,348,270,251,347,17,101,354,30,85,345,124,22,9,13,11,309
273,202,284,131,269,313,265,8,53,319,314,52,290,118,5,239,62,116,316
277,126,68,307,61,141,344,216,176,305,107,260,104,121,64,29,167,156,331
321,92,14,308,179,302,254,41,230,28,108,256,12,231,258,287,99,293,201
173,112,149,39,185,215,337,154,120,243,268,301,228,86,229,19,78,97,330
42,48,274,47,300,50,158,322,63,338,280,31,335,351,297,82,140,46,218
