-1.79026121034066	1.2540784292162	-0.373930195428068	1.5012595236606	0.695918189857447	-0.739429827079863	-0.582844558462917	2.13321361597349	-1.02876459219694	1.45610462555698	-0.502936212322896	-1.65911212173648	2.62692119995342	-0.152015051041583	-0.855719382833195	0.630677237864974	-0.724253616951288	0.207943075532435	-0.683632865777718
-1.14501824846454	-2.36683149057941	-0.264627294710305	-1.84289729787338	-3.03047594641786	-0.893433054404545	3.37226709239531	-0.250939691252265	1.02321716948507	-1.5745385636951	-1.43863823145554	0.999325780487615	-2.48266679144236	2.90323364501808	3.32483953959098	-2.02906988323767	-5.62425517530035	-0.568318629438633	2.30158939570073
-1.94427645777764	-1.33352883767802	-5.02013985191053	1.91529066598169	-1.44272029537177	-3.55247221355832	2.19089268569931	5.83302881658633	-2.70847531937401	1.42568896929172	2.91232743362706	-2.19567170635403	-3.9658629755738	5.06808614460833	1.75049944073079	-5.61261853911513	-7.34867608523028	-1.60458242991076	2.00121996536653
-0.489928402469098	-1.29341642816573	0.0146379957355283	-2.26559850600465	-2.84368667132418	-0.275116990114596	2.7232931870474	-0.219025592711074	1.12692735809747	-0.884418049270624	-1.23976372670418	0.761610467859378	-2.26149422128302	1.92166651063621	2.46944166570754	-1.83600905164551	-4.04921955931661	-0.205220557017422	1.68613955402589
-2.68713404677529	-1.77519700251013	-2.65780722221981	0.0606479302255301	-5.37007063334604	-2.29851828880589	4.23333743579495	3.0533163433146	-1.71899278489094	1.06130270210169	1.70481851584633	-1.62088270701787	-4.67158084232766	4.58540334600014	3.83274147021197	-5.9367082876635	-8.24879065908341	-1.12521489737757	2.98390593518498
-0.371905177471062	-0.411548380560248	-0.182672445072431	0.00757806141445035	-1.70178941000409	-3.17513957644227	1.84803447090482	-0.228022315543582	1.38692872637601	-1.06920895316448	-1.20098530335535	1.0520134455772	-1.76562921040993	2.01345384699792	1.82417240488922	-0.745680322393146	-3.48522059674133	-0.40178903196083	1.46027620284064
1.50710768203936	1.21005932638771	1.12364155399399	0.892222960341619	2.83795065587514	1.58540719589295	-2.92479930021155	-0.959077351890343	-0.0121921000383614	0.407869679017035	0.152608957444139	0.207231217772218	2.21343056672235	-2.55121758786943	-2.632482861632	3.23978091646458	4.80379214619483	1.04547227703427	-2.00383886186661
-3.80071304065287	-2.40748904338662	-3.63194210759456	-1.62515628886898	-5.68563300931852	-4.20451190972956	6.66258291985459	1.49739791965343	-0.267508843916995	-0.0334584127019149	0.155185550648642	-1.39306427060526	-5.42800815557743	6.76468295548727	6.25332756335104	-7.13984984558041	-10.6471190144669	-2.90350727365279	5.12325592109481
-1.00087143906753	0.531622245807586	-0.847092827196981	0.858884563969735	-0.115483347047429	-0.591945131851036	0.376557005810336	3.02415155045951	-2.24670352281584	1.04484260132467	-0.272371826741397	-1.84926621721239	1.71385620879019	0.664031145125995	-0.267372610999089	-0.94636238265196	-1.91498419763345	-0.297402121353293	0.0407831298811363
-4.16919763193824	-4.59675800976555	-5.4293704740809	-1.48960934332353	-6.05132124263496	-5.15095644478579	8.27364379266369	3.78361749560423	-1.53839639326361	-2.17663220635526	2.64858054240818	-1.04687174445692	-9.47558858814579	9.06371290158389	7.77799440811865	-10.3739791879046	-13.1290390152837	-3.65653088403025	6.5392503654577
1.8377165195387	1.51448932895696	2.13703432612179	0.66678376006222	2.52341038894715	2.94616058080314	-2.60934717181567	-3.65080846095573	0.637315074048008	-0.236824768338428	-1.81095803777448	1.02958980830339	1.87667490870336	-3.02688630063742	-2.21865248872456	3.81168170789601	6.20322945238412	0.418835037042096	-1.5671377284918
-0.872269302415124	-0.619933188270075	-0.714825630192973	-0.345389571637757	-2.49877656784524	-1.24369541348541	3.1224627344759	0.295956230719184	0.432475626001504	-1.03287802347091	-1.06394171059467	-0.736638993993485	-2.60978250684867	2.30019184780046	2.79901474699887	-1.86979090406355	-5.47240361554513	-0.60788227697687	2.31844070985591
-2.54565477025888	-2.44230257448946	-2.29993448172673	-4.09432652538861	-3.80580648108297	-1.55732151189426	4.59265557830955	0.342390138075318	-0.00108084987598948	-0.338692548338491	0.734886719489442	-0.766350438102956	-2.84549207107489	3.5888810930281	4.16394718733708	-4.7696750905461	-4.73340881817452	-2.30469155760262	3.38769608452492
0.985961050750532	0.710943981165113	2.36656453042507	-0.945642215737141	0.358172933289749	2.51753427743602	-0.404505115904627	-3.06339685035642	1.07129579302267	-1.30311171570962	-0.984342831573184	0.663751703544435	1.23659689980333	-2.83087873541631	-0.358769172199732	2.3483759359884	3.44128682191135	0.36114264037543	-0.417967620758934
1.49191567560088	1.20423634671698	1.01417355021304	0.802698585254899	2.49072354080516	1.66901619541144	-2.6239909028464	-0.638307757948023	-0.194329844768711	0.375628987637604	0.211043300732011	0.0426913508378067	2.03631682629057	-2.55747030559545	-2.54866011179093	2.98928908946123	4.66066451098801	0.941846716093641	-1.88526764973364
-0.195075711415253	-0.32039066305744	-0.611330367447559	-0.515165609985476	-1.09002484788988	-0.748356121673118	1.0406172200718	1.35265328421953	-0.610642907871762	-0.036720004238453	0.00357053401165353	0.499286729057843	-0.710847036308672	1.06821926422862	0.707467777349907	-3.46245815804591	-1.60254647513464	-0.59401333371424	0.574609830695731
1.72534108907458	1.61141461433562	2.66323024296807	0.60720403878089	3.19670495908085	2.86172551157708	-3.44623786070865	-3.70065539240606	1.29613233228911	-0.420391510473994	-1.81778897447729	0.914536328115527	3.63596081558002	-3.88301215365526	-2.68456864399325	5.50765133222488	4.91972251121594	1.43072982034094	-2.30962683784852
-0.770827884437148	-0.185126190579818	0.171418424798416	-1.28778505924554	-1.14227824387246	0.0773381817014805	1.66326556449946	-0.517766614547084	0.795046957133851	-0.548601116565099	-2.10220769632998	0.0115755512367557	1.19605708870479	0.263203172990755	1.3706667498494	-0.166584562501158	-1.65683026952385	-1.5812258423284	1.08830728879606
1.31033525984548	1.19739626289913	1.31600402155614	0.774944172646771	2.37830237725513	1.73257857933742	-2.68448167234653	-0.786324544527791	-0.119988759028882	0.419636362881389	0.241259702473074	0.157769001480158	2.13319566017054	-2.60583385729811	-2.52427506755736	2.95268767591611	4.64316792923911	1.16699646663154	-2.02668959671716
