252,104,61,274,7,247,325,141,98,217,269,264,119,225,73,37,261,117,355
233,116,70,82,38,257,292,204,89,317,307,207,26,188,229,130,238,33,345
81,159,17,270,15,338,348,110,248,258,260,339,179,45,287,6,5,268,346
231,153,230,43,164,92,289,94,87,318,232,39,322,93,213,271,192,72,281
324,208,10,75,88,319,330,71,118,210,320,352,198,42,105,132,3,242,347
205,149,154,103,173,138,326,101,66,303,265,76,122,147,286,275,129,83,316
52,20,305,29,293,25,206,186,47,361,203,44,340,351,350,176,143,27,161
50,102,200,182,191,253,359,184,78,209,115,327,8,226,51,250,68,106,360
163,111,251,183,13,295,300,124,220,341,125,123,196,16,189,288,195,84,244
296,299,21,131,199,255,239,2,283,69,151,11,222,262,214,267,272,221,170
315,254,332,46,185,202,323,49,126,304,187,97,302,133,297,24,4,91,243
212,99,249,134,178,128,311,28,181,256,280,95,112,165,219,136,155,114,349
211,237,90,168,22,259,294,1,228,175,158,273,190,263,167,227,301,284,55
358,144,279,157,80,34,313,172,152,357,63,180,353,74,137,36,31,86,310
278,12,354,48,177,18,291,142,53,285,334,14,331,174,40,306,197,77,328
240,160,65,308,59,276,336,193,140,298,9,245,96,224,54,32,150,194,342
333,356,120,127,218,171,146,19,109,85,121,312,62,166,337,290,67,135,216
156,223,235,57,162,145,277,234,23,335,100,246,64,79,266,236,201,58,309
41,113,108,56,329,35,148,321,169,343,241,30,344,314,282,139,107,60,215
