-3.54001217125706	3.21245257053634	-0.308417324643566	2.11186386730335	-2.45569572533214	-1.84573522065691	2.07183169744173	1.1495732673245	0.115421077438768	0.294679162916344	-0.311421103849915	-3.00319289919771	3.19670941417611	-1.70653924129253	2.78184125919696	-4.55021558565186	-3.04452310302793	-2.40958374126415	1.37900273994094
0.875180937975385	-0.124834206901877	-0.326886817046976	0.629643179578119	-1.74115157945636	0.0228810743245234	0.787523372987984	0.276245227030785	0.646041014014018	0.340767575868015	0.299270076217778	-0.103058431566328	-1.216260162292	-0.518204823368031	0.595931307464884	1.25374787193387	-2.71169140900479	-0.13320475699242	0.624461749877545
-4.42333621025716	5.10667516915366	-5.06442248455434	2.6951563000792	-11.6959367571516	-8.33390105635698	6.41753337666188	9.10812626899181	-2.66606261414572	1.17029381169911	3.77806951767922	-2.51817026368192	-2.05496121053412	0.469989380071583	5.28252227589795	-11.8479714039164	-8.60559175177473	-5.83122301849729	3.97759575801251
1.70398122579417	-0.328038426049014	-0.492986308937797	-0.471647847404205	-0.638331957635579	-0.79884391575757	0.22459951166678	1.25870378688014	0.427471127421926	-0.0483771522150239	0.93541450197459	0.719215478902764	-1.90387447247901	0.365592770313972	-0.20157144940731	0.337186787452843	-2.05857963423072	0.649430682539915	0.0884303836785536
-3.52312468236952	4.19102769855902	-3.55213549079765	3.46327874607198	-11.565956242766	-6.66550100519583	5.73698298110481	6.95157105904417	-1.9137730346548	1.25695760699411	2.8241368900024	-2.50883880029277	-2.11692189145137	-0.643099190200303	4.56928955536902	-7.69404230718398	-6.92745957561041	-4.95542605391767	3.52771346404831
1.6567715654668	0.452548040751063	0.185054485774783	0.190503252323767	-1.48595160382355	-2.19897587291446	0.0683352381283786	1.86401488052647	0.174800157812962	-0.0301927047095021	1.51012275630166	0.310284560431264	-1.75649003720614	-0.0064864337878765	-0.695962587121917	0.714989390030965	-1.53867132910342	1.70234531389924	-0.447914497682121
0.675127174393275	-1.30704980956271	1.45777651413307	-0.651845454263127	3.68008018456452	2.63112442781807	-1.96514782189611	-2.93935239115692	0.445888935122657	-0.21993777959403	-1.13993867243835	0.616613486444527	1.09972224779621	-0.00829610832780525	-1.51746694639187	3.27027691438168	2.9052294549477	1.64777499949602	-1.22142042032443
-3.60012743429978	4.38318130524332	-3.13768784531664	2.76761927145726	-8.44588595556399	-5.61535874510864	5.24700854839592	4.82268490473735	-1.00622544140762	0.52146568601844	3.62874280925347	-2.92076594704372	-1.44663729894213	-0.829431383088052	4.91334499259051	-7.32822475875907	-7.32551716493593	-4.62094067458453	3.50224687332991
-3.16974420781756	3.13664769743083	-0.882168341286018	1.9598611400658	-3.775169508771	-3.07573081884285	2.43983242854049	2.5256570248054	-0.396910698790765	0.543120527973064	0.435571634030341	-2.7824857337442	2.34572919061961	-1.16582096747433	2.67954388005628	-5.03274017921159	-3.7583340215971	-2.2269192970244	1.46501706048508
-2.46599816624187	3.99467479007434	-5.50523396534944	1.65122898994912	-12.2215637907694	-9.1316577699877	6.1992556200507	10.253289377879	-3.276817477844	0.829691295208324	5.36079766210746	-0.522434715308335	-5.57573202227888	1.82727697288699	4.15770546227455	-10.9022118549868	-6.72964160369304	-5.21940679549793	3.7051795565548
1.79115614926974	-3.78661538284432	2.20980363063483	-0.989696878543317	5.53094503594024	6.71642945715353	-3.61012123407946	-5.18207474708888	0.544884978417847	0.162366485594616	-4.14351266320104	2.53032968863056	0.917564744185378	0.282046896570548	-3.1398542636588	7.01148483443271	6.48395152755505	1.99544202505662	-2.02279718881662
0.120338289641035	1.46125306875445	-0.186152902185929	1.67573551216752	-3.01916945486056	-1.59616631168147	1.13338991117611	1.26974403614016	0.274591895538189	0.358474055113612	1.20098093706781	-0.690462472915069	-1.18010470683873	-0.895118395659722	0.754225781102789	0.378148624489803	-3.324329072545	0.290091335716564	0.477562486547916
-1.85090258362223	1.23753643158309	-1.94329320166848	-0.557497741260673	-2.38613334922376	-2.7303013646744	2.92793254756462	1.48853740781668	-0.0653283212017234	-0.777138609549092	2.33314274750672	-1.72250414929074	-0.63940714260073	-0.0682770866834141	3.25070169482771	-5.45912961312892	-2.28920593358803	-4.03932085313026	2.46480869012914
2.00888616659636	-2.41710150723506	2.42715171658083	-0.791953251513456	5.08042357054088	4.70088153897746	-2.52063289624119	-5.46786331040081	1.75239142403055	-0.746957024321338	-1.50718443173733	0.955333561434116	0.209442920552847	-0.854096865046225	-1.77724358095248	6.60613521079941	3.69757099437137	1.92786709911075	-1.28296761175648
0.755406348387787	-1.29417004871255	1.34706744995834	-0.551773073728227	2.95095562931197	2.14353034635353	-1.78905244536877	-2.39936355237245	0.247470483686571	-0.0877394746853587	-0.990586287296069	0.638815258244364	0.846746212065197	0.0725991981383384	-1.55118039848186	3.17476168232034	2.82424641843644	1.66786643065236	-1.18647318373937
-0.111707788473836	0.501072123953733	-1.31968101947099	-0.675507156342658	-1.295276317904	-1.88543117679547	0.594000080730133	3.56330073603784	-0.855231825024757	0.0546428797790492	-0.185612812040781	0.880969078129789	-0.698181122598482	1.15210490286559	0.0769382297724945	-4.27246086945087	-0.272484346854185	-1.01686382748176	0.226967235106445
1.98157908262852	-2.62275528533871	2.89279809557321	-1.00199877227699	7.99730509752348	6.36683404681368	-3.9808787226698	-7.7249301880505	2.13525415044352	-0.741457081277688	-1.88326688205096	0.623482894653542	1.78282666041011	-0.997728850583528	-2.58492236791226	8.55473018828985	2.40908240921211	3.80505241627089	-2.27687949455725
-0.487112973916574	0.0496699949441819	0.345151964945464	0.0107208775869552	1.00379578083405	1.5982737112165	0.818048799485425	-1.8135964132878	1.86225944019867	-0.592666760779527	-1.24771702985621	-1.26607933440038	1.33480622783054	-1.57801787560371	1.83419719174576	-0.660535422697116	-1.25379166554168	-2.18579668914518	1.21079800659892
0.612174710019918	-1.07697050695231	1.44014824749262	-0.452535725389688	3.13807693024183	2.15421861052693	-1.83354689469122	-2.53537949224209	0.309665632104892	-0.156438021409962	-0.958862729934201	0.527059593898906	1.00471686581694	-0.0428954813320246	-1.51440099299533	3.10346270304604	2.78023720624697	1.72161639641135	-1.2304501527793
