-5.61388308992602	-0.3108896934414	0.732478238361834	-0.94082699017758	-0.800521258108787	-1.60195789861493	0.972309134954782	-3.22643916796092	-0.898874423368097	1.79152951886589	1.27523890978327	-1.40464282214397	2.03507294821192	1.80738343905952	-0.396264524832565	-1.7515849309622	-0.900244987116314	0.119281420178896	0.409768079868892
0.0447836584969155	-2.17561503861404	-0.370513095329638	-0.994383995113073	-0.235724009056008	0.247089977025984	1.32339444021791	-1.82535302086433	-1.2965109791471	1.10156568547279	0.192247507850837	-1.91158375426846	1.1015108959863	0.472459352944635	-0.270414531697153	-0.961901724982928	-0.721640330510912	-0.588435787399477	0.777070894334187
-3.59591974752105	-3.96361084739944	0.97345941335038	-1.62898318276252	0.131857973843726	5.1588594586485	0.514668883789071	-4.61132214756213	-0.438692405414759	3.34751727473063	1.78024306440127	0.353852557307974	4.65312334902342	0.590478995789554	0.21356770679187	-6.15323972124764	-0.586072454171305	0.704661844537939	-2.02414869582168
-0.00515197134376066	-0.34023631342157	0.122045563829355	-3.69433550119402	0.961054105575751	-1.22290387474016	0.565684594562254	-0.589825421162475	-1.19568105565022	0.402100153719738	1.3614866729619	0.176110389379058	0.126050991096056	-0.0372455191415806	-0.247055190326444	-0.784074875293809	-0.863264744839976	-0.169224655781842	0.69494153523219
-3.57806156465931	-2.56183369135467	1.9436451249829	-0.037140671674706	-1.95036109610343	3.62706811613692	0.832638821777547	-5.28208796077021	-1.09504475985054	4.0113964652286	0.429877917422159	-0.388017645132095	5.59425159882867	-0.104498124000044	0.883430480564414	-6.77141689412034	0.479581751424456	1.08822879520643	-2.13557052720853
-0.979474333443896	0.892643579761202	0.786626220967341	-1.54799217383847	-0.506466263679727	-2.51994270828789	0.520196469786921	-0.855675353211304	-1.02955475227515	0.742249849763324	0.024806282309606	-0.632237174643111	0.52387705761952	0.201196433868383	0.352793676450263	-0.903956704504838	-0.397620240879642	0.168443126107811	0.520743039505218
1.06949877389883	0.74288620106268	-0.87392116343757	1.95054989363658	1.59102301047746	2.89201995900942	-2.29292591561163	3.84081023215936	2.64344881350972	-1.88541882707065	0.0812208393912419	3.00104173320858	-1.63724145627289	-0.700017725016223	-0.357580598259088	2.05640705128927	0.153770116499868	0.101375713891172	-1.4952458025988
-1.71337604698173	1.24428048081305	1.54576231444759	-3.24321614891637	-7.48463187657315	-16.6032287412378	8.06170683806457	-10.7313197333075	-8.10135985483032	5.13084258354269	-3.03891633631055	-14.3151599216909	1.46793067665396	5.93615866923909	-0.760561421104093	-2.0238465244589	1.42317702056073	1.09199679843061	7.53976926784774
-1.17531540669798	-0.921808004925827	0.906875747340338	-2.13065374438205	-2.28352580694087	-2.79315781769077	2.55090973822079	-4.11170504275461	-3.27288621834528	2.30034544105906	0.205733847121065	-2.99641667773904	2.4956415744577	0.152047309261577	0.540012253483847	-2.73190461853158	-0.0154614109303992	-0.331560860268778	1.43649888581338
-2.05044135060239	-0.0209062708401211	1.14059689917386	-2.82134503657549	-4.41845174544837	-8.82516886666902	5.04747192178636	-7.0072075395786	-5.27413067408995	3.47293892330938	-0.70237578813415	-7.78801823435288	2.03680272213914	3.13504553449603	0.473965950430675	-2.71065163284982	0.445807249182722	0.183137483872946	4.22322102438909
5.75844463394407	3.40524017223346	-1.85920537441821	3.77703363908184	0.092251565072532	-3.31763096394977	-1.2959675447874	6.49781845815555	1.65503857838289	-3.9646400269645	-2.90823515867353	-0.288562723151053	-5.3940273925127	-0.688659049978161	-0.483699039598392	7.21933920527975	0.795260905367528	-0.708520916308903	1.45446881041341
-0.442708852460989	-1.41852135547676	0.340130000799995	-0.499185918936793	-1.07990960120619	-1.11755499092269	1.45180066420086	-2.8334556203269	-1.30698148390562	1.95155675940939	-0.845108148715874	-2.9814308686097	1.44460823359959	1.32511867914928	-0.299600658491586	-1.84821697923633	-0.263020990390888	0.37662771119091	0.679567586782177
-1.16025236467898	0.374414486938571	0.946097736536	-2.99674275897777	-3.93102277764275	-9.7879020127898	4.8954953707421	-6.63198825044375	-4.76195824538922	3.30153587036347	-1.31231878501575	-8.45758596156573	0.889846035399515	4.21814365935061	-0.125300434618879	-2.07070028145467	0.553426115540278	0.865292830382513	4.53217798700744
2.58752963724453	2.23849293331867	-0.689422089495317	0.742339041609533	-2.51686528501588	-5.33534123831063	1.60855530329519	1.09695528252062	-2.25803800109948	-1.51607107098347	-0.955528708062457	-2.25765048981404	-1.84818372960481	-1.07486654521816	0.515696808021032	3.37658629450256	1.05594412430222	-1.41959996241615	2.72911781547569
-0.853494881513761	-0.715416466021559	-0.675018265457245	0.660168429524475	0.15870870570142	1.30546834166637	-0.300049846711719	-1.26425851922801	1.13220090671724	0.2691596794457	0.282071002396033	-0.671441879480607	-0.51684251861764	2.06624107947495	-1.77396573724717	-0.250909565298958	1.05942359146124	1.37455715497435	-0.473196338359791
0.285060885151676	-1.12103019243196	0.544112453875947	0.55493784911943	1.82895762052888	5.87686271081117	-2.3020981442152	1.96083440139722	2.05195460142785	0.430759547502745	0.312059610017737	4.02287356963842	1.80267954680713	-1.97614916105513	0.421364666484356	-2.03394090738327	-0.629612966348491	0.386830175684974	-3.15074028814571
2.66672450722072	0.93037497827341	-2.07154477417012	0.953143237197676	3.19901886978429	1.96069174927636	-2.57874109556668	7.32754400863348	2.31909174616494	-4.15144979149256	0.673027617160428	4.09197548763024	-3.59732267815091	-2.4636032320265	-0.124412357234955	5.69123199238699	-1.77377855753867	-2.24471770300401	-0.306424412908241
-1.10984112624821	-0.914654408965039	0.184909483182381	-1.59565783032651	-1.50066898353907	-2.32923227715897	2.12474249587096	-2.21781669630669	-2.78239355785861	1.01648224351014	0.64614843186199	-2.10971986502335	1.57151253998147	-0.396833184842693	0.843820366918528	-0.915970471886528	-0.809392770483609	-1.44991796498466	1.67177519186095
1.3977307273343	0.810646404527706	-0.739110499616241	2.34229780712135	0.892216662821894	2.29698289690302	-1.89809699623014	3.34620054714565	2.22019105431522	-1.5485789501641	-0.437077220095611	2.20850876626014	-1.37141457375948	-0.704011415545342	-0.349120957276541	1.93918493283252	0.46806588303598	0.176899217595904	-1.2536409369914
