-4.72249167169407	1.16675733365733	-2.12777000613643	-0.514814032840832	2.66034243865093	-1.10300774079644	-2.96831182714996	2.47030729887218	2.7723090650114	3.13616389486261	-0.199032919971245	2.64317917922941	2.6398649035726	-0.0966772829691109	-2.49154396020251	-2.55691572959694	0.786419206255403	0.682193973786258	0.27947236387385
5.42152847442746	-4.7876319894793	-0.211151049122173	-1.76557564839885	-4.66713990456356	5.88633427998481	5.29969794005171	-1.52180988083603	-6.03482322955901	2.45168168241698	-4.74782991806795	-3.10788940283976	-3.5518133950919	2.3975961925933	4.52583001935674	2.7367363049382	-3.99209271113681	0.485047328493158	-1.1819504313946
4.00172778731701	-6.30090221109756	-2.9949291035532	-1.19712421855198	-7.5965995661461	6.33048723709896	7.36390600709677	-1.05774093502919	-11.6725912569652	5.26365995599758	-6.22556499909902	-5.12627979531312	-1.78736042819615	6.28841645306295	6.52270058292615	1.60163847909068	-6.6175344643126	-0.534202271197913	-1.36509005124024
4.00803756794491	-3.50967059527678	-1.50822141390372	-3.16510622626097	-2.92613404946028	4.86675944818208	4.11707990980876	-0.1411817358312	-3.50290917997213	1.7216765763483	-3.20933587573459	-2.5536236859299	-3.88185311542714	1.52151651455241	3.5637559758885	2.79661263148249	-3.4549000526744	0.579150339163528	-0.477554899762106
9.58598262206633	-9.37921216987824	-0.295332148890194	0.380611419141212	-13.021350662816	10.197026482379	12.3432925160638	-4.62830646258147	-17.890409376513	5.56194382739706	-8.59257954105669	-7.85585505438861	-3.84720137715307	7.29635101323212	10.6829340126198	4.40910933426319	-10.3570881073678	-2.08040912666981	-2.1813260731048
3.48728499852477	-1.10548097722122	-0.690295309631097	0.0910776090596399	-2.81428819403905	1.84012768285433	2.86241870277027	0.194286634818995	-3.50950107199018	0.119147990668386	-2.70411849448474	-2.8322983506243	-1.10499236924863	1.31451975297027	2.50830510155147	2.64926491748383	-2.57307546454543	-0.260997725332989	-0.711802286057262
-5.34092350098918	4.92266403325312	-0.518845690342127	0.999090970180155	5.33296123235622	-5.2656835804644	-6.0034867405481	1.93379416164141	8.10025549603962	-2.04887377608632	3.42070384815878	3.85311729659249	3.05961385213533	-3.29825596364401	-5.1812644235913	-1.75602973975412	5.71730119704477	0.435455320866386	1.05023761228481
10.3869830954287	-10.6224161452723	0.966223026849526	-0.047214359243015	-12.6948433016733	11.9045256540057	12.8496920511361	-5.24134474485236	-19.0422808599675	6.87361671881174	-9.08480464026163	-7.59848053553077	-5.06268408966	7.61165977085098	11.0399777717527	4.6259582790316	-10.1906768755755	-1.49600009020638	-2.83775895587545
-1.1654821820995	-0.492977753791934	-0.471867406666696	0.459727322375239	0.886867742239943	0.637897545269922	-0.416716236629412	1.81870982427738	-2.72744745626608	3.29174668852436	-1.83149383493162	-0.0606908286740691	1.18416564751008	2.10669180604218	-0.313709878656894	-1.24527119562118	-1.22854192696062	0.837056923863999	-1.35189256257439
16.0164583086978	-13.4627811601796	1.23813500810819	0.0720475084018437	-17.5469749863974	14.1697123951523	18.4947226186449	-6.70269702929605	-27.4599456326157	4.76586175511153	-9.96273059847879	-13.0459475875576	-8.09192793070636	11.6180167551822	16.0413340025108	6.41037799840731	-14.8999626888011	-2.20401206431516	-3.63244133975966
-4.06786654319239	5.01634543232135	-0.744366599684077	1.57030127186749	3.76946866690147	-5.75739036648122	-5.57225113414972	0.697524291461445	8.96636372736392	-3.72871775739815	2.54050675142862	3.1807431017168	3.15035389725122	-4.16111087297679	-4.84097354891908	-0.232423914088698	7.39172487383251	0.0818480396043388	1.30732737388786
5.91320332487182	-3.25420910899544	-0.885774590456837	-0.792370485391964	-4.83141683836396	4.41129085156047	5.40764412294	-0.363991805122434	-7.00341860792324	1.26103111114503	-4.58788891376762	-4.69432677450519	-2.94752153541257	2.74772753204242	4.7000767499605	4.19205598077046	-4.35315829082504	-0.186777185161664	-1.4109502193947
5.29721359475814	-6.71871245655124	0.447744591642495	-1.02602194909969	-6.34547778048544	7.14983581619616	7.55657691342294	-2.73571308185558	-12.5060432339696	4.27538197666251	-3.89643260575039	-4.65214437493503	-4.03129988638458	5.74770050346078	6.54674921104044	1.71049177724673	-5.99620835892379	-0.437259736414783	-1.84425143960918
-1.56866199117992	3.42482830663189	0.23392987817923	0.92568764968553	1.41685765180868	-2.47532846083989	-2.46157781323499	-0.415164921498125	5.81280619842751	-2.3599494052143	2.33636359421985	2.09658521799263	0.875734997011477	-4.09842677398999	-2.2199223493757	1.89369682714941	3.31783117652451	-1.34706033376208	1.35263484030976
-4.85197548651209	4.52018144519193	-0.385425828603578	1.00583723383212	4.80396319312357	-4.77449190821624	-5.46778501040888	1.63928255948397	7.40467211722314	-1.8601077960237	3.13314869048333	3.56425407993783	2.78824571779762	-3.10822257201458	-4.72767381982967	-1.48350417548529	5.31135169609325	0.318194905998554	0.962998231562018
1.62864746574416	-2.6733777260529	0.364431332216933	-0.511624804058917	-1.72205660494707	2.15483273339462	2.21326977941023	-0.543992401435369	-3.82357699744171	0.712970684316957	-1.06661223360625	-1.08079416709809	-1.07066749859109	2.66872535657296	1.95688122511008	-2.14642888088879	-3.40704814371414	0.853276382352842	-0.497500833728024
-7.652610369605	8.68038400579412	-0.113495558091498	0.92652103337235	8.2634817354863	-8.72558499842752	-8.96369327583743	3.23624832813467	14.2325144827461	-5.90215486144394	8.1845746671049	6.15382095034671	3.82543868625871	-6.62335238343369	-7.72616649418064	-3.65251091916576	4.70752879415711	-0.410848329982813	2.9260314728732
0.28391804896857	0.0957604579688365	-0.741038259899937	0.300137924084967	-1.40695701010607	1.18421196389339	0.904383956120483	0.345865085582079	-0.771513813099375	1.8260384525221	-1.42760822818657	-0.221953227170602	0.406696321001437	-0.450719162043121	0.763684632584429	1.72834049311533	-1.91394652147009	-1.10954176373578	0.0332357565931627
-4.38246560000974	4.39284897430495	-0.0943689422111883	1.18193619314308	4.96151022410337	-4.67480254246742	-5.39735081207139	1.77454123183729	6.65361361626606	-1.78382836537153	2.73145378899186	3.16223536150515	2.60724245185853	-2.73676813618371	-4.67532739889381	-1.239405048577	5.48759350425599	0.598103338994222	0.487142362950322
