-3.76274610353276	1.80896977563282	0.0590499490881342	2.52590339490931	1.22621271030522	1.76469229428393	-3.23325833396138	1.55579757122214	1.39453402023662	1.50988762389141	-0.450900165493358	-2.0678052311086	6.09784530813415	-0.876221839541291	-1.99291209641246	3.11572842530249	1.83731216749618	0.520540274379421	-3.15251014576451
-0.368335742217354	-3.51970535758668	-1.1977783303672	-2.19076363061009	-0.50090907504226	0.301028091028699	4.30830099866407	-0.587974602688444	-1.99613962645578	-1.70087410280071	-2.87287178714315	1.04076481407598	-3.23338249555201	1.99122660894803	3.49203314357406	-1.2690006082517	-5.74573093125425	0.795827832872274	3.95752789650741
-4.32550539735822	1.05417722331247	-4.1461915886221	-2.77180107242989	-2.04772683831642	0.566913718395432	0.597687848820602	0.91665561076849	-0.964789212762723	2.2248901264292	1.4686005689227	0.318826383604489	2.70835866047595	1.81969109428651	1.78046611456132	-2.82214781990388	-3.98248046727402	1.29826703691384	-0.331155097055367
-1.45666963484003	-1.70107600149972	-1.62571647805918	-5.36297466474957	-0.336068001021125	0.866635960683368	4.10643709889096	0.11247132285132	-0.13866834545462	-2.42880045157439	-0.556471592159209	1.86797117880358	-3.03500511493407	0.68992874816926	4.17648588983371	-1.85393550968993	-6.13163212426549	1.02877870252374	2.84232665632272
-4.70115335101531	-0.444379867667904	-4.04872555380207	-4.68692023132572	-2.83838202544463	0.395921414153472	4.22814665995235	-1.34183208686745	-1.43743487061011	-0.0609073447544876	1.01669826257788	0.399768201304873	-0.366501545527557	3.56664878563105	5.37021461378514	-5.94262870431429	-8.90514452830469	1.14541749649463	2.88800677618748
0.804420100343204	-2.05761737617799	-1.04260970308403	-1.51214401436239	-1.16210487319589	-0.355327507456661	3.37332346616205	-0.310948051467602	-1.52626123706367	-1.12014078187418	-1.50423583097158	0.658540954073316	-2.66968410636345	1.71486110748125	2.65158267264361	-2.46376242725632	-5.07037221138039	-0.0162954964072028	3.19995435984742
2.99189602440181	1.44366629013053	1.5546065902408	3.81846492550319	0.645661132098876	-0.776674222529377	-3.70114784918438	0.825218316081045	0.64365194002793	1.65281452203131	0.359261823044667	-0.436890203963836	1.43496393991945	-1.66360781245984	-4.16300790152806	2.46161013924475	6.35132861502034	-0.579809560744267	-2.68933264859787
-7.021922494998	-3.01156520020974	-2.57490692292739	-4.82800158118247	-1.62450459407317	1.23132982159998	6.90836169738402	-3.62602469203519	-1.89387239103592	-2.03489224905631	-1.16921648592429	-0.573830942745207	-1.46027146633363	4.94059961010394	8.14587713846749	-5.5506989255719	-11.934837869196	1.35966894313903	5.44657392784344
0.814543525972937	-0.926651119684543	-1.42429838056742	3.85987738599033	-0.249351390315095	-0.124422096999934	-1.31730510577376	3.97433163230199	-3.13526399083855	2.27043922380519	-1.76300780745557	-1.43864077793757	3.14103133015441	0.344048603829185	-2.7207011675081	2.78481458262106	0.70158738821786	-1.96735492651465	-0.221110633027024
-10.537327457254	-3.39212424481812	-4.95606107349021	-11.3147449306668	-2.61325995803056	2.56147862505749	11.840212945071	-3.96134294206641	-2.21108479862424	-6.59963106411102	1.30872790424228	0.339759110641068	-4.6617066268719	5.89543806091942	13.6221525942361	-8.13956163333841	-18.5544692146005	0.484415883178495	8.68267593114271
4.27770252603697	-1.04662149206058	2.07135495464833	2.89205805141107	0.79435206511353	-1.30800687823393	-1.67070626083911	-1.13012696206608	-0.302275875146263	0.723632586580661	-1.42660658593048	0.882923214687982	-2.33384877058801	-0.890379145787834	-2.8399650848099	1.95224964310956	5.4984804497595	0.393007812299948	-0.619589810036299
-3.0282035241331	-1.193621899714	-1.12852449246944	-2.56006570692278	-1.10437442052988	1.17882882087032	4.3447498191962	-1.65064608501743	-0.00955527182492188	-3.10820439465827	-1.08280177175054	-0.544460593003155	-1.27741020789108	2.29790950924243	4.98852212785556	-3.34794052785816	-8.07181787935636	0.414333918043993	3.45087909858118
-2.21726669905228	-3.83328733437467	-2.33777290282472	-2.85670069841267	-0.930459782361864	-0.0317782695536799	5.53826372734483	0.356921921012152	-4.6667998852168	-1.60167490289659	-0.494892321690029	-0.118545854726839	-2.89482364018275	2.98443136638851	4.342797663755	-1.49388585611296	-6.73744119504305	-2.12931521019848	5.17207667426663
2.43673842897405	-0.722091555147222	1.10350892270668	-0.25703457457792	0.650112433931382	-0.198335795392045	0.751474928804472	0.266679091384066	-0.0399731282533664	-2.061746657606	-0.008671460290536	0.6564042219348	-2.7223576085138	-0.990122952832531	-0.161554844048833	1.27401619305845	1.28269003931706	-1.03786450448217	0.909003434593293
4.06689765871979	0.527608578940447	1.15693129483607	4.08008246681179	0.418447248099411	-1.10651982278701	-3.0227102848282	1.65086976538225	-0.65775329378057	1.52768179537891	-0.103384289823471	-0.287884062101062	0.563401539672375	-1.42146695432359	-4.26317408199987	2.78506290421222	5.98987111963381	-1.36878724881203	-1.76461343579796
0.493592278966208	-0.216969633043738	-0.653051083990094	-0.147821821163815	-1.39872419465218	-0.835816723394302	1.25917737642734	-0.63445171270219	-0.874172806886354	0.495777725202024	0.0153859166245827	-0.214106406193367	-0.677191977905612	1.40775857608488	1.1460229127962	-3.06272405807087	-3.06615338963152	-0.39514443067728	1.31235984394566
5.29846574026118	0.311884721299322	2.42013231328483	4.34350857306247	0.899950148400619	-1.06006839418698	-2.73590371432051	1.47890584953028	0.0238377665069924	0.0294927300939465	-0.912611070813047	-0.447145413728625	-0.588395828962024	-2.15525486293342	-4.23527665918357	2.88857730378214	5.24624481705542	-1.9297983486867	-1.38618218565105
0.716669853559116	-1.23646798656358	-0.321787571561945	1.45677300835361	-0.113312842188304	0.498763074104071	1.91550665492512	2.74438377370447	-2.10902838805964	-2.3937624428228	-0.99382918059081	-1.69619497161088	-0.0017619728128444	0.321128800706151	0.563343468746159	1.31637947941383	-3.13499803916349	-3.40618807252226	2.36967435631184
2.30167566039463	1.65387599828271	1.40350261831229	2.8930149299284	0.745973796673329	-0.502965592765105	-3.53432625709149	0.735408707076995	1.07526874273558	1.41373658618954	0.668385544329142	-0.214145706099691	1.4573368733881	-1.79988792702787	-3.69645334766418	2.3128340303114	5.931430756718	-0.250218372805785	-2.80724210957559
