170,186,205,216,26,163,319,144,32,109,279,106,52,324,328,273,22,287,272
215,159,17,214,51,133,342,244,168,35,245,79,83,306,352,87,161,102,343
235,236,156,212,112,99,312,103,81,66,290,75,132,29,353,174,11,316,355
304,231,101,73,140,122,360,242,286,5,117,57,36,257,356,213,64,47,348
94,220,28,183,187,270,341,80,160,82,283,145,198,59,338,266,1,206,350
207,97,108,137,60,110,339,247,158,74,265,238,7,180,361,56,88,301,334
227,44,65,246,33,248,332,285,63,194,310,251,277,124,200,24,151,171,240
42,208,19,237,46,178,289,37,130,166,167,298,169,271,321,113,120,281,357
191,111,71,147,50,184,293,41,116,249,150,274,77,264,337,91,175,232,336
230,275,12,199,268,223,349,39,148,61,177,49,78,20,314,320,107,254,340
126,221,256,291,181,278,351,92,121,261,27,295,219,153,313,95,3,14,202
18,226,4,255,210,263,347,250,267,45,135,182,16,152,294,302,70,195,333
296,185,243,288,30,222,326,15,139,62,142,76,162,345,241,204,179,155,118
119,359,25,211,300,258,327,311,100,55,136,53,8,188,331,149,34,172,307
284,93,13,143,21,157,297,305,262,128,239,96,228,141,323,58,90,325,260
190,69,67,165,48,129,344,203,84,209,104,218,68,164,358,43,189,282,354
23,322,2,259,276,315,318,9,146,98,173,224,54,72,308,127,125,329,346
253,252,6,225,123,85,299,233,115,86,176,31,269,229,330,114,192,193,292
89,196,10,197,38,134,280,303,138,217,309,105,234,317,201,40,154,131,335
