-2.14146196330296	0.450241623547068	-1.03342903134305	-1.90078655243412	0.751678958963164	0.760364983823437	-0.811835782470444	0.575437142519609	-0.473277160833414	4.14158306911357	-0.883091441126653	0.468934645417547	2.11772512040078	-1.31613416905569	-1.46628172360913	3.18797536657633	-0.138829963298765	3.24836675234656	-1.03498644412817
0.823021215188123	-2.1875214994388	-1.67590210090994	-0.298635277345376	-1.843641435294	-0.33872058924802	3.3211326861758	1.66364449188667	0.532827341215725	-2.92469224909395	1.03983690039138	-0.743788525503868	-3.52301771466656	2.56234511836741	3.52308338142637	-3.75434862159653	-6.98242896847719	-3.47021243945115	2.89725493925382
-2.29666070980712	0.692260972120002	-5.40736769735079	-2.48365402873331	-5.87150037088268	-0.0480662223456019	0.571626923735437	4.24820232571185	-0.733030646313043	1.89101762107813	3.99871612673055	1.45294644568685	2.54504442784598	1.07408156720737	1.259406806863	-1.89972026716775	-4.79588932638339	-2.69065884269575	-0.18866190296507
0.486940771564348	0.833564842573962	-0.908776882316066	-4.72094628486862	-1.43982544105898	1.0518777481037	2.58697089616236	2.26787821922087	0.0876214078648845	-3.44107616317952	1.57692185172139	2.96673782828563	-1.31646403603069	-0.00864954342559621	2.55408040280469	-1.28947427469478	-5.07793599203053	-3.48842286501636	1.37695345116174
-0.102474811046941	1.44854396490506	-0.633190118854294	-1.20962400777585	-11.1458927040404	-1.84802512621969	1.26534795781028	2.08223764392672	-2.62949899148168	0.619231163568397	6.22682030072303	3.03329610828852	1.95228419704687	0.752877599004364	2.63535051114597	-5.66963199992244	-7.42488122175291	-2.9715703356497	1.31174511780342
1.42539356914513	-0.224435361932666	0.143305894593308	-0.234398529182131	-2.94583531557962	-0.453508051172315	1.74491014166939	1.67885600880757	0.0932523776182492	-2.486627728365	1.765046105962	0.957030305102576	-1.55847096373185	1.13720630185231	2.38957625091782	-3.77923145681668	-4.94845742874149	-3.5234855779521	1.52476809640373
0.454201298290731	1.19839037003509	1.92890738343111	1.66186455235362	3.01851451380185	0.358481168118821	-3.15034180540669	-0.5828414525564	1.26360827839781	1.59227892068327	-1.1166162132773	0.1610696386225	1.05791617393161	-2.08710201360523	-3.05819926527464	2.94324069418397	6.47091940921332	1.8795064555611	-2.72594086057295
-0.577051048704987	-0.197770419473815	-0.419556470416687	-1.63272257908835	-8.72848977542336	-1.58335835388483	4.82263578704894	-0.444801062436994	-4.97425009583133	-1.70246418698717	3.60266996234008	1.24724893133405	0.340091565685184	3.39812368783054	5.23823067219931	-7.25136317823274	-11.0758717047516	-3.21883632278664	4.77160673184452
-1.51900534829319	1.30245417880409	1.14662027992175	-1.37218637618063	-0.278808211823062	0.319051087089862	-0.262118104487403	-0.990507911721144	-2.51849887392409	3.18611075118574	-1.30947964600834	0.97036684490629	3.09836812798492	-0.94946836491955	-0.817784434251433	1.1452530792745	-1.16765217065861	2.86491375215574	-0.139473041971803
0.471942137426292	-0.139007057574685	-2.82192656277842	-2.08391707740409	-11.2650394638473	-2.03662684665986	6.59737000190094	1.99406205475666	-5.00539345348389	-6.76072176641184	6.53267862903101	1.67615967632931	-0.348462169602783	5.91048451943552	8.12115477152836	-12.2798957203511	-13.6048071202508	-10.5754322593723	5.95598265617809
0.530257831488107	0.296686775509909	1.30610014266732	2.37686547628492	5.87911836922217	0.977738845313896	-1.48972385466662	-2.60148124160539	0.597372592151634	-1.21809305665733	-3.87877595644356	-1.47077264257018	-0.425224050907813	-0.342826170009961	-2.04467732759786	2.42650954479269	6.24030117482413	1.87313534607549	-1.10630086278207
0.830358741245769	-1.22972649737632	-1.95485024001372	0.262774241809378	-2.05682213476323	-0.198247877399135	2.31366439200547	2.31322940949321	0.503338054301679	-2.56472042588528	1.08860430019309	-0.331536950265882	-2.11419335961074	2.34180174386213	2.81788360557501	-3.96127054547149	-5.83659629771475	-3.92308257066189	1.95008321537861
-1.37028346281966	-3.76175314536728	-1.30645349058763	0.399116604846828	-3.7774488484764	-1.89323607547845	4.71829823762085	-2.20151946937048	-3.09452496544398	-0.440702678658532	1.47084893784982	-2.96950970266512	-2.65179825896454	4.13592942317599	4.33354710089525	-4.16984597380189	-7.71420361392695	-0.653727230198259	4.99556168751192
1.23479445879815	0.733878926048977	2.31659892672982	0.125572276828881	1.87956626941142	0.358848162507013	-0.8009480153158	-0.9903103830227	0.850152076329868	-1.38591511829948	-0.428194839046113	0.865859894307651	-1.08914711704174	-1.2856282457254	-0.830403597698536	1.24682672881493	3.12322684031242	0.278357615761061	-0.729786657551451
0.136701557879168	0.985773141235417	1.58369593334677	1.1174047557183	2.87549087504355	0.474905831009262	-2.4769930383224	-0.877450068561614	0.877508550248041	1.43898566560671	-1.25534506276773	0.1265163118089	0.800364812022231	-1.79367073112823	-2.59674410685482	2.94838061427573	5.49657107328276	2.16204215255045	-2.15322572688025
0.783587760027162	0.37256695884856	0.629790936822379	1.47907261246402	-1.49012897043426	-0.628319485483777	0.182633165808646	0.346553501425346	-0.990440658343432	-0.980460230803413	0.265215722983227	-0.0701175118357585	0.805466970161571	1.02654373562302	0.780434980433006	-3.15622710374356	-1.65418663251285	-2.24859296465111	0.460519965623636
0.250170298485496	-0.956204329592932	1.48701469422016	1.60652105425385	5.68438997246383	0.844785377622345	-1.0432454745482	-2.46304341558733	1.27238378315452	0.433930278924362	-4.25651877408505	-1.83174596509209	-1.70162586210927	-0.988995882346174	-2.01178323128591	3.57399102815907	3.82927618650017	3.89981016444569	-0.691557136455977
0.684505919080044	0.12256578914333	-0.49176158962592	-0.795313533575559	1.61012757072162	0.393036494398423	0.526585852022869	2.43269005879967	0.5494834389403	-1.85480828987063	-0.222672975291285	0.278884855831942	0.163485018038643	0.68793497416241	0.919263657943688	-1.76894600803409	-1.58640528899494	-4.10778922162332	0.0228110830195334
0.285700547878511	1.26847902836372	1.36373978560727	0.86113928027331	3.09015853466441	0.591004072541211	-2.88110099120918	-0.111706230253536	1.37256537235922	1.26169661204362	-0.92593795770399	0.448316595201548	1.02274876547514	-2.06858065736093	-2.82747191652159	3.06015145045237	6.08367749049344	1.38222892847548	-2.68654427725354
