-3.45915768708061	-2.77899677251724	1.31314829308758	2.45858636363107	-1.54563010550504	1.71529218493135	-1.08567950061717	-0.473033951029791	1.99527988082794	5.39122163197301	-2.32761168230985	2.61285953440009	3.97347357719215	-2.3588667584772	-1.20189389903324	-0.3675615043012	3.42417690655023	1.77470711769281	-3.35928998898748
3.95503911976716	-0.221730402723335	-5.12955371822994	-3.33288085402473	1.18440344204954	-2.00460332668627	2.75146959375113	3.932755098135	-3.20889615178015	-4.39194963772611	0.940327075883937	-3.41489671325297	-5.23400406674692	4.41237087489971	3.22333796481155	-0.65114237932007	-9.08701361973777	-3.01068571712191	5.6680599148416
-1.55228931729248	-6.0178084837061	-10.409958386014	2.67760754118537	-0.521230505509443	5.53989961731262	2.74702771315349	2.4962774400833	-1.91258092853685	9.72067703987966	-9.89037497679688	-1.37466277363113	-2.25839567566591	1.24144074350332	2.24699289696379	4.1262302494941	1.83797813857862	-6.06995768871137	1.84755384486236
3.44929187887819	4.48448047848221	-4.01355527896508	-4.42030341211074	2.80690330707998	-4.16682957390386	1.71331378260712	3.48039458328502	-2.80370888974499	-5.07623574957838	0.991474338644115	-2.15869946832894	-3.72749507079146	3.94110188910143	2.04719769040976	-0.934267518289382	-7.67464382760142	-3.13391584917596	4.98778777437144
1.24814184863372	-1.45885403841705	-9.01465725871797	-0.20777948666642	-0.587689872682429	3.89613798894236	4.64894488955548	1.33788645488309	-4.75885779962066	3.47732828912167	-6.28839943715237	-4.89196922631963	-3.62902253881893	4.46157375902325	4.08451843417757	1.41267228480262	-5.59928106421926	-7.86296103002137	5.61013870796815
2.57997711876942	4.11692900864184	-3.92913300036157	-4.26411973280001	3.30148155173029	-4.99480238702328	0.9457386087652	4.06961183433982	-1.84055857041463	-4.37847451300001	0.949137479889032	-0.457613042979183	-3.53106781974624	3.15192459329924	1.43985182323996	-0.726825558097381	-5.9069928261131	-2.24090493399743	3.99072716108882
-2.3547438773722	-1.96674263395669	4.05749810341336	2.60160283760706	-1.03575138082846	1.0737642110303	-2.25211324764525	-1.9649616950143	3.44003449816771	2.22532783844552	0.204226012366677	3.34357927896488	2.6932896688026	-3.6482152180905	-2.27171618613429	0.425534592010672	6.58040307788188	3.74170136519569	-4.37605361436504
4.85802418221613	6.67295825484741	-8.20661962093607	-5.7169877888667	2.08567836607633	-1.52271891333566	5.52068888710316	2.25426765417157	-8.52284258217371	-4.40919448267629	-0.811781315208119	-8.63410518402887	-4.59705703481595	8.42465335217442	5.1135250638352	-0.906131973415301	-13.7074883322131	-9.78974340018323	9.98614918804176
-2.16373691852277	-3.22673129798115	0.0212768520598061	2.6679692274561	-2.02838396592231	3.56436880145899	-0.035105172948243	-0.660261597464526	0.438131798870216	5.52365678013621	-3.08271500923932	0.0192434127899492	3.21100766277384	-1.2827549443586	-0.378233028711041	0.299312395699222	1.50575892738853	0.192271173674806	-1.96597368551874
7.36103884972416	7.74958722584437	-15.0615086803581	-8.0962125226637	4.43025104568194	-2.49890774164209	7.76382834928262	5.05307725036835	-12.0906617989813	-6.03219845512507	-2.03997925026987	-11.3239719172548	-10.3020827832641	12.1298893261212	7.46808750971631	0.955828470253485	-17.3904471975165	-14.6749713984071	14.8141220688612
-0.747719804138625	1.27420845450372	3.88732010103362	0.527037338751153	0.223883707059595	-1.32051897017586	-1.94175090720146	-1.96397086154762	3.01734247509944	-1.64583524732548	1.46833295415923	2.91399989917609	0.985772224174829	-2.6288564871532	-1.8850875126928	-0.0989747439657708	4.98916420937182	2.92714960742066	-2.75167840492094
3.52859278799103	1.17487462551982	-4.38249878531226	-1.77711884856619	0.284297323584902	0.792210061402358	2.96186969340103	1.44186903609364	-3.1387861033608	-2.25287939596943	-1.66355575818448	-4.35560819131778	-3.27761872545338	3.61929623331098	2.78800985300668	0.0242180889636696	-7.06256088828708	-4.17107928558838	4.86446922405255
4.51091745802457	6.52718939688074	-4.798418559609	-6.6292566012787	3.39424256874237	-4.78010557259588	2.87472270613006	3.01535992312349	-7.57527238220939	-6.84731631604543	4.60881323424058	-6.93193712864318	-4.21276913411653	7.03784488420131	3.06466521625635	-0.826180347892121	-11.3072953124415	-5.89842192614267	7.81659083801656
1.04915096277097	2.88611731074416	3.44728336355807	-1.5231368345407	0.958129003941933	-2.98669596791248	-1.10962220714244	-0.728840127812205	1.07633173511717	-4.67119923360847	3.84921661703064	0.97071340992813	-0.244725155603156	-0.466934828477278	-0.849308496328469	-1.08673209780283	0.209052150559295	2.14234421769739	-0.377002963216761
-2.24745039983365	-1.73044729529623	3.90242949429809	2.62213884169649	-1.12265695039168	1.35363921542211	-2.03878508864104	-2.19639512212088	3.24768747369506	2.29046470030155	-0.103751244558811	3.00471649375722	2.71951093315529	-3.50085484753596	-2.13594709474484	0.459676682731393	6.42264071813	3.35386852826483	-4.16290202604121
0.224154613833113	1.92553957509691	-1.11170770172878	-1.25741078373498	0.274561100109635	-0.938985081093561	0.997069063149296	0.389450372741163	-1.2615470120384	-0.963918993133787	-0.239080803256851	-0.599283350511352	-0.464598355297558	1.53090839893102	0.974618926936424	-1.21283088992401	-3.22520573534557	-1.64789648741075	1.67518946360424
-1.91445562861781	-0.243637344887624	8.04505494016465	1.90587389706213	-1.75185323860966	-0.371959914439888	-2.90066382184187	-3.02078929628454	4.10176063499939	-1.47350878510698	3.35134394337043	3.84867691737919	3.54319340999352	-3.95840308783006	-2.7321439550359	-2.1691783472438	3.89778998330611	5.99473024370041	-4.94751454537575
2.35751360497151	5.23035415697568	0.264749996891886	-3.86117632393139	1.74467360053921	-3.98157827274221	0.523171269642242	1.38157838028031	-2.27297232619955	-4.97460356934846	3.15887357016146	-2.22322446792877	-0.154731593046618	2.62058372417346	0.700460934999018	-2.01961442529447	-6.48189607844891	-1.04505562574331	2.85715163949751
-2.59215892717665	-2.26337416756481	4.06069023524585	2.88277573337028	-1.44965218366162	1.55062809710638	-1.99538264056674	-2.33254291875522	3.49873458098683	2.60670297747076	-0.236658730593324	3.33349110582595	2.86593659000599	-3.66482625510743	-2.07979892897344	0.246129299647227	6.58240042924962	3.55096149222638	-4.37894264316154
