184,297,115,125,49,144,351,53,175,96,155,217,84,331,353,230,10,218,182
127,43,55,265,128,287,306,110,223,28,109,202,69,272,360,164,98,118,348
89,206,151,244,50,120,278,136,46,129,199,261,149,59,359,310,2,304,355
247,284,60,45,51,192,347,207,208,23,119,124,135,286,356,233,82,63,299
189,305,77,242,54,315,319,203,88,94,85,156,107,231,349,133,1,264,256
250,325,5,142,52,238,354,200,178,14,126,291,91,64,357,225,41,214,292
39,188,16,48,283,198,330,296,269,165,288,237,79,159,224,31,157,187,227
81,213,27,196,15,266,352,26,106,93,148,341,123,294,361,18,153,275,339
246,228,61,323,83,220,293,71,209,258,58,73,132,262,333,131,117,102,166
316,252,65,301,21,253,318,72,70,177,42,307,32,186,346,108,74,255,229
215,302,100,279,76,239,317,183,205,210,6,236,47,282,311,121,11,138,263
87,248,4,240,35,181,340,190,176,99,172,158,29,221,345,222,66,290,327
274,303,90,312,36,241,268,75,179,195,56,170,38,334,343,114,24,259,116
174,324,30,137,168,212,358,321,216,33,40,173,9,281,350,280,3,161,243
314,95,180,235,8,146,154,322,103,150,111,171,163,160,338,17,147,335,332
298,257,86,328,44,193,313,194,145,140,13,201,97,251,344,34,57,245,211
191,271,25,336,62,300,260,105,80,112,37,342,101,285,320,68,67,254,185
122,267,7,337,162,78,232,219,277,270,19,22,167,273,326,134,197,139,308
141,234,12,143,20,276,295,309,249,152,92,130,113,289,226,169,104,329,204
