-0.608976897694829	-0.558575542426193	0.714988283569778	-1.68636604126468	-2.05816856704912	-2.45064359234307	2.08123147960917	0.776099281485756	-1.78853741162818	-0.7653318668812	0.115607163299948	-2.66980036681652	0.789759619205224	2.36709838323674	-2.17320188633504	0.356435796784488	-1.89096536240912	-1.03661035820705	2.53162638965704
-1.04678399275332	-3.44261695350343	-0.36148928907466	-1.26338888358865	0.255581373038064	-0.752240055529827	1.79680466273969	-0.827460992628163	-0.767493700918394	-0.258849003482982	1.30420246377836	-1.43377275727075	1.09174661646665	-0.738003509456588	0.395279881347852	-0.616552888813288	-1.19966946319904	-1.41587693406017	1.47442359902384
-0.506616447719148	1.28946156025388	-0.368482152640471	-0.171123919353735	-0.928820595051033	1.95751407256065	-0.672663742072213	0.171713989070081	1.14891978445368	3.83942141580821	-0.588755427462285	-1.65335212938099	1.91158753406888	-0.287930246781289	0.51402396530841	-2.88928553368713	0.205554199371525	-1.15178995998252	-1.43929697319855
-1.12543652449224	-1.18358435581271	-0.202362121542313	-1.78233091404733	0.329419235188123	-0.359577154451652	0.746316048109466	-0.595950692606829	-1.16694882235284	0.39046488125453	0.308309298865389	-0.478764418316175	0.834966782560661	-0.0197941429924556	0.495137456884157	-0.328943971346905	-0.382315427757037	-0.701551086404019	0.275663124118026
-1.84626066102096	0.454355222081443	-0.165867681077055	-0.611002695496817	-0.699926017050954	1.42078827053478	-0.441990110652862	-0.642130990804201	0.600764914431145	3.92412990136711	-0.0129125854311013	-1.53750559086088	2.33470471596818	-0.309698023296796	1.41060967002165	-3.04989822493519	0.157064279457818	-1.61969962539035	-1.61197322333714
-0.774044334790641	-0.560534645646157	-0.0723963263515301	-0.562887319409797	-0.0813900820056838	-2.44192710570755	0.623147330925055	-0.647698840740651	-0.437781061772119	0.11217842907716	0.175574364964253	-0.251969766257162	0.592963409274294	0.102181932083593	0.952597597977749	0.0549040504878377	-0.920829251687933	-0.122879502130964	0.141412020039989
1.31067955454165	2.67683749306535	0.619727240703854	1.68460579740745	0.489107364306948	1.96652676264079	-2.79047758737731	0.841074281979103	1.39299356142372	0.45598489685665	-1.33575279149277	2.22477333504815	-0.629959455353818	-0.152788018491096	-0.00280859060098905	0.110427439637396	2.22089231307402	1.43411137754003	-2.59341559397854
0.0163616642396851	-6.18573819442696	0.331789147647653	-5.8974437658548	-5.06411916618304	-8.6903937909311	9.61928019685222	0.34210277029321	-6.17878014358116	-5.33444030012026	3.03173705501748	-7.61398107707927	0.0763295061746615	5.88749991609336	-6.70443475196098	2.06609498152083	-6.1743266777519	-3.42343908695313	11.5825006054755
-0.879631685803619	-1.55000517894716	0.356633275881127	-2.3899037965014	-1.3610035771985	-2.33691040407933	2.39429123428548	0.810738005453769	-3.22917114889113	-0.888256555181451	0.798681153776802	-2.92859587255338	1.15344501330142	1.51940111199149	-1.15529550161771	0.191335073114081	-1.73950221700467	-1.64893745770848	2.50986478445127
-3.02141347799173	-6.92628610828445	-0.697709431716163	-4.49443294032424	-1.16486479594158	-5.06330088724878	7.01092061535151	-1.61488452566437	-4.70603563197081	-2.92745436221491	3.99184426995005	-5.33769742927868	1.30512115887641	1.17433275836412	0.160010024851578	-0.237185466009363	-4.05644700173435	-3.42483129609646	6.6557185097428
1.57562744768095	0.682043531843739	-0.112143154246709	1.47006531568284	0.912299435920488	0.177471809863952	-0.56759762277176	0.272945472546646	0.270490628597118	-2.81149961553042	-1.34089547937647	2.86576753046097	-2.49667124131652	0.274640311522338	-0.892859196818467	2.68712377277223	1.09933587631872	1.40039568575405	0.27263294641096
-1.84724705744425	-1.52323624693763	-0.647334199305914	-0.893169631969673	0.767261623040736	0.317441824619361	0.975889579111215	-0.830682332545442	-1.03242659013109	0.76378795813373	1.12451790917021	-2.18292923409792	0.835476325168282	-1.11683388119297	1.34631154337364	-0.657842669058361	-0.855004219054687	-1.11683744522836	0.353980774309499
-2.32393787788962	-5.44982088779366	-0.88776677890461	-3.79148772036714	-1.08741116854491	-4.27759107225686	6.35018796229742	-1.61909105079415	-3.70683320154099	-2.21643437487137	3.46151020778423	-4.46596480747882	0.0658319697963966	1.52270884336225	-0.380723405900595	-0.0245667510347869	-3.85085063387697	-2.53812785223414	6.09882262537785
4.9967265750161	1.15174930086981	1.20687981237949	-0.694491685957221	-3.38133495815482	-3.08266869029166	1.83225833571099	4.33408347854366	-1.52996879584321	-4.89723807447948	-1.26099506822029	-1.79536970411447	-1.60053056538645	2.40959362167448	-5.5748505096359	2.89697133113985	-0.339967025759457	1.44991279899289	4.40032362942926
5.66274972504287	4.16515645318832	2.21212466075075	0.111963338699691	-4.72499546159468	-1.29380549853457	0.09875245746797	4.75573110926953	0.0801476155646802	-2.57838408389613	-2.78657311178852	-1.91181439684067	-1.36484785587673	4.42216498768655	-7.24076673731706	1.10923322238761	0.508253553247527	1.84699173494284	2.70726525532257
-4.69942773170928	-1.2783847002942	-1.81417150719233	1.4290298947975	5.35266214877714	4.92268485916065	-3.21625154516497	-4.63445831053194	2.51980401960276	5.4950323343231	1.09426823113076	3.71500343609942	1.80245750617764	-5.16342441893204	7.36412516148242	-3.59796607466973	2.01332939038332	-0.974887775085788	-6.31965827999962
-0.539362334286546	0.455601838332128	-1.213075724831	2.01227528482843	2.83311720275503	1.68620631078031	-1.84526721877456	-1.99938895959676	1.69068681550611	0.396977113031205	-0.170457814970998	3.50542749167348	-1.65970169640587	-1.92493397546617	2.23278597239056	1.09040507328994	-0.212099203009387	1.74289945732664	-2.3400826644022
-1.29649282493236	-2.70444888685129	-0.177887452968494	-1.39255950216966	-0.370741337568997	-1.75546334833558	2.4778457016742	-0.198099920341503	-2.13383715110824	-0.790872227497719	0.94410694167632	-1.67417610294005	0.844645457645318	0.567326327658922	-0.418206070989825	0.00286420118393484	-1.40333647973363	-2.80083814912124	2.37598620420664
1.50454735418396	2.69748500434187	0.779769780455759	1.56709766284175	0.149052426943153	1.56470250121564	-2.50662789788632	1.17313976480338	1.21328182483489	0.195167360838826	-1.54859984172035	2.00256530410119	-0.643919381426893	0.307889717908759	-0.581403971323105	0.307227557316873	2.13661004557659	1.29660728398613	-2.21596192113181
