-2.24240122328502	-0.795704815810296	0.896750603570947	0.911651038699128	0.0107908294374637	-2.84669683204905	0.924663328381847	-1.73119242002127	0.243317861277157	1.45471015932074	2.81087273006281	-0.293272831331445	1.29386662572543	1.30197977898885	-2.92279971466019	-2.63835386348746	-1.10338912804433	-4.43697370570381	1.62897205439378
-0.498594919744029	-4.29325392844197	-2.18048382882298	-1.33049230835791	0.741503520264981	-1.26011009899508	1.09137276071101	-1.39305298497425	-0.425147932143533	-0.225972866543513	0.533086484527175	-1.40293011409014	1.59644012749979	0.18419055246058	1.35157193317728	1.21033296963452	-1.33833139791016	0.334992582041881	0.517403763502361
-1.78553140951028	-2.77226609876012	-3.96659904410304	2.6736999968671	1.75853451769732	-2.99145272632801	-3.42620099201691	-0.821960912067662	3.27102411202955	5.54198311451868	-1.20055541328778	-0.151266805572556	3.31464765722756	1.17234917602332	1.73112732149617	-0.19589883670461	2.57666450539266	1.70629371660262	-4.64651034890143
-1.31570584097389	-1.56503494191319	-0.636906843879468	-1.66067117790047	-0.257568722807816	0.724981508188182	0.906004479629973	-1.32312198226075	-0.46078883178886	0.410225306467687	0.199654565799819	-0.893443054251506	0.756023293362558	0.18652476178587	0.893949733307596	0.12761621694241	-1.31182466681541	-0.151548323608099	0.593899549223378
-3.35095572223661	-2.22474522192417	-3.54992504447996	2.81541403548576	1.60528662668745	-3.99117089045996	-2.98298586332211	-2.35082205879941	2.00899846131166	6.84009688785243	-1.66308503308594	-1.50966958418663	3.03031470704045	2.31212184660016	2.33871952266336	-0.638876857871819	2.95427135570575	0.240769087026087	-4.39434832042908
0.316627892303089	-2.63432777083783	-2.1918050159225	0.706741020196268	0.933724962507923	-4.68863870187994	-0.142773632965991	-0.775286286794235	-1.68640357991343	0.94699001392761	-0.786276660653216	-1.88737819408153	1.5201644941778	-0.491762244343793	2.79790648852037	1.59013818263179	0.992315178282421	0.525571132189197	-0.859704089383531
1.49357595884747	2.61742770091063	1.1874759010426	-0.956851546235779	-1.07940236442578	5.07650109430384	-1.39222632384392	1.91886472081656	3.16647966109814	-1.48193292200189	0.496581003504832	4.05091635265055	-0.500775903767963	-2.99412763824204	-0.507277488229867	-0.72109787489929	-0.271657545745292	2.72103865185265	-0.817130286007082
-0.356863665525478	-6.85081054390833	1.36179201791048	0.86747080217036	0.192675565811103	-14.8282012404305	7.58310065941959	-2.76618430647845	-6.94661175005647	-4.16687535913477	9.51550299899731	-4.49299120903802	2.59620022539006	1.84836729240189	-5.54610069802373	-2.70718566863692	-4.56386915652022	-12.5302567233421	9.85903014266583
-1.00036399886324	-2.10183141069044	-1.35981588737157	1.71450744191508	0.982125295391835	-6.5543798780371	1.03949634884141	-0.961805391255959	-3.9678191738124	1.90690007402039	-0.821178221994365	-4.56389697406526	0.623489342692987	3.09767797751963	0.445261091347009	0.776563889991444	0.855909108993484	-2.85159127688383	0.492030340617492
-0.567397473998665	-8.11984334384034	-3.66953829057691	0.741977241497854	1.95586215806927	-11.2966649426431	4.03798413332159	-3.07504910444356	-6.26951739258234	-0.506642150570977	1.58167551700569	-6.96701392647067	1.91663965191023	3.70437001746587	2.23141249035262	2.30228716776526	-0.356045662952619	-4.26195112328881	3.20082117734943
3.42417388236406	3.87630779253351	4.36640516737469	-3.67114153844105	-2.42792336480474	6.23199434711811	3.10560045754881	3.08245564358801	-2.3831044157418	-7.20307611917126	1.12820230193644	1.68882105285028	-3.87089853094264	-2.41485446823489	-2.44797684988567	0.54799922358792	-3.28959433914746	0.238990150479177	4.62111783403132
-1.65181044379004	-1.23169328561649	-1.1979128821041	1.06062275492531	0.987433701873349	-2.66646332767985	0.151867771764393	-1.14773896524338	-2.05442906961541	2.46053776323603	-1.91802807649582	-3.49692832955372	0.0461229962168064	3.2875530125915	0.441155498396595	0.770512030315797	0.842706140932616	-1.27636264905368	-0.668294060880348
-1.37245739073547	-5.49693922866308	-1.87927997168068	1.84728644273095	1.71430755752856	-10.6916631083569	3.78792958444833	-2.99755577140318	-6.22788918512892	0.317906046657576	1.35750552936041	-6.87032620609263	0.694705092157872	5.0977026664654	0.231534041188584	1.00157145155623	0.193523351272234	-5.98275840225622	3.34668619123553
5.08247483713927	1.63626465609043	4.16025149664822	-2.01497244061703	-2.88119072205285	-0.102741784527215	2.90712042096246	4.26649485422866	0.130626510133791	-8.20886094126971	7.84173394901553	5.56817978986545	0.37218493423618	-6.86205357112411	-5.14244387168006	-2.71317083182529	-4.47910908649862	-2.51361872938068	6.18323892944858
1.88537630140293	4.32325097095784	4.15340174127624	3.83955691660054	-0.545214729251118	-0.327745950652195	-0.865548124971856	3.98564418949044	3.40842005970493	-1.85567232707263	4.69003500647224	4.40035573029704	-1.12165542957696	0.467654538788384	-9.64137680989773	-4.79793375683629	-0.382424106479004	-4.67481122540807	1.80548038618176
-5.17220420004341	-2.02909402698767	-4.46584922615545	-2.0465484354727	1.30443150526976	5.35255780469509	-3.10115661567375	-5.45827499326321	2.48146622066093	6.91234133647683	-6.81273749531768	-1.96677869973865	1.0311425680048	1.56957173202074	8.85831166078237	2.7505533158227	2.67175422460584	6.29623639974683	-6.46966562390052
-0.000926075924740921	1.63617341181018	1.53542683590832	-5.1348379683249	-1.66269547355106	9.74969591030979	1.12045966084666	-0.139217406049339	0.664047387688672	-2.98931346698416	-1.43879967029786	1.61548576107532	-2.111767473505	-2.02919073498898	1.3341643392678	1.19225122613165	-2.8610672622782	3.48375115238927	0.965495449023891
-2.92592486269554	-2.79952320531795	-1.06155015647851	0.920703131062875	1.16930047485071	-4.77758437861131	1.33957486871718	-3.49950266376166	-2.39724736992788	2.45260137688596	-0.205035218027465	-3.88960655326447	0.714222090286109	3.39670545845432	0.566952944462646	-0.0292067069714255	0.257894235424069	-3.46075062964578	0.680901760981035
1.65477457391372	2.47903162304453	1.30999537541228	-1.07424970570604	-1.15024921209317	4.84548821173451	-1.06511619723994	2.09096619628541	2.85016807034239	-1.82886236224412	0.797853364816602	3.92180849807634	-0.484386840069628	-2.99485424764001	-0.827370102737585	-0.733433472125628	-0.58290618005545	2.40708833665534	-0.375660900603716
