-0.468571393814376	-1.99433803425751	-1.96173959827505	2.63725135687417	0.270938500551429	-1.65766953659908	0.596134999748996	1.13822703493701	-1.99456578862611	1.38195845737989	-1.02219049699841	0.0798467826844166	2.207648632474	-0.498802278920129	0.604220960590442	-0.0187422252790151	-2.2963789367507	-0.856715804420325	1.36135302491801
1.06463472293371	-0.965490121692878	-2.29645762350316	3.24302399647021	-0.59386207086604	-1.38109079158808	1.13003656183901	-0.172760723171374	0.0390309796098449	-0.320381012193092	-1.32969846739818	-0.61789748654065	-0.135784980925661	-0.693867500560201	1.01962817882348	1.406447592665	-2.46563665759844	-1.13409079042497	2.17707192857682
-0.424535155930615	-3.01313423071207	-8.83275172613338	7.82205798164573	-3.80811441408324	-5.15063119431755	4.7650396184811	-1.11882398792709	-4.15918994719436	1.87743367500707	-1.02279064388412	-4.28700957250003	0.623197834859088	-0.221045343200971	4.38212564672815	2.8216027756825	-9.25001759341633	-3.69268382409252	7.77391334023282
0.739468093254002	0.729338173002906	-0.701567997873973	0.21661492673925	-1.34292173672569	-0.0487260251581134	0.985774973158803	-0.49960686113841	1.00111321648607	0.0452479807125523	-0.471813753175163	-0.982870694409658	-1.06360229340033	0.184897885728028	0.82644586772887	0.432237869709087	-2.57369855488672	-0.398047940713283	1.17549478371166
-0.0669955106186602	-1.73601604567782	-7.25690100186891	6.95160808276654	-7.26805355313592	-6.74835974492898	6.31242214849152	-1.41039865620528	-4.21100303051509	1.69168533360304	0.574641013965145	-3.19437028381748	-1.43027206318616	-1.3859493548732	5.29205336507257	2.91651105079889	-11.362343024235	-3.02611063839969	8.63319721866353
1.08170494531358	-0.0950022840170912	-0.872755636808875	2.57593270521687	-1.25003002589619	-2.10834281355607	1.02122131780997	0.427588616945956	-0.445630643757701	-0.261077442170632	-0.224615290969948	-0.151504327514716	-0.66107615761136	-1.81838809831931	0.747859275510755	1.69734853649115	-2.12248206860752	0.217754968500748	1.73044764586493
-0.00891773835820286	0.480307724346817	2.59784599042212	-1.95406901541909	2.72832019032378	1.6712349754332	-2.36703762592254	0.705147588471501	0.560406376209019	-0.725779227395958	0.235169950348685	1.29857829600885	0.741547948146242	-0.381203555863437	-2.00405180245338	-0.597330392515432	4.90999353809708	2.06643189909278	-3.04930861492261
-0.0341048507052382	-2.01623488270378	-7.41962243169561	5.44908000318056	-5.31434355639468	-4.05643858418756	6.06087178627592	-3.76239620189899	-1.82419955934118	2.64988821482896	-0.953801708545756	-3.7711493997108	-1.76095215514902	0.915731755976851	5.344936230487	2.27399514252408	-10.5776156634064	-4.95382950306066	8.29519930926766
-0.24466067095886	-2.503669776066	-3.48781935138953	4.69952604144834	-0.558578145336822	-3.41805576832956	1.44273639312486	1.19579394704854	-3.51389092447852	1.50177289981145	-1.023639247459	-0.385601324455486	2.41159668991438	-1.74351438611097	1.3297463708834	0.968033300450743	-3.59780448785219	-0.165297584805389	2.88634319201717
0.299535635184295	-2.40042361808726	-11.2791877650189	10.8905215277219	-8.89568476238635	-9.14338726549067	8.31530104811404	-2.49564899329825	-5.55261748992323	0.963217770917137	1.079024098773	-5.93284616408987	-2.52908180419876	-1.75456722977575	7.16467732858533	5.677154872581	-13.4085214531498	-4.41402285202368	12.2779988164337
0.162389518873299	1.59928698179945	4.10479063642483	-4.82390345293393	3.01260040842406	4.09673029825045	-2.99083976851576	-0.829011775763904	2.72685984038042	-1.36501904185696	0.0357191253135847	1.75171760451414	-0.512313606890686	0.927755647102364	-2.54838583634526	-1.75725411502222	6.4987581700555	2.20427316746024	-4.55251091798198
1.06228703997942	0.00197773096498499	-4.72518064809298	4.28571650770233	-1.48103296167653	-1.76778367382571	1.96168386667202	-0.111080825150405	-0.0761489894702022	0.12236548717197	-1.09193539769013	-4.177813072416	-0.944214214413319	-0.0627399126340602	1.92353520158053	2.93983589312606	-5.32890463602816	-1.92905228272792	3.96525822019008
-0.891749200573866	-0.72134824566438	-2.53684606314549	1.52169952419631	-3.49575134654745	-2.61425872657732	3.32096213049419	-2.07321110874437	-1.78753800804823	1.90642072021956	1.11752742876116	-1.32187889981422	-1.31964303929632	0.365127397764185	2.77463696412885	0.839038998439114	-4.76853051986096	-2.37325666005095	3.93925688559911
0.672455689352703	1.55094604639997	3.77749433821903	-2.69598198716097	1.40145014130832	1.299746640325	-1.79541330762974	-0.2129196357118	1.18258342352568	-0.989408918341734	0.790191520168317	1.85932888238992	-0.95219876174866	-1.30379907575061	-1.71562606543347	-0.166397223889817	4.64747660471297	3.07491504743769	-2.83496752961013
0.00620716871917432	0.481697790777567	2.53144699366236	-1.81304764489916	2.16705847388451	1.29692485606656	-1.98761841556844	0.57792440867953	0.425410032008415	-0.633300193804597	0.371030006073435	1.3833006055993	0.511376451708565	-0.519507229483059	-1.72593057136651	-0.536052363101885	4.31310702928686	1.95452433612915	-2.67371482248095
-0.0701431233597209	-0.854589442816561	-1.7137321684723	1.47644183813123	-1.19781721107959	-1.13117873435806	1.05331897196	-0.0423604862855447	-1.14290156059818	0.22127149360127	-0.476254478112176	-0.104726998635098	0.595976352574026	-0.231399099268732	0.912109223488487	-0.153764881551878	-2.19282569057618	-0.195895456205621	1.43944568688792
0.0156379919282145	2.13104002406028	5.96239934872261	-5.95559053513505	2.95732902811619	4.18144920336785	-3.80741694710399	1.0554258263321	2.6800837103992	-1.05541620740541	0.12412113885351	2.93858083851195	0.186438974804842	0.336389245538563	-3.42701406204901	-2.7570245148499	6.09066380945114	3.10310823494864	-6.02991349033873
0.27210049099813	-0.939955363401311	-0.409757988796811	1.39354308987862	0.36388998918996	-0.19000365190815	0.174727165686736	0.674924035986827	0.875048633038481	0.159544084800115	-0.976061981889087	0.298515962653157	0.308898087636181	0.478809323863975	0.147345145411646	0.23350796668865	-1.41719539138817	-2.5078394334397	0.485072931875224
-0.0775488366681921	0.556483130440514	2.93709052630066	-2.30248612000553	2.20199372316449	1.52562879388896	-2.15344268983963	0.658115729853505	0.46200337567288	-0.687754806169317	0.449885670114811	1.71122068567908	0.638444765310196	-0.452485995950503	-1.88814360855374	-0.910246897080978	4.66073249800966	2.222427639166	-3.05341580552149
