0.318206063098156	0.809560640453363	1.5399421806776	-4.37626611457048	-1.55545076565543	-0.454020879014953	0.93793108071961	1.6637992952095	-1.75900876208162	0.434236453265436	0.37305301299083	-3.48584903868804	0.409984562319115	-0.0696763139011374	-1.76209667544998	-0.832334944015279	0.595755005338157	-1.69092588057522	2.26136048312321
1.73347792747545	-6.26461738761939	1.32223047362151	-3.05337784197389	-0.639080911126463	-1.51558399459538	1.47965061243135	-0.216877607122557	0.389960520994489	1.18897102105594	2.45573502777287	-1.97116151452832	-0.41358812295255	-0.856850063584394	-0.801588434866769	-0.365621151984631	-0.662439534687529	-2.1832298072128	1.61086179462497
5.62495873388634	0.630030826366493	-2.87540973425019	-2.49548040081325	-3.42193652715099	1.78964469112096	-5.15106200364779	0.585723081586333	2.79807041977508	6.20395504705589	-3.96973479118726	-0.328485353572098	2.94722732362929	1.26940644620974	1.92099931106477	2.69881982324553	2.57771095453091	1.90585911826896	-4.53068257363079
-3.55693369047645	-2.66876313618932	-0.621133823638131	-4.86263650309324	0.513357033629444	0.0232515515965215	0.677243052189192	-0.144756043974532	-0.122781905941858	1.00221001343736	1.41931979181486	-0.845715795613909	-0.499711500657186	-1.48917173475252	2.70778574781498	1.18890681489781	-1.03272613094894	2.5052628109178	-0.212122633955964
4.4983524034361	-0.802608254825032	-1.6326175148857	-2.62843398327657	-2.97584121926918	0.960717895364791	-5.10934886096401	0.809604881685654	2.2454653956754	6.23439251563013	-2.93472818413245	-0.60176713097804	2.95750718604683	0.0978291082265912	2.79881557075238	2.17028308868509	3.60685730938027	1.5780029036419	-5.08403782789282
1.91855060572248	0.108037035895137	0.690548505572325	0.571090003583913	-0.892065512384267	-0.483562967654357	-0.958406764184638	0.540548981268477	-0.206066731430331	1.10801690277637	-0.704045231655853	-0.72070883301364	1.13658518201486	0.117545602488938	-0.787183686936681	-0.470052007528778	1.11611555589781	-1.47746932231439	-0.573933551420481
3.10293546430031	4.11391625230323	-0.535570111460634	3.81273929064946	-0.381684960486511	1.55540839119827	-3.06536015877237	0.23413086924804	1.54221092372466	0.379320218387424	-3.13180269639098	2.13753151768871	0.486270812776156	0.796819272304327	-0.251870712534402	0.667320114456214	2.37109273121852	0.880575779634393	-2.75522151392334
6.57062704748028	-8.89045223230667	7.15315559946242	-18.1262244640771	-5.73880639461333	-3.25110812231956	9.05863864200342	0.0662989175160311	-4.63134132331045	-0.868801843143574	6.14457214094716	-14.6130317271316	-3.08662113461632	0.925897230701795	-7.84567694928532	-2.98073540087162	-0.416047245408693	-11.8479834519784	14.6436259505421
2.44990198548385	-0.19326500232004	2.2728296695335	-4.73981735356094	-2.54548896400756	-0.994426484467732	0.775368884803268	1.04548163898295	-2.06194339949282	1.19324159622504	0.130312101469816	-4.77935306643502	0.936330846106546	0.332489652306679	-2.10444623276132	-1.08371257927209	1.52490646354839	-3.72352158418787	2.59411650676611
-5.39471044036423	-11.4734606136329	3.25975175951883	-11.4274013088633	0.157733428081002	-3.47984360771866	6.77056600898157	0.159597808821046	-2.78340370343216	-0.680902995191921	8.55156524260973	-5.97180966557443	-2.60188885176526	-3.00067305208974	0.989908279009614	-1.59872578425387	-2.2480113100616	-2.26578400954063	6.27932705346803
-2.42052262128134	3.59286358266716	0.474380042121438	3.99304268731692	2.23153587071399	0.267956906564052	3.01172593128529	-1.69507123254356	-1.49372773788528	-5.32555521556495	0.213470252510007	1.34642644371039	-2.2177480559131	1.01659628092029	-2.05968243248896	-1.07276437747288	-2.38286807746424	-1.0001993539474	3.32534095691432
-2.47124198752322	-2.42679847564616	0.260503459981561	-2.47133254321238	0.197726043836057	-1.05221361412274	0.862292810115624	-0.449296803378034	-1.20870665423771	0.764874789976139	1.27009851772247	-1.37489424876952	0.511399001894917	-0.898044873269469	1.63270171035595	-0.0176280587663158	-0.645326643199425	-0.129641862933935	0.243600588203433
-4.42340884369781	-11.8129662301092	2.95427226990131	-11.8199203019687	0.123079843499051	-2.81515848605312	6.26906947743543	0.0480818766118592	-1.65830052208402	-0.439267884987011	8.25749057235967	-5.41326405774435	-3.20619878911191	-3.08113107832082	1.16471822585382	-0.908335243189801	-1.98987563766052	-1.39780022883223	5.80472059287487
8.05884494113366	3.60129464117169	5.08258091672842	-3.25481648760446	-3.27594170762709	0.42079725428369	1.17211708273091	2.66122751630613	-0.927012414078619	-2.07934287306232	-0.77675215237677	-4.93124436166775	-1.90276132790191	1.09493986611583	-7.79950903032534	-2.25284000770922	3.71133743504295	-5.97553739866804	5.38044041792081
15.7235462795652	8.23022989171918	3.62020685829097	-0.82991572349826	-6.34487143480294	2.53261908752403	-4.37375989164144	4.23037201167257	1.82113643693699	1.58244177213859	-5.83484113078951	-3.89082064904804	0.397688210458486	2.96183562505306	-9.03886887087013	-1.07112008508558	7.5781323272857	-5.61587651099763	1.22784439473396
-17.0520688239665	-7.00672050718221	-5.41963718501729	8.25481166717394	8.09068166069804	-2.06160836896892	-0.409160112402592	-2.88734914611279	0.651681802733339	0.147349301632961	4.32101663045553	9.68685956751559	1.33831089929049	-4.4304230467424	12.2091590890213	1.60200099833521	-5.49208395664553	9.84337386463712	-8.62041753197964
-8.35084882159781	0.48010833202035	-3.09483965451613	7.45810989760614	5.11944416314547	-0.242058254785434	2.26106939724477	-2.3094004357369	-0.2156987304267	-4.16176698047136	1.37383011758797	5.85397237906568	-1.06437612194492	-0.332971657908445	2.10624729709276	0.0361978168276229	-5.95428269993516	3.69019055860874	-0.626132240996824
-1.21026576725581	-4.99990544944315	1.88031647622154	-2.47548262516067	-0.106627900771078	-2.45356431306289	2.72278323168999	-0.785539204600326	-2.01615922195966	-0.081162051343302	3.00992143564613	-2.84378782440452	0.0972078078986236	-0.759430526578512	-0.150195388853739	-1.38693676658509	-0.945473702902714	-3.27507875916145	2.60115715778097
4.22463916739189	4.41830643658272	-0.0101579375277092	3.61013670795495	-0.840752810906809	1.49762226764722	-2.98311175610766	0.529306335278305	1.41366603388316	0.35557542243641	-3.29853275428921	1.5267369792887	0.520401895831162	1.0223413926208	-1.23128778444176	0.376864114494177	2.69662726708853	-0.00854843103224827	-2.17184037003116
