-1.23670066378281	-1.37739167843871	-0.793575477799502	-0.891291326425899	-0.697790738176636	-2.02208591995832	1.12677031533913	-1.01471330538946	-0.0366778642786549	1.21874377488142	0.758447619229592	-2.31764343050501	0.920761103820531	-0.0258049496268125	0.330288711133412	-0.181313862823965	-0.909550580176725	-0.353054941766096	0.865500049739642
-1.81857678555771	-2.60566851705484	-0.00912074368823124	-2.89034188606032	-0.334021250183469	-0.553470646108282	1.59051967073058	1.27806463745825	0.235961191071159	-1.10554628295793	-0.324126844166249	-1.60498611954103	0.213343338235102	1.11618335141157	-0.243593591481378	1.22140282438264	-1.06403383627518	-1.17673527161002	1.39355302210278
0.863056047000089	1.48157951628206	-1.46956385304668	4.79890697300807	-0.562421530468292	-3.41722740599399	-1.84097169443328	-3.13271758715449	1.18168141116809	6.64446795073441	-0.042880945786985	-2.95877970183658	3.93827785668645	-3.96755277843783	2.87532840560669	-4.98687664467431	2.16610588235584	2.23896435377111	-2.92153056615509
-1.36066405089824	-1.5345371717254	-0.0998041137256731	-4.85166277937784	-1.3960744677749	-1.42176339441021	0.908012266993065	1.21638551196405	-1.44153527224811	-1.13282245004658	-0.473628474298354	1.44457478759238	0.118800626031302	1.07404117507282	0.761994048199166	1.99530169499735	-2.15438106669499	0.872814161565363	1.79925292129364
0.582091178350704	1.11169179863139	-1.11642533296779	2.56138180897388	-1.20631962712497	-4.40641414279184	-1.75349655586553	-2.52306560363713	0.464610278970996	6.39207324090289	-0.114289215035982	-1.15027609429333	3.36782942058499	-3.2616406102336	2.81202797892808	-4.18643437738596	1.73329283031791	2.56546531966973	-2.22017922418473
0.111827260144937	0.157334919529317	0.218175541832617	-1.77636934395777	-1.07115978895353	-4.26718893679305	-0.279412991313974	-1.17969122765878	-0.155653481034531	2.77047534657606	1.0483842656056	1.58260091909344	-0.792180823790633	0.453243702518333	-0.327904516734228	-0.212652314979592	-1.36830102314313	1.15570303442005	0.614863869283777
2.76278214909265	3.46397187376359	1.34672545386009	3.41198948773424	0.767711341069239	0.87133902212239	-3.1972368229252	-0.13252070926637	-0.636166022314705	1.88701649879069	-0.885025834085252	4.77055176368889	-0.497948572855146	-1.63370102670141	-0.254764493592587	-2.27602884728246	3.30145190752875	0.866287970070974	-2.80192988382037
-5.6362388025647	-5.73433046594701	-5.19636472502699	-7.60303519980782	-3.23485383713157	-6.97472143217053	9.36176782470354	-7.29688794555442	0.403720482528438	-2.69092404757954	7.98099697985719	-12.6723370842904	-1.94136976319567	5.41445111945793	0.854670224011389	6.55048721519523	-13.2981869384791	0.198904102249501	9.88257177768881
-1.16212824021983	-0.128768790599864	-1.33674226242444	-0.183602828044119	-1.10168725076892	-2.46241212959882	1.24861266039617	-4.03350979815651	-4.18947784722921	2.58246766062366	1.77369974691629	-1.36881800536487	2.25824017200258	-0.936947176435592	1.80856911585288	-1.51514366646816	-1.64219676852904	-1.06169429695543	1.39589077131634
-4.6238334775926	-5.43468828711257	-3.8911079128402	-5.54272336547252	-2.0289235155389	-2.75921021314089	6.69469070003079	-2.62895130917147	2.1842271905523	-3.64367401235693	3.57153477618929	-10.7883271320315	-0.00590113479617749	3.35661912813674	2.05219137300178	4.64168704063217	-7.94633449310524	0.557650663304881	6.14995347628928
0.24603556697403	0.35492015886439	1.38556752385925	-3.48376243734884	0.495682854282548	4.95664641085434	0.212658549377435	3.44069221847577	-2.06902852330979	-6.64126352981065	-1.1289882434934	5.03207849077382	-2.89204357343806	2.28308532966159	-1.85804023730764	4.49792377423922	-0.712329332116532	-0.614016092595694	1.453340891539
-1.56555982311131	-2.15701720764055	-1.52660996774906	0.910433595973728	0.238667209710118	-0.574970704828905	2.06906207986477	-1.01646096546194	2.70125738282203	0.117619684924613	0.931051782727646	-6.72550915352363	1.05704959805822	0.0465031243952136	0.0501328127592225	0.21260936173176	-1.78737397494744	-0.586305957048226	0.802978596584465
-3.83073481747724	-5.04497025990197	-2.74994776690518	-5.57717124585408	-1.80794397238496	-5.85853498567259	6.38320416251522	-3.68393114608214	3.23733633293209	-1.49143956805561	4.99958700290077	-9.36985126250022	-2.49839732340224	4.72078189804757	0.338787363741837	3.98177868383588	-8.43201322963331	0.037164376964841	6.39760465731256
0.789240950481322	1.81606802949261	-0.856942488468871	0.918029083969834	-0.595500060513183	-0.745276539119367	0.144409413400737	-2.5506195506827	-0.749320595910053	0.0374923841856436	2.38851195719385	0.583809368369614	-1.50419985529866	0.176631902593479	-1.05403538701695	1.10341262315462	-0.998401879581557	1.01933537087449	0.817114558612776
3.01622089919886	3.26493625169115	0.801831921142593	8.01699810241632	1.09660714571611	-5.1152851707002	-2.42346366210349	-4.93117052203027	3.0537028659312	8.04243585084038	3.61380536984717	-0.351990293664556	-2.35249635158779	-1.24595652973376	-3.46748565820476	-5.43011425201537	3.87568189418849	-1.27318611530072	-3.01572412576726
0.804775128479616	0.723165501101434	1.78883508419462	1.55906509530295	1.20458550717962	2.48801577345496	-2.39758496714418	2.14875428552683	-2.13284915989428	1.17462423330665	-3.67308300957311	3.35003719762047	2.68588420441835	-2.24780839954473	1.71313628793895	-3.16936526997984	3.74937443774576	-1.26663397643497	-2.85942221456847
1.39449577386259	1.9333353991533	1.08198708350906	0.876325352822624	1.32461408953267	2.77264554612632	-0.846127757600145	0.0577942996914533	-1.77420776480796	-1.85657617277999	-0.300551474035144	2.80864564387278	-1.43503245418658	0.49528946902764	-1.06884014314898	0.673759655652636	-1.39047258476634	-0.724954728148055	-0.153332544766366
-2.45093046731822	-3.38648894717229	0.00386554547539575	-0.972677897317972	0.495279690144534	-1.48027993689223	3.01395007836447	-1.45702457500313	-0.574426942680402	0.390831161927499	1.55280723488082	-4.40609422311712	0.0422414477906674	1.65354721604592	-0.938096293722331	-0.539510406067578	-1.25809876519155	-4.60756395056472	2.1353442506208
2.28778093527766	2.72379506994822	1.23470621150323	3.34451403081407	0.949940416670192	1.41767319832015	-2.68506934916542	0.312384467994136	-0.081434969361172	1.23632396396181	-1.00739815126271	3.58489479205352	-0.373680279904815	-1.45641854090156	-0.464500252792722	-1.95918388443143	3.39452116043679	0.335760721482572	-2.62964237646255
