-3.64431461454873	-2.40123529685404	-1.84494760078152	1.22701627985803	2.0502154661637	-0.650135341805467	1.47471822285881	1.52141442379914	-0.39915761984458	0.262624545395329	-2.41887615171147	-0.390696919880031	2.08883657663207	0.245152086205809	1.52100932257654	-0.951288611885468	-1.86555289470888	-0.140305914582888	0.763273730362527
-1.5568187868312	-2.67739968038922	0.913130158294489	2.12467600658644	2.38659845230476	2.76400564360737	3.83205403528254	-0.447200417908757	-0.869479319435316	-1.87668327987247	-2.68518173467426	-3.90960984932887	-3.89587415742891	0.261899589210442	3.40408583252486	-1.25861113495157	-4.44449097571464	0.283018001938278	2.74534865299006
-2.08573920643423	-6.51229537936492	-7.93103052123992	1.76075807196571	-2.54045200559064	-0.967625593585122	7.69078117064735	-1.49119867255561	-7.53005037620267	1.70367862324078	-4.05997225485193	0.722702418013249	-0.982437132693594	0.963189609816114	8.82076878068019	3.46728575494841	-10.5227069054815	-1.75230942898032	4.79478954478783
-0.300263730331569	1.01825775941212	2.64530893669165	0.737736460370377	0.253209106754021	2.53536676675673	2.3049644706	-0.961312819039239	-0.652835495652829	-1.06894989713036	-2.31369983843132	-4.63686899405946	-2.93858847215326	1.13770618248696	1.86385430418053	-2.03644214034252	-3.03157321589994	0.198823314866048	1.9253192197159
-1.4968576174458	-4.08240373537879	-4.44469258160001	0.694064910942986	-6.05989369448566	-1.19106461463085	9.5648122770387	-3.54709572500736	-7.2266378288102	1.91469522135023	-6.2160458512759	-0.968816322637937	-4.24541369011061	1.82086613791434	10.9050800315943	2.2135925708595	-11.4819530809018	-3.25124031184026	6.62535326180434
-1.605602794263	0.652632061107993	2.24556276231721	1.2426937164079	0.742475793694856	1.73350493443556	2.36573077004344	-0.648879100721938	-0.0805218606614598	-1.11344978700115	-3.3661093176098	-3.44075600264458	-2.45995472568611	0.810072306463332	2.10706511813118	-1.75519836016711	-2.09309304116327	-0.0111134392688562	1.80130894329856
1.32195238445079	2.60758873330686	1.33110705754159	-1.38179726011768	-0.0312341585489378	-1.00459849377381	-4.5265842444771	1.25578540771202	3.12974009264954	0.302371244869524	3.28582762232177	2.52801648316383	2.34179269162827	-0.60119401734255	-4.70682377056028	-0.616085609886468	5.35098696424696	0.577454297804474	-3.0125446810377
-2.14236648917252	-5.23654237495342	-3.66932759983052	2.21577368072837	-2.52008055374483	0.128067828793183	10.9812576202684	-4.34222310980056	-8.54810740391229	0.973276956932813	-8.19646026530203	-3.63115517011847	-4.96956829905843	1.21323003194754	12.1540607148957	4.17064938343064	-11.3622773597346	-2.60172459644278	7.16230168566906
0.109408139094784	-2.21236139897274	-3.00859749245781	0.672856318681451	0.895186294072794	0.27678082595476	2.22543642191153	-0.131945871757777	-4.03928385999895	1.30353469986683	-1.76311849967066	-1.5012264974185	1.71802044913802	0.145204369765674	2.48465774600729	2.41145999308814	-4.51078316886746	0.19834476844354	1.02187286781297
-4.0471922954814	-7.93374164664134	-6.30989486215801	3.27173407395289	-4.55264998148905	-0.0753915072431722	15.0668424890105	-5.759767825915	-10.8228653371445	0.458377191947005	-9.83765676271525	-3.04619239442598	-7.93470458916363	2.01733478087538	16.6778806262484	4.41822404427437	-15.0047319291638	-3.86226235191049	10.077788243293
-0.0080010942046156	5.08815103805367	3.56984950521013	-0.929930259859678	-0.28401427244433	-1.43418445153449	-4.73436904674071	0.384033909614666	4.48378694724036	-0.414333663811105	0.700412031568874	2.54815011546253	1.39807515678574	-0.63671320437539	-4.77144822147797	-0.866591399594334	8.1123416692852	0.223354398449161	-3.21741093823811
-1.54171637155502	0.592075710541576	2.73487075849945	2.17507603684041	2.13784962359385	4.62290076959424	4.64531022576856	-1.92371151247972	-3.1189940073168	-2.04301919687559	-4.5805494872949	-8.78303165671048	-3.96511961085249	1.99339697997653	3.91275323839147	-1.98450855506752	-5.41593107456903	0.760637266132669	3.374602181173
-0.468885527202046	-5.75132884686951	-4.13755292476085	-0.07987917893426	-4.23602284452667	-3.55648085945419	6.87767022122684	-2.94939419868432	-4.65264989535559	2.1562601661106	-3.58360004206181	3.13217104138124	-3.02370293711999	-0.708012613129812	8.46517975058782	4.95689848848672	-5.98054074021835	-3.46586444001247	4.45048748399455
1.09238558077196	2.32821680674707	3.14420842981396	-0.565012612251593	0.60878262287267	-0.232991736821531	-2.90232848239904	0.12421513043407	3.36595791986544	-0.732508331021798	1.37116017050492	1.30978729578795	-0.520941289770926	-1.00654215571692	-3.09149076986175	-0.235337790753685	5.08515519076024	0.325338686954582	-1.88922865461724
1.20529381468532	2.39553819948014	1.29746375114727	-1.25346496242331	0.117194718410138	-0.671019149568445	-4.21682275640729	1.20925401102255	2.90804042245194	0.128554753692522	3.2888084239443	2.01897150893282	2.07397152192625	-0.444171572722695	-4.46876889509131	-0.849947609778057	4.88098720805232	0.641332109773882	-2.76409006338071
-1.9197130991534	-0.480648933500087	-0.113242863445399	0.00123421636224025	-1.19057553994721	0.234688501992798	1.26809565097026	0.644093001340018	0.472647933583853	-0.241334223946616	-0.471944815348265	-0.96119038647008	-0.673055223933925	1.24675761247938	1.08820474948745	-3.29894289799577	-2.44161890819251	-0.527475261000721	1.334539162832
3.15192985644903	4.73871977743773	3.03946352745728	-2.57366981910881	-0.118388064008794	-0.402068069977527	-8.49495479757323	2.97811411883259	6.38302264269445	-0.0249101934418067	6.53878942494476	3.30257094931173	3.28600162157605	-0.898222926153234	-9.22780220743769	-3.18426076841331	7.52182606678385	1.57286022671795	-5.39691910435189
-0.450178174021713	0.332415747195027	1.58151722296135	-0.000122778881785857	0.850909132756509	0.128250573862033	-0.169640313163473	0.535726109980342	1.13158269308428	-0.0277684495965159	-0.869791591456408	-0.941886789215402	0.127099667722577	-0.138749860989007	-0.329929509759189	-1.00361953908409	0.122218231354642	0.0395215535422571	-0.045913730147021
1.11789748956227	2.30567711781764	1.11462021797081	-1.06954359440397	0.250844315326489	-0.982640219516617	-4.02704930267555	1.03327369435719	2.67088450665366	0.273078759504424	2.60632495080474	2.38577018797614	2.20047225259761	-0.705373255672013	-4.13461006001201	-0.07051382161161	5.03835811877004	0.548985360823177	-2.78016362626118
