-1.65251988218469	-2.71460192597693	-2.38323995698209	2.78496107761039	-0.711041168114143	0.65388687801547	0.552540783783003	4.55900393269704	-0.0117380969569086	1.60198565910937	-3.47798796925121	-1.79552752782403	0.513936630368534	1.09274058021995	0.323760932879344	1.88630020054968	-0.554841916483465	-4.97459482350571	1.11437723156812
0.721783382761997	-0.785766288284028	-0.782991095398543	-0.211031831469026	-0.992217944039485	-0.287246517552714	1.31461818879172	-0.169316199710359	0.54495765743595	-1.66599874814499	-0.480000793409575	-0.721935118271185	-0.209202481133472	0.807269957612126	1.35207776561275	-0.622355383558465	-2.77659067355438	0.00569328067069819	1.10865034305837
-3.69493936299944	-12.2259638128358	-12.9315129862825	10.7665246960285	5.42398158964142	6.091766356503	8.14302900053204	2.2679015273024	-2.30911373244755	4.08700696825373	-11.388768277903	-12.4009935291875	-10.1050150093261	6.46016315079279	9.2685117849103	6.3759476546988	-8.96832821826124	-10.3682564906396	7.03775302888369
0.976391696190137	-0.511087152914145	-0.659844623414841	-0.474146050831487	-0.944801727694551	-0.246480193821629	1.28467612746023	-0.615213632053219	0.452309743421376	-1.46134249000973	-0.233925038140477	-0.661889380530392	-0.297248536652637	0.576463274375318	1.35855524707912	-1.06929519621806	-2.61888494259624	0.50372278472075	1.04968441268846
-2.98269574783121	-11.1708706477977	-11.0859570467877	9.05947727305751	3.07443230861219	4.53596903044131	8.06212437771207	2.26968541155584	-1.47440010416541	1.3855055262674	-9.50814508499072	-10.7336689492626	-9.30104217807833	6.35932844026579	8.90184271368527	5.38222739176697	-9.10194600611989	-10.3106066991759	7.17866175440261
0.347493650792183	-1.3242342985111	-0.838176880430008	0.26252026790891	-1.29632674870704	-0.471813278665506	1.60470037897122	0.537620422987235	0.746287745635854	-2.15351858280772	-0.943533846399429	-0.698195568069193	-0.742288078403466	1.46081245065125	1.59340530588897	-0.0150969952738125	-2.98066740508302	-1.30481640608414	1.51446490628673
1.03968015950858	4.28645693854707	3.90591416725824	-3.01183293847272	-0.289409003069248	-1.15479764964397	-3.19327515826616	-1.30471807353836	0.174217557307581	0.624100460997717	3.28673301677862	3.8237239534546	2.82295898268319	-2.57798505373227	-3.38823275998841	-1.99169792662727	4.27817700348638	4.15853688388839	-2.89144330568579
-2.53396898075225	-10.7346320074571	-10.2635782730126	7.28326270588192	1.83494829500534	3.22519164117723	8.12326119069467	1.70090639810851	-1.20915318221378	-0.143612887096395	-7.74966158960497	-10.3418321034571	-7.3983971056552	6.33153932673095	8.82493692465434	4.57812579603072	-9.3201312597169	-9.26556318923149	7.1933359417749
-1.4426659836025	-4.56761793145611	-4.93063017221712	3.82942594914434	-0.0733329624161461	1.75012869882728	2.36450453748699	3.70703754304357	-0.62057323658847	2.32948214007881	-4.82181311451556	-4.44687441352713	-1.05236901631524	1.71146905894731	2.41388342376929	1.61749348650676	-2.57064068076421	-5.39502281935401	2.56009761830599
-4.64232320156585	-14.8035940574781	-13.0952111152268	11.3499567349001	4.72394366828765	4.87692567102001	11.0590707412503	1.51346350974131	-1.51601761184699	-1.2912669720873	-10.636160177789	-13.2271195900747	-13.2419570037989	9.80285193614722	12.1871706127854	9.02840437231836	-12.7297511690774	-13.4734542782842	9.51697065735836
2.38276486734482	7.27398760110142	6.51687907435803	-5.47938605292116	-0.0812395667276893	-1.92794128610481	-4.70312929031321	-4.09603370234741	0.391627923004829	-0.105535723963843	5.82381884337557	6.28362061310394	3.31845147545999	-3.9839194891117	-4.82412553207386	-3.80409949985741	5.83828851000921	8.27180428082692	-4.57096541762462
0.766508816294572	-2.30709229498621	-3.0697724545371	1.01250574564513	0.530475919321442	1.09734957013206	2.74821351649803	-1.34028829115397	-0.157904868510095	-0.518333770619973	-1.77451453327235	-3.10004485203919	-1.95606634348478	1.28853852610162	3.13041117608313	-0.46927253799429	-4.44043647485045	0.155251761426864	2.08240576828674
-1.81698711116979	-5.36604281009616	-4.04346614181498	2.59783006711961	-1.58266704839044	-0.0132078673441303	3.74129292110679	2.22996125335093	-0.453387638690533	-1.47655087776953	-2.23866810494023	-4.41817929507909	-2.12144570943839	3.13594713667949	3.65790763659233	2.28747123295886	-2.72359665989299	-6.76483582129557	3.837673340938
2.95222402302658	6.62423712866636	5.53123680810376	-5.90500935780813	-0.817039567649723	-1.80913897935002	-3.55867759957488	-4.57587130283579	0.191036454101639	-0.540132439408501	6.43561898086083	4.90280406124372	3.94353555288792	-4.18211222331279	-3.69118388459981	-4.68054138607494	4.25296467761362	8.59710707074479	-3.63986022331008
0.951999091087829	4.09175533948477	3.73093780363575	-2.78648908515334	-0.170656248160644	-1.03168234511477	-3.0561739069495	-1.25274183361377	0.149950565790707	0.643731428747255	3.11657712375673	3.65633650227844	2.58171792265499	-2.46008643743192	-3.23553221870963	-1.8097208564115	4.11659369157239	3.93881224016628	-2.77488707482728
0.38764717526182	-2.03217424484044	-3.12562476461301	1.37718304988419	0.44913217888586	1.43987618837984	1.85366480006971	-0.43222638437784	-0.717531796687904	1.55582022583813	-2.16450891498391	-3.02163815580282	-1.71089548418269	0.413850141278675	2.15317860483017	-0.782911012933512	-2.01087852228527	-0.731604743242833	1.59533729921795
2.63549740899901	8.59168628789389	7.82491534247851	-6.46563775355254	-1.13060608266033	-2.42668068922634	-6.03559992962911	-2.77462699086576	0.768940365387072	-0.108182389012592	6.62330194554182	7.58882286738709	5.97154297186061	-5.37435723696656	-6.4523312167237	-4.49290290681256	5.93345490854434	8.98224119506419	-5.66126057740873
0.17417878105397	0.0787800992996548	0.797067297799082	-0.8897635343224	-3.65142723687829	-1.59838293844162	-0.22098468072372	2.95299055552187	0.96010284119067	-1.7412548060946	0.308041243515564	1.01873854595607	2.54691347377673	-0.0637929912337549	-0.759654199705469	-0.79447931369169	0.00913555794407372	-2.21654762104957	0.474414366997792
0.953816084798857	4.04199463111591	3.65110639897352	-2.81838966427615	0.0552766483513517	-0.990865566836901	-3.00352583761901	-1.48639085771397	0.100516683080632	0.661284971679158	3.13769363484137	3.52784400237653	2.57693488611589	-2.42490032383286	-3.14614875141266	-1.77179453804364	3.92347743031127	4.18850958722872	-2.79861178334939
