-4.59311412322829	1.11956621526824	-1.34178251453571	-0.198650089855123	-1.33481354615992	-1.76618050120384	1.78748518280541	1.25776623928071	-1.00271715327075	-0.490526645895415	-1.94064173677856	-1.80090795557333	1.2300186864214	0.64044219805099	-0.157164142372384	0.191867346064005	-0.454859139041478	-0.590708821415351	2.64880962947144
-0.594794758953308	-2.1722653389687	0.27296970451876	-1.73886286787813	-0.603746579231354	-1.2870711833856	1.38663741828927	-0.892035947693525	-2.15651358963173	-0.00472085026200375	1.28245673172816	-2.52237025546276	1.22098575847046	-0.685574861024874	0.950401537950796	0.0395435584938886	-1.05440839286799	-1.41007900457721	1.38006811883261
-8.43812174064007	2.26609149312719	-3.30671223965561	5.43909197625265	0.639368364009755	-0.86432642111907	-1.99995757916346	6.259113814204	1.18852723782304	0.617371244217736	-5.05001883081921	-0.705757371697132	4.37627809912989	-4.93565402386327	4.81869656557785	-0.838771060042063	4.81042433288067	1.01727905718556	-1.81866632052527
1.12688977366164	-2.82354885104582	0.703569214891889	-5.21371980267645	-2.71649127083544	-0.703096716640734	0.255858843739606	-2.42850531494602	2.74846858840779	0.806235867326059	1.1776105400838	0.241961277274278	1.2217417967222	1.40338583210289	0.0664620938422544	1.56154405070291	-2.05700309892861	-0.452604494962388	0.212801684905592
-7.22388418230448	-0.576245075866666	-2.85974745796781	2.12022876128082	-0.450190936330699	-1.35531194543622	-1.57243006365368	3.26134893876787	1.65048044012394	1.48748580752095	-3.04833000452925	-0.819892220929631	5.16878849581212	-4.08657877371852	5.50786682339074	-0.24861725519979	3.45622158609865	-0.116393454122502	-1.93212994053181
-0.223786702215454	-1.22145649879673	0.000629458983039122	-2.28651919413615	-1.21799690727305	-0.61354826549867	0.0854936136094206	-0.869704687515739	1.20134095251022	0.540802694957621	0.193546455913699	0.00176872802585137	0.969043934056798	0.431557998743962	0.303452431889687	0.763933720533158	-0.751350613029817	-0.308710666075823	0.0378866496137746
1.63548516360122	1.89290881017705	0.269473405752038	2.69296863895174	1.14804284136834	1.83362989916535	-2.12560511704908	2.00517634059078	1.97343259135923	-0.2706939813406	-0.989273604247471	2.10791265856479	-1.16354826419721	-1.1174445896955	-0.432839680225408	-0.182521586113209	1.84106298102007	1.89558432601272	-2.15928782212653
-6.82628620691738	-0.91548363079826	1.38270927258042	-8.92802474656545	-8.25426134968549	-6.97915177028323	11.8504675199017	0.759008196416822	-8.2166591208258	-6.82957253878487	0.346816371045414	-12.8753639584657	-0.225851954256903	4.52614935596955	-3.66588179629571	1.67230787615272	-7.22315198594827	-3.36598243459133	16.6955664987393
-5.06034482014053	0.118975560914166	-0.865938152655644	1.18712371085067	-0.204620433335784	-2.71131470763821	3.17520301881528	2.42617546102321	-5.60311728464237	-1.71430357239242	-0.831363029778984	-5.57114186109405	1.48571250440686	-1.85105765312509	1.41807800423013	-0.929643607635136	-0.0468738929991304	-1.69694045623996	4.19025816824058
-4.22613343512056	-3.99494520863212	-0.341131874808603	-6.18307606087926	-3.68388674428177	-4.47473028688944	5.7113696366491	-3.26261896650618	-4.71298990779221	-1.20252240468324	2.31426364137175	-6.26661642504679	2.17363384221165	1.93826524004942	1.60013633150754	0.714246303037129	-3.16054425923114	-3.84796555263284	6.52403312019753
8.44614407756448	-0.377533554438003	2.09473636222103	-4.16601513147372	0.411591971852971	1.98791096823844	0.154127702144393	-7.19215635834013	1.51576999822367	1.13545757081158	3.75725332136696	4.83790055463516	-4.94272413131972	6.90811578878779	-5.9012210859193	0.814574194088237	-4.25296701811436	-0.310423106814881	-0.772274589825713
-1.51567437341521	-2.07718445253149	-0.509390401919047	-0.303844844583805	0.421646246616803	-1.19948324546118	0.526345890102509	-0.705995867834078	-2.25890161121305	0.707136098583973	0.917189584998002	-1.93222718449356	1.86297889856656	-1.60756109976115	2.17693276917585	-0.378993658182568	0.15388164240619	-1.54909203113286	-0.0240904844033469
-3.13537525045637	-3.14224263211298	-0.291207748414941	-5.70809700950549	-3.00167592844302	-3.86869403886256	5.45794657001002	-3.94314051950096	-4.48999394904212	-0.929348978055074	2.35762060586314	-4.91791455339971	1.05513553637079	3.25997434177349	0.51008836177526	0.425894719369081	-3.51483973824386	-3.65893310835273	6.08143916596251
-0.945642839920291	4.09204818889837	2.92764706960165	0.89343236309952	-3.90748299024812	-0.80626646625175	3.95053866674214	9.0305782163722	-2.4767171065417	-8.11505668628856	-2.58568076553722	-7.54217388332451	-3.04890274499059	-2.80887460154034	-3.46554425167622	1.07476316192035	0.0835536075257259	3.12849297474759	8.6021229757753
-6.11498227816083	8.71699949888108	0.767231646792851	4.95500002839888	-4.02244917158373	-0.46389702915824	2.68370834786191	13.8105959399179	0.251494353829429	-8.39601611625852	-7.74098952492268	-5.87950875522398	-2.38890380001916	-2.99578408257593	-3.48307845887001	0.502486701808394	2.17965850502668	5.15807059910179	8.26173326044568
3.33740622623764	-5.76199333078807	-3.56327573651596	2.44943259753447	8.77637139167133	1.88174876898865	-5.77161213368896	-12.2809710018834	-0.952597582970071	10.8921932241754	5.34793366148041	9.27807783166728	3.0288897475037	1.39549139381671	5.39450195451352	-2.99980445019209	1.31481177756746	-4.92860760381602	-12.9592414625034
8.08119841606861	-2.04759831391806	0.540237474133562	-1.45491529928127	4.09389168986303	2.51278293368043	-2.23422208724378	-9.332587567855	0.255802171460218	4.86732553174315	4.57182368156167	6.92584760777268	-2.86137574377804	5.36263650766924	-3.04697468070526	-0.921058432211233	-3.10799124012321	-1.88277385714356	-5.51018451257562
-2.36034389425795	-1.02818292496279	-0.368205567179409	-1.79164875339944	-0.996869862876674	-2.02335413292836	2.53878805926879	-0.852416509038255	-2.862162024966	-0.321659696457058	0.413494210669834	-2.8638686142875	0.939072314605632	0.818532934317968	0.0877868628934264	-0.0458909492275597	-1.67915323033949	-1.74720954502592	2.94773425774835
1.2812033909781	2.34100030590311	0.444220290782852	2.87991905295881	0.876694232322844	1.64469698873152	-1.67319138671367	2.92673957258556	1.5301344755303	-0.932891534178754	-1.34227424275246	1.30363894467508	-1.32440623692639	-1.35577276621777	-0.738346738380599	-0.162253704338118	1.77876313124001	2.09246457420771	-1.27608014750323
