-1.95830381261252	-1.10304594226253	0.161017257796242	-1.75228799647012	0.807198152698778	1.88352424863506	-1.89618124712761	0.53027503318134	0.159044943505862	3.90059204807863	-0.786885560521146	2.12441680365938	2.91906597000032	-0.500196139043004	-1.64884739034694	-1.86658314975277	1.5483430903585	2.76606984922801	-1.82489703747296
0.746366252982567	-3.10249960374491	-1.13945990575465	6.31791608023422	-0.979662017357416	-2.05888454442365	6.27737555958755	-4.68135628432093	-3.66777408226774	-1.4035453151927	-3.84618544136741	0.56894232663659	0.989275067257841	-2.69249239840757	5.60678812352167	-4.7427442724031	-5.1667632797233	-1.31204231781092	4.3154740772942
-0.799808283822005	-3.50104098346409	-0.376213465640121	6.52520718191236	-5.0172596607823	0.609691310149243	3.948850418522	-6.04548307201917	-7.62662524259983	7.08194157210852	-3.2033320701001	1.78985307350353	3.48880326145822	-2.77953217915715	3.67419000203324	-9.20495799490903	-2.27456946600723	3.12536314464509	2.07565171126833
0.599670707801561	-2.28108360825401	-0.882527164859012	3.6961969115033	-0.824909693945254	-0.989759698900792	4.63956770991486	-3.07432888269535	-2.13371179038246	-1.70843448698769	-2.61653844548486	0.352113219477236	0.388420078444582	-1.47838256210295	4.21304865943351	-3.62929422493286	-4.40035357951271	-1.17179238988027	3.35134495916976
1.62097746094993	-3.77971710178432	0.647341542045349	10.2976506589884	-6.96135609334359	-0.525225220442533	7.39065349475833	-8.49420547245618	-11.0713182623447	4.2360923451397	-3.77136505759633	0.270794715727153	3.46041931495955	-4.11930253153152	6.95177664687629	-10.5627708606781	-5.60796607956595	0.861086989319523	4.84151893658084
0.888002128152962	-1.54534561986642	-1.45430277375874	5.18016614900191	-0.576749680158124	-2.82799095630298	4.33222068399458	-2.56631893534889	-1.76339635939205	-0.805500738129324	-2.86217436672637	-0.353963965758703	-0.169189479442656	-1.58354910723129	3.66983009548047	-2.00899021382795	-3.69406602256084	-1.21064727514665	2.95327441219145
-0.803125224548999	2.54416390550427	0.0907264628807447	-6.70987683181422	2.10903106742884	1.36233100523876	-5.59998316070085	4.87405292595858	6.07358416380029	0.200885446253006	2.92884072633362	-0.238908530104905	-2.19566106727342	2.88189517416324	-5.16754649562709	5.11078381285101	4.74457870571865	1.22697724415366	-3.82112588460649
2.03094984499576	-6.15488288639657	0.937733825579886	15.8911501835873	-5.76469834167334	-2.49374430493013	12.5640707584862	-12.622437621556	-15.4413944725149	1.12316522179153	-6.14991258937085	0.915628830367807	5.85478285858079	-7.33287623622377	11.6971479044609	-12.7524296689755	-8.70412150026316	-1.62815139515198	8.4053780789049
-0.409103611165146	-0.801862608322299	1.42761774239199	0.85111409756307	-0.959341919584995	1.69682410202922	-0.657611238521449	-0.797541991777032	-2.98588616411033	3.61246936073265	-0.91437209578823	1.28641434349083	3.74137493201124	-1.57660804070049	-0.370479474138365	-2.87997602842803	0.101377401982283	2.06374033192208	-0.872640802356052
2.74392036358611	-6.40071993482627	0.802537156350868	19.4449859110593	-8.35394062562065	-2.93297892704496	15.4779843066147	-15.284536223949	-19.3849703151555	0.463677518972672	-6.1789572027726	0.184100883650511	5.15762893006993	-7.67812804133921	14.4512464584159	-14.9893549668136	-11.0935355295783	-3.03352342805608	10.6685267148964
-0.611272472004608	2.79224818796087	-1.06820327351463	-6.28970000555761	2.87946364787433	-0.0765663838280631	-4.60005844462413	4.99819852924191	7.49022837991383	-2.21413120426047	2.82197015639254	-0.87279322633066	-4.34574491591563	3.41212131719022	-4.44405881739726	6.57809677654109	3.91493900567344	-0.298913463143869	-2.93732272618287
1.78602282913508	-2.48553174498967	-0.85202055634782	7.93423911046607	-2.94735754506344	-2.51977404935053	6.70981084779942	-4.96486815747012	-5.3614926240462	-0.476036868126221	-3.73491670975142	-0.532591657980455	0.876528710475616	-2.6862207312957	6.01568742658282	-5.25745800965484	-6.19299001498042	-1.46574580238736	4.68746569612045
1.80865927269543	-3.41903127802512	1.66528264685718	10.8177189586326	-3.28249129108751	-2.35627930080366	8.66719547252045	-8.33539883481264	-11.977305145859	-1.63943713926241	-2.6254509837202	-0.665470756720464	4.52636031464762	-5.00818310016662	8.21163927115969	-6.63607261854782	-5.88337142898175	-3.36781358468885	6.09269471974239
0.556635749166891	1.29634993879555	-0.301178237909088	-1.51966652481812	2.27378807929348	-1.22349228547774	-0.668493948493861	1.73661722852481	3.25630910355891	-3.75475381136419	1.02426035998285	-0.87331016240747	-2.35939249554539	0.916629744773072	-0.761965488801557	4.09423941696348	0.932356372190416	-1.80014624838024	-0.183569023953918
-0.738753293617995	2.21939551908567	-0.0553508575486079	-5.79165020728559	1.82127070245825	1.04413460314581	-4.90154613447771	4.24396016992073	5.4309154335497	0.346345040316987	2.53273797254572	-0.229354808739554	-2.06501625983267	2.56196522387234	-4.5544126891233	4.51201797591565	4.28283810626353	1.15445978883675	-3.36533632990326
0.1656083418806	-1.79018103408491	0.0508201052882188	2.529266910554	-1.52147431355041	0.231271368409097	2.52500797060572	-2.744344973795	-2.79614661571387	0.686745134769257	-1.6219127614697	0.646886484758117	1.25350005167688	-1.42824567250452	2.39351587153162	-3.75432841564954	-2.10629448417039	0.313748732160337	1.66288933854566
-0.781520260403939	3.48521100605809	-0.817838603918784	-8.44125034339434	3.65998953128632	0.808195097143953	-5.95199152424454	7.22663880232159	8.55474676635658	-2.8741880486531	3.10367361811065	-1.04741299655412	-3.64241277366109	4.10206663676796	-5.55245409319908	7.58532101726725	2.76420968018939	-0.713023795463293	-3.7342722144963
0.670081776193952	-1.30474946810823	0.271817954809524	3.97160838644307	0.566065654428051	-1.39873957758132	3.64155250297685	-1.98132639252551	-3.37058120195805	-2.35484872001987	-1.9595527722444	-0.079071829494513	2.24516295201558	-2.11881296421718	3.39024873980052	-1.4856883733361	-3.9618133663968	-2.25478892129134	2.61182775405488
-0.790901279881043	2.21643974481888	-0.00906471446917034	-5.91586006513921	2.04592370537851	1.08144172385638	-4.98285462908864	4.30370788281306	5.54455752093041	0.199969318610092	2.54140617961157	-0.146267487928846	-2.002918217466	2.5177009038091	-4.62507811932506	4.64934961738563	4.39364993436705	1.12817632752561	-3.42944506479648
