-3.52569329241539	2.14434163486781	0.440477482673891	-3.65765361704276	1.18787465607858	1.90722118587812	-1.51959948574359	2.40309490344461	-1.5813668014933	-0.500831757862626	1.89804914719237	1.80708207539936	5.00860884822958	-1.68896805477116	-0.985885960341309	3.52531454253671	-1.73368807276672	2.40347978799233	-1.95626734070005
5.05942751190731	-4.45550137470707	-0.104189372874373	5.94209213603521	-2.03354945866094	-4.48996132854727	2.19452469995102	-0.413076358475024	1.61607852852925	2.14570649801296	-2.39374342368015	-1.78919781115782	-6.22205861505513	2.46162514438395	2.13911572552047	-4.71364691286059	-2.39589297180697	-4.842546059101	2.91225234900377
-4.84525340263145	0.580209413785877	-5.45161117271464	-4.36477676981191	-4.00055840540518	2.53689494899567	2.31567352903435	1.58170134065935	-3.875053242455	-1.71960180889014	0.939847107667536	-1.52118709763168	5.67695855784099	2.31604278873811	2.43599221139491	2.22543638138419	-6.86746902881197	0.948639576672463	1.66179575084293
2.98564954719717	-2.4554817445291	0.69961590595301	3.35068193034691	-1.42375792157034	-2.76688028241564	1.9391468101345	-0.520846119736753	2.27053040290481	0.54805934539645	-1.39723801785462	-1.12403141794765	-4.27799903315098	1.03967906316841	1.88616005785843	-4.24297023962484	-2.07497384002488	-3.85044301169955	2.3855238574992
-3.68133673043427	-0.661643287703921	-5.1565814133561	-2.69758873734909	-8.50230622288109	0.116590670009939	4.20256878041304	0.960127225725493	-2.29348464358789	-2.12170005206467	1.41034928989965	-0.749791067833421	3.76353117005195	1.80161440131709	4.59909807401479	-0.10523207076702	-8.50928176482637	-1.62343439105946	3.47780265931782
4.49426949880753	-3.68474662611993	1.00144577531375	5.11705942167438	-2.16322470215718	-4.74176121252518	1.31124996591416	0.070377987201887	1.67111930036774	1.28782877041723	-0.687475147733117	-0.117533150885254	-4.95218703033548	1.03371458754403	1.607137455532	-4.02822873088959	-1.7121952209319	-3.69347253283561	1.85026484400296
1.72804048060819	0.178948535725582	3.30300994266432	0.72336270120382	3.15067957722944	-1.11938719391112	-3.02886652151418	0.340837731029142	0.401364701340947	0.316687625223154	1.34172404981539	2.23054675366559	-0.502117687964692	-2.3304798109845	-2.61200822985469	2.82403892780732	4.83670305532703	1.974025239448	-2.89776386949903
-2.79799862432969	-1.74919768016542	-5.12920879073911	-1.30599422114647	-6.57149384371368	-0.107905217876808	5.29575444603718	0.344798092428882	-1.5424703164955	-1.52169599972696	0.158893571414755	-2.8439414799908	1.01114604606558	3.68280258437568	5.32086116205641	-2.5401612757729	-9.04305110187076	-3.99634609383556	5.0215500560485
-1.56649749235126	0.169207626004205	-1.08443352064194	-1.72263657082712	0.0620994291922496	0.407519474274698	-1.09921819446958	2.46675958945459	-2.5984838672814	0.486125432110126	1.05047703444163	0.816024709508658	3.9882126653978	-0.0144189271827209	-0.628157691390358	3.06543433508537	-2.33689628699014	2.19298645407578	-1.36423562335091
-5.94801197186035	-1.63644697397588	-7.77804110333203	-4.2523485897373	-9.39071041410696	0.686100392247658	7.88761246602253	0.970342804871032	-2.69289510157401	-7.32558474218627	3.46895824045285	-3.21045499758685	2.22462829058167	5.20072573823923	8.5061991837398	-1.99659821209967	-14.6737758397386	-5.00899903145377	7.31442270323434
4.10367084606333	-0.545072693797253	2.86175178964313	3.41068442202954	3.58621061316184	-0.695587095250346	-1.99206791343083	-2.49190090337136	2.19180237657744	3.0008829377004	-2.99785097846103	-0.435776007543186	-4.65540647359231	-1.11067637235555	-2.66062931796283	0.241300984173496	7.68616423397302	-0.145288303247772	-1.48060222164906
4.35515584777256	-4.16627707714077	-1.27889195181604	5.46319568336008	-1.87591893100992	-3.17753562929124	3.39740200597209	-1.26723176003391	1.91511748283063	2.48137446209514	-3.94787686328556	-3.66963216516606	-6.4724814496794	3.65697210537031	2.79289322974605	-6.4525882246836	-3.25329576137594	-5.74742418310556	4.16433189666434
-4.57588844656364	-0.132419290911015	-4.31965215259155	-3.2624211324688	-3.42469391725042	1.74495452554315	3.29367928169985	0.892144934419612	-2.75281204870973	-2.68147292816095	1.68246268911252	-1.66086939564678	2.38744162090769	2.6499832240053	3.60590539711076	1.947318935512	-6.69300102213996	-1.90619521496696	2.91799426584928
3.40616891521765	-1.11952735141037	3.82645500613871	2.94277564111954	0.657809719473988	-2.86870207394665	-1.0131942401013	-0.9564592493041	2.65513042257627	0.356080700312275	0.426463401061238	1.71792773573852	-4.04658990732564	-2.13176295390327	-0.694180455180231	-0.261060150495574	3.97645268625075	-1.41812544378261	-0.694065739768995
1.72511193059077	0.118492442696744	2.86660861900259	0.798555988854348	2.93132596188794	-0.919556773812158	-2.64128312059347	0.0112574599008468	0.453991032817255	0.635327249600759	0.789143625959044	1.65275372508057	-0.639430341566793	-1.92267226222728	-2.40874019100402	2.153220465929	4.69674211260016	1.70874360157746	-2.49518586356391
-1.36504511628878	0.579603491648147	-0.516556743221678	-1.01643351623208	-1.36595237076217	-0.0720864885921627	0.897564857248345	0.235886434996672	0.173061795728796	-1.34597905830417	1.29200451213587	0.114376997539082	1.40724567796402	0.279513184201597	0.908092372229969	-3.64611694137277	-2.51915547733182	-0.0558635829972141	0.756529211414676
2.78384456020319	-0.0843175154888955	3.64729590159194	2.13768409571867	3.67521246253217	-1.26474949243692	-2.72683635614792	0.107522360571394	1.67126539763424	0.393391830322102	-0.138833408574268	1.77924281717197	-2.67865450299379	-2.0800429921794	-2.46919835216102	0.96750818805706	3.98747073869222	0.651675666853508	-2.35402264031133
1.41468642300178	-1.64872139757934	0.742175717522279	2.49496722751828	-0.0608247574722043	-1.61768229419959	0.976465165717016	0.420285935505625	1.04390325847808	1.65235951148472	-1.30911790933528	-0.541328660571928	-2.97706849432135	0.696775025429972	1.07837035568632	-1.53396557832094	-1.99691581488182	-3.29267361853254	1.34735453759759
1.50949567921595	0.25488592390791	3.13749088816657	0.483177351645229	2.68452402506566	-1.07375853531891	-2.88808315571272	0.366284136316589	0.345420260172347	0.176021255017469	1.46081314243568	2.30290814609852	-0.179882633799058	-2.40648731835944	-2.44783513907418	2.88608525181201	4.56048062369506	2.02496745896138	-2.81714382414918
