174,28,93,328,50,262,336,147,75,205,267,292,95,173,51,74,213,122,360
220,20,77,112,62,276,305,244,91,302,297,255,45,247,236,111,155,36,346
167,151,76,352,25,310,343,94,252,219,165,272,186,35,229,7,5,264,354
257,178,49,124,82,164,278,221,187,209,176,73,245,194,274,116,171,32,344
299,135,55,314,69,296,345,66,148,123,199,318,181,37,125,99,3,282,357
269,110,234,71,72,263,321,193,97,288,224,81,96,78,197,163,203,132,307
104,31,316,40,188,33,240,119,61,361,214,56,312,355,359,160,142,46,136
80,19,239,350,202,273,358,228,59,246,65,319,9,232,16,180,39,204,356
250,183,189,92,60,233,291,117,138,309,15,169,184,143,161,230,185,182,271
331,334,43,105,218,53,222,11,146,42,149,12,289,311,175,294,287,235,251
301,300,327,200,298,342,286,57,216,120,195,127,248,85,159,6,2,101,231
249,89,115,256,137,207,217,83,225,172,270,156,64,179,266,17,154,170,349
303,223,166,323,44,30,285,1,24,237,141,131,84,308,281,241,306,326,106
347,304,210,340,196,238,333,10,114,351,22,108,341,152,29,14,13,41,322
280,191,290,121,261,320,260,8,26,325,324,48,268,118,4,226,86,126,329
211,102,67,338,90,227,337,215,145,313,103,295,88,109,21,34,254,130,315
330,283,27,332,162,275,168,52,201,23,98,242,18,206,284,293,70,253,150
198,87,153,107,134,258,335,128,158,259,243,265,133,79,139,190,113,68,317
58,100,144,63,279,47,177,208,157,339,212,38,348,353,277,140,129,54,192
