-2.13768772376745	-0.435285717271327	0.806488401377443	0.806520051991583	-1.62716511963382	1.58860968148973	-0.774262486762666	0.634254900457904	-1.70556133852114	1.96054064792196	-0.523582957878876	-0.235547648000505	4.25960525714671	-0.0927500174849172	-0.723966338539284	0.652365727993178	-1.12760261455287	1.24813543042822	-0.963484562978977
-0.219046310339924	-0.493644239450006	-2.07973939902771	-0.283064928296753	1.65083096079581	0.10192368179578	3.01211460565767	1.15266906130291	0.408814702062642	-2.21427526140456	-0.092061759166512	-1.9999509957789	-3.8329731247233	1.3912590334774	2.78773850693878	-1.76647399015189	-6.36479779364311	-2.21137290318266	3.44554500100276
0.652862928745538	-5.90746967403658	-4.8789621473577	7.76063452341342	0.849706868875256	0.191946981528439	3.54510493951996	-5.26995483682734	-9.71604298923677	-0.61115189093271	-1.4642141374431	-4.36284380689649	4.38666842261959	5.0893478639224	3.36481970831251	-1.89979075774225	-10.0271983541017	0.713682371131711	5.08520843036133
-1.19578041133029	1.35642876296085	-2.3012389449519	-3.98603940290877	0.957346927716205	0.348408968210909	2.28381169795381	3.67654226989448	3.20166169389492	-1.98676804711648	0.290925111370555	-0.955647479505387	-4.41856002167668	0.653573437090316	2.17407853198918	-2.53580629411306	-3.89632050269302	-2.98606086082848	2.2708990073406
-0.674271798474589	-5.54077348739872	-2.33841270551432	7.16383215311481	-2.06847505312697	-0.222656516801463	4.88781462629141	-5.19795551030512	-8.07171995221594	-1.4054708901272	0.0880225479412964	-4.39506294986089	1.41426446900825	5.35498897856671	4.47754968034312	-2.27499124127354	-12.6614203954473	0.900479027097444	5.69916242284188
0.966238325821992	1.37106231123165	-2.47109665644692	-0.656409503468964	0.282163810652314	-2.73863929996486	2.37976180831816	1.67571832216743	2.23508532884482	-0.702920100652392	0.786172685581001	0.0275897866699637	-4.31488321751075	0.1360457308203	2.18018021604455	-1.22395275332887	-4.5906424046828	-3.44308809608346	2.30767023393817
0.194075043933297	2.10892938089039	1.61957060208241	-2.53008293443228	-0.409787689478087	0.554223549270537	-3.15146384308873	1.25912962563251	2.21124961428728	1.64182851192955	-0.224259756882127	2.73718392441793	1.38843801878379	-1.65643568851117	-2.847742128322	0.544880179807777	7.09268773438015	1.32377447552176	-3.63538022559639
0.252618886630523	-7.21527938607284	-2.71866547878299	8.58365216844229	1.4545717653648	0.0719349702464938	6.1337268832006	-6.21536918561999	-9.7542852967269	-2.33398937239865	-0.391227062224561	-6.08681984275921	-0.32016926282644	6.40898766624879	5.65522847209494	-2.6141682422297	-15.046171095546	0.295974900800126	7.74838949221112
0.114426568623408	-2.07758778501972	-0.243209250379046	3.53563761428578	-0.235804819181197	0.510365552232102	-0.460551328052645	-1.76642906073668	-4.44424524111835	2.32465125221051	-1.35145888947589	-0.478524202454139	4.69056792990467	1.42578372105031	-0.367082344812246	-0.342710364609502	-2.49231251281702	1.8215813113124	-0.058908338412877
-0.926853472943967	-9.98062793631874	-4.3742136732467	9.85989220823517	2.89616214602901	1.9708066743869	9.13186380305075	-7.98712219452282	-12.2779498903215	-6.18295493597241	-0.160109020436092	-9.81088019568294	-2.12992143712675	8.6082798978455	8.39924667281154	-3.2060763385675	-19.4904029092876	-0.144076997436637	11.5173940180431
0.645978268611629	2.79776972346028	1.24539925508838	-4.19202000700203	0.531259731621183	0.822468901688886	-3.17659969456279	1.83641309791699	3.99881538173547	0.0228174194621786	-0.22345878233644	2.82963489104243	-0.770130322807031	-2.10123810626452	-2.86399888544982	0.332474204266493	8.74524201492445	0.814613316559334	-3.61769079184626
-0.977067476608755	-0.423398811310761	-2.61339282744336	-0.377567580770176	1.81959830780881	0.598460713435978	3.51910422218666	1.68446424763802	0.614699425978642	-2.90026909047876	0.0605706157588592	-2.69970763180939	-3.90355223164549	1.02583190634007	3.21994934852533	-1.09332955367244	-7.10862431083405	-2.86166207462995	4.00195443634681
-0.81024853440271	-5.7138887314192	0.720449658857213	5.00807867962477	1.2277377131254	0.757519896987531	3.80345727836213	-5.01094156208629	-6.96065259720245	-1.51671930675798	0.512024429679896	-4.56822102902031	-0.847357356443576	4.57444490248783	3.49059921009202	-1.64614085161363	-8.5670019862609	1.06798730575785	4.80859417116662
-0.309631046277419	3.55167666912964	0.734368320762695	-3.68314367974731	0.101942835117455	0.0341052799704366	-1.71301191529976	2.96100768946915	5.04122903362312	-0.358244889985551	0.770865321227641	2.15835617606965	-2.00645050544943	-3.099659656503	-1.63250302411746	1.86648511602192	5.8758039324758	-1.21263605167676	-2.33198748412538
0.113177239229115	1.88362478663821	1.51872368969141	-2.22556577293418	-0.380323027396729	0.545086433229159	-2.79100165652698	1.0938060759737	1.9807031508595	1.40451531262349	-0.149858948470957	2.41827857177636	1.17161870177048	-1.50062067457133	-2.52716325395841	0.568170614183343	6.34802366851397	1.1944227695572	-3.22879327181501
0.283236746663861	-1.34104095032428	-0.989145420464791	-0.375489384199074	0.200698794502686	0.0800408711009399	1.03334647943861	-0.459895326897128	-1.52141198795637	-0.0713578299843736	-0.597080514988203	-0.670093155697064	-0.687639682140834	2.61151903979178	1.0883290115516	-3.38536228245588	-3.14751502869943	0.351853105771541	1.31916577533767
-0.376494582720246	4.7977529839244	2.47863838932474	-5.57843765006198	-1.49228074046681	-0.0968996314145234	-3.70860543901107	4.1103989442631	6.65475249265553	1.41521186846616	0.325699410665892	4.0716642409689	-0.979406802545138	-3.96498335876474	-3.44770721203734	1.19151667029682	8.36757074609989	-0.064912345142377	-4.90620420814487
-0.363930778291003	1.52506005414635	-1.71415864123963	-1.02090683265504	0.319693705695866	-0.866504680592482	0.508566335813509	2.38346937793387	1.69203397765897	0.483105377968086	0.139754432233723	0.233539967147202	-0.576207834184582	-1.04313984685737	0.460692399731327	0.335083683217712	-1.49276801106819	-2.29953814865959	0.401735787023746
0.026154920163586	2.1042099309705	1.73365569766067	-2.43051688234753	-0.935010344604716	0.388111226276081	-2.94324712757334	1.18850003767727	2.21476786863493	1.65482928477372	-0.0218235003860183	2.72551556371933	1.27976585311998	-1.55440945526534	-2.66912255608989	0.484529218709616	6.59507400026251	1.31501504322987	-3.51705617445751
