118,69,155,107,166,242,344,123,63,239,229,175,181,125,102,138,172,237,304
199,52,75,149,31,248,334,156,92,286,183,225,41,278,277,119,256,93,326
211,146,28,324,13,212,354,159,189,287,115,247,174,143,265,7,15,250,352
230,202,113,179,141,106,339,80,223,220,134,84,260,176,274,173,76,47,307
296,252,12,347,137,315,341,68,87,64,129,348,269,53,145,85,3,218,336
201,59,103,240,54,243,320,144,48,314,299,210,62,111,258,79,206,108,346
99,22,261,44,195,88,233,289,29,353,298,26,235,360,359,100,140,32,153
40,105,164,187,204,73,259,81,168,170,214,328,124,295,61,34,112,340,356
169,114,116,157,66,244,343,222,132,280,51,158,30,193,251,90,270,165,310
317,283,25,77,224,236,268,5,276,46,121,8,253,281,216,300,257,267,182
337,305,316,192,184,319,335,60,313,128,185,96,190,58,207,4,2,219,160
55,130,126,275,122,196,312,19,226,162,284,213,72,203,139,151,148,297,271
154,241,94,180,23,249,332,1,161,254,188,311,49,215,209,177,318,331,78
358,227,117,345,282,152,321,37,82,357,27,20,342,292,16,9,18,91,349
301,171,303,131,293,246,266,11,39,329,325,10,309,89,6,178,97,217,306
186,86,65,290,83,142,351,150,147,322,221,323,98,95,24,43,200,191,330
279,136,14,163,232,272,133,56,208,38,104,264,17,285,291,302,110,333,263
36,262,167,120,238,74,327,198,194,255,234,197,245,67,294,50,71,109,273
42,45,205,33,308,35,135,338,57,350,288,21,355,361,231,101,127,70,228
