84,83,24,206,64,302,345,161,112,287,245,250,104,198,120,95,171,184,337
213,23,53,214,31,288,324,196,115,303,247,237,42,246,226,90,182,47,342
21,170,66,270,17,297,351,142,279,230,290,329,165,36,231,9,5,311,358
100,172,114,133,118,202,241,105,228,285,119,103,238,191,233,200,185,46,334
328,123,68,252,94,143,333,62,136,217,298,340,192,34,125,78,4,289,350
239,141,144,111,13,278,318,201,60,301,284,109,88,101,261,174,121,130,321
75,28,304,37,282,38,232,195,73,356,188,49,280,357,359,131,154,39,148
30,20,169,222,208,254,360,189,221,102,79,344,18,256,19,251,70,209,361
145,181,164,106,43,212,281,199,139,317,50,190,177,82,243,186,207,203,255
175,341,71,163,138,27,273,16,132,140,127,22,293,314,193,283,259,353,107
349,313,323,178,242,354,306,74,249,146,147,150,168,113,157,7,2,57,204
135,156,180,235,87,216,266,69,271,220,295,162,89,197,151,14,152,179,347
205,253,63,176,25,275,310,1,137,244,194,267,96,269,215,187,292,315,76
346,305,153,338,223,260,336,10,65,355,51,117,343,129,48,8,11,72,322
219,183,300,166,262,332,268,6,52,319,308,54,264,93,3,234,58,116,326
80,122,77,307,98,299,330,225,128,312,61,291,92,126,26,56,265,160,327
316,97,15,320,149,335,173,32,240,12,91,272,44,296,263,229,85,258,248
110,124,276,86,236,224,331,45,159,227,155,257,218,81,59,277,167,41,325
33,55,211,40,294,35,158,309,99,348,286,29,352,339,274,108,134,67,210
