-1.90172566591163	2.79914486077723	1.18326667220174	4.54256779403577	0.132841335882581	-4.7467439094931	-2.53803282212273	1.48072711084176	-1.22961011564524	2.1500607950383	-2.40873181656646	0.0844871886880583	4.95571670622885	1.13514559288841	-2.53290488731057	3.38799390899528	1.79616576813275	1.0034744069979	-2.7157174645381
-5.57474414367549	-10.769848561508	-2.9099937468037	-7.48310755618977	0.617403701483498	11.720145793967	4.88447564152588	0.124911134457828	-0.222881050507498	-1.74143833245899	-1.98785255946568	-1.07172790718037	-5.25800416637337	-1.549360104804	8.52389117230981	-2.02767978791615	-7.42924444666355	4.93087062593357	4.94182677910601
-1.12394661233304	4.17384180891084	-4.76141010960573	0.405702131129054	-4.05914759546886	-2.27118184585203	0.771519852195233	-0.114417574887906	-1.40149878503738	1.77431097937438	1.70768390792792	-3.40101829514294	4.55036210424988	3.0836103228325	-0.136338962219291	-3.39346699215527	-3.90524286594413	-0.933547994333118	0.570210036441729
-4.94521757967338	-7.34002709819084	-2.92737154305469	-7.47610959719082	0.481794076277173	11.61331884854	4.19944936397034	-1.05857848542145	1.14629902945851	-0.0883345023659086	-1.74524448439197	-3.07350016908208	-4.95787070750567	-2.20391320475833	7.56567521215566	-2.68581319558438	-6.06547145940834	4.89382141364539	4.33171126419874
-3.13605680418402	1.69814607713543	-4.69000233160587	-2.38694460375624	-4.88623884570662	1.70844338790966	4.05435268810914	-2.95417195125067	-0.13771475198742	0.520196382320442	1.43138266272436	-4.01650992880695	1.34264696879593	2.95914743909931	4.27037666339334	-4.63914673515891	-8.80554724072994	-1.49513172787544	3.67930334646911
-3.47965404683469	-4.76760528280629	-1.87377148820764	-3.6990866495347	-0.950841226557127	5.94187135508476	3.45938399068541	-1.08910645820224	0.638875266777246	-0.981088683912159	-2.02726778887185	-1.8207240496223	-2.57452868905362	-0.252776530281848	5.59480428805699	-1.64946111637861	-5.34687935610675	2.59517418344646	3.40006613916653
1.94713280630534	1.20842124168791	2.43504202386308	2.9580378047151	2.04912745788918	-3.29610307834554	-3.04967491265857	1.53165423411307	-0.1863576147229	0.262594116383874	-0.858472444660388	1.61404594660017	0.771417745662505	-0.91591246655693	-3.60816216564161	2.90692121330067	6.46777551168281	0.571402175166597	-2.85590399063428
-6.87819034970354	0.0467181266625694	-4.1971747879284	-4.95545683347189	-4.85351581238967	6.20874693872215	6.57477629987483	-5.87796432539958	1.13132839235308	1.02837928119471	0.671345046655989	-5.54336191970519	-0.840665134182356	2.34614799053894	8.48234563757941	-4.60532637437785	-12.6911155766114	-0.813652148090876	6.01765742276942
0.617924291450491	2.05198859249939	-0.306437690472745	3.52257847736039	-0.109206290076932	-4.75690506150255	-2.41370917737799	3.31904898735628	-2.20240801671813	1.8203855506774	-0.551157375849652	1.03060060520652	4.44597617429509	1.52628783731353	-3.42955357558778	0.849134995859919	1.36579317719496	-0.338953329542983	-2.40236525897647
-6.93284910536077	-2.76573072150706	-7.02457793569551	-7.28215135219283	-6.78585168254087	7.61602922971248	8.91972609258497	-6.3447372788236	0.0540595845804335	-2.22431442171568	3.54102489240489	-4.92772617423065	-1.45806694529472	3.72934557272812	10.5624538383007	-6.40614647606757	-16.3708895910414	-1.64104074416663	8.16134801895856
1.87461493843693	-0.918529009574307	2.78113287013687	0.946280079812844	1.79380466203809	-0.562271878480011	-1.00652004292608	-0.267059129428623	0.859516173836276	-0.969204844162141	-1.35119036115516	1.40441630840079	-3.00984047156106	-1.47453979226692	-0.961527637895914	1.44892644524061	4.91654339419284	-0.00477440490420822	-0.741017315731282
-6.13707568124732	-4.60525846268583	-4.15009696499094	-6.74731536238473	-1.30262373996426	10.8144990118195	4.48408406182521	-2.41298709391695	1.84932070204763	1.28606162620983	-3.19837894908869	-6.21633276923101	-3.724321754521	-1.46790735088796	8.16069049011157	-3.59639419447252	-6.05743288546196	5.72644708856814	4.60532758349515
-0.115935423699469	3.01052207344785	-2.03647121668219	-1.83817790669649	-3.14153133815931	0.0829372613028561	3.14727422882839	-2.89176091474007	-0.335538844333479	1.47218596305183	3.70511687778971	-1.54180901746084	-0.665339181482513	2.49508424775854	1.94431475473619	-5.06828062813006	-6.31264794473654	-5.44786989503304	2.9729112213935
-1.03482689459046	-3.77339943684866	1.28527429283733	-2.688795271935	2.19085410645718	4.96214350385903	0.747162344889357	-0.885710964049375	1.30400526236891	-0.72404035218675	-1.20648734877831	-0.0613000971973889	-4.22325704270422	-2.47848066235758	2.32875880954313	0.849614128890607	1.62171578993944	2.38969683022752	0.956604149575639
2.71740710841266	1.60828933963067	2.12988254302482	2.8070487875719	1.73570156146521	-3.60208331537421	-2.90783595217744	1.60316525463478	-0.237661859832099	0.134359738410696	-0.115646047368164	1.80326359618473	0.789966116469953	-0.670428873335893	-3.88257498361023	2.17583052020164	5.95642669117394	-0.233109051440017	-2.71479823461382
1.41563515174781	0.783679520864087	-2.32504306722176	-2.17757838122114	-1.13583701905577	1.77261964763455	1.11146199337739	0.341557878234074	0.0388709694558559	1.45224373867039	1.10102066128819	-1.59357444313824	-1.2560391274941	0.243827779309371	0.561820874320896	-4.48644503468882	-2.22815561709303	-1.27189989911619	1.35242011633598
2.72434561243472	-0.748848763018652	3.97444059429623	2.62620873531741	2.42144909650883	-2.82504975879819	-2.22363839539072	1.21914318014103	0.220613255393088	-2.04920052420559	-0.527861219353113	4.43655597385492	-0.614554754393573	-1.19076673209568	-2.97718097992081	3.52580225248587	3.21351383282517	-1.11040286228811	-2.24565558914133
0.0424891633581836	-1.0553962901495	0.468676128634783	-1.19710750025041	0.0483032013455365	1.5369127608526	1.40038954663145	-0.0576711563962347	0.0955493639655196	0.473085372471459	0.168950171361816	0.888732195669689	-1.4524685559096	0.119251857644104	1.38169309081594	-1.61121649337385	-3.79830121319419	-1.8205992872994	1.37865375018742
1.58569108047994	1.16710446422161	2.4455484979115	3.01436956621484	1.87825329679316	-3.32614630469039	-2.8769247160752	1.27373320573597	-0.162753106510739	0.0501342804224714	-0.873063129242388	1.62233642453942	0.965044844072501	-0.777188150952595	-3.35520419780809	3.15050449618866	5.98380928383954	0.581216400368811	-2.74671141684171
