-3.66864647024048	-1.44608356281515	1.37696007548571	-1.11963417834047	-0.836601548805332	0.324988238117002	1.10778550696875	2.8485850831468	-1.47948417056327	-0.131664332826373	-0.490470404789814	-1.48263479272739	0.271320620734213	1.87934582707822	-1.84886039435117	0.21841455456334	0.671185315933869	-3.45196366242354	0.880369798410957
-1.37973318817672	-2.88458381251812	0.265447747216248	0.729594213133511	0.283993156786758	-1.51026691395978	1.47516220201796	-0.0315552670772033	-2.48554380741081	0.536804315957739	1.42636773850008	-2.03352874527997	-0.271231497926529	-0.101260821185568	-0.0566385485714825	-0.39768941509253	-1.53051843898225	-1.19574403324835	1.56053640434555
-2.19215539310183	-1.90672292694796	-1.56291698527659	0.051947206283992	0.689873353897075	-1.19339597921894	-3.01691948448392	1.55017926989526	-0.385141848132466	5.08866115048781	-0.607008643188365	2.73169349638107	2.00874858152551	-0.504840241666504	1.89999358791185	-0.879104412491465	2.38864198814709	3.10733552215927	-4.27920701024998
-1.13595339415948	1.30217016064982	-0.448111883239879	-3.44262749962028	-1.24018187316581	-0.641097997634212	-0.0269475748307655	-0.611984703474578	0.963754613118482	0.293208165154721	-0.993850982551086	0.840576332435158	1.60335912731614	0.613863957775546	0.914666401916879	1.02180690083625	-0.365137121683083	-1.44531864942429	-0.159650654883765
-3.30603090555398	-1.56406199671294	-1.7007951422401	-1.94254392506886	-0.0687207233787568	-2.86843182730856	-2.52936349754999	1.04680193416412	0.250200714188118	4.87408220902128	-0.541052454824849	1.92677242950026	2.27913747054382	-0.360554586888909	3.54518791282636	0.417731229076871	1.8210580310472	1.71981779650912	-3.94952671819571
-0.642871719462447	-0.821045761559352	-0.115240930073255	-0.249936909388508	-0.244505897357952	-1.84177966258962	0.42118375267747	1.20854202997109	-0.675982248120688	0.568283123928225	0.788459462444565	-0.216814514640059	-0.63336120790483	-0.560596327546675	0.251154606705758	0.620198810833818	-1.10398370852316	-0.869620348758219	0.816664995465602
-0.208588109694868	0.201992873175791	1.25022667554262	2.99234065571676	1.83420387174717	3.72317682727363	-2.40412742477721	0.947869736299766	1.10399745401278	0.266898965970807	-2.20020712728308	0.60243506978229	-0.0289449003321323	0.627679419312983	-1.18239058441458	-1.22946004098106	4.38457241685468	2.82845052723692	-3.75967394040761
1.82798365575474	1.2967381481673	-0.474080879907617	-7.05864414245822	-7.26889650805282	-0.960747339082271	11.2620816328196	-0.909681832827049	-5.08948715156992	-7.61761559177762	5.55103725369228	-6.53028742374979	1.19103123325138	3.63290034187145	-6.98585629559487	-0.0104427830595727	-12.3666946350002	-13.3022046043001	16.1872795882574
-1.31349626051658	-2.51739255738458	-0.0699517615481028	-0.169082121213052	-0.711158235273486	-1.0923211416308	1.86480417233399	1.52560532112405	-3.21901069357704	0.615564305917557	1.63678167231027	-0.367293014230797	-0.244612071057932	0.422580533802153	-1.74899324764389	-0.797559652580802	-2.06219643381547	-2.32424590989924	2.7767089718379
-0.60910066079591	0.165887611174727	-1.62586455000454	-6.49003924282406	-4.68878070337099	-5.78299812625994	6.3984029215908	-2.26999814229723	-1.73511149973915	-2.96478072151457	4.43885701348275	-5.01003438170477	0.82086400772586	0.938677610221639	1.73939851105914	2.3865456508328	-8.00482639871841	-7.7719489967072	8.52293930482196
1.7560288855232	2.59480270033202	2.45176231399227	1.30894471124904	0.307304473964128	5.14900379815601	1.13453822831885	-1.38078332711628	1.48085802077435	-4.92793127777039	-1.80112991336206	-2.45040529310297	-0.645925540213582	1.74427370182485	-3.29639581144047	-0.436078190031182	1.2269405927375	-1.18864349977119	1.0585383590869
-1.62215202429252	-1.42550388802362	0.817353018118979	1.41040892288328	0.312710398751907	0.890064094495404	0.639903593078402	-0.335618362379858	-0.0951219378181777	-0.3836591761671	-0.00777589100559279	-6.24752311946351	1.93001915245815	1.02855063251962	-0.211379148656093	-0.595577944439783	0.457859286217956	-0.214410042634007	-0.928746858984728
-0.495019014146324	-1.02650589595378	-1.21833351774379	-4.28182665687392	-3.38783736930722	-6.56950585929556	5.43854971968277	-0.436176920317184	-2.46884989325248	-2.07881092596786	4.7900595983637	-2.64545798836446	-1.75699851156575	-0.255217212324467	1.7563166313911	2.44227864867298	-7.02958270179784	-6.54752484893464	7.96572342871714
1.92903886168298	1.0453541854855	2.26523638854711	2.67893429678166	-0.892016734293223	5.38013979959256	2.58351472733529	3.86869070571182	-1.79008864253947	-4.47367253134607	0.249198283486314	-1.35336320069222	-1.96881370328992	2.13516438630166	-8.03378421787135	-1.95279839321245	-0.560880680719779	-3.22567217892118	4.43881413444972
-0.531078462810056	-0.0303733370805592	2.69361837046053	4.10189846955448	0.354850936591373	7.61579678429202	-0.499406021681357	6.31489403791626	-1.65994568038416	-1.70471141411945	-1.97748617860958	0.959121320960157	-1.03986968830478	2.98162580399117	-8.56460815499782	-3.22084632049891	4.17650188262419	-0.812483432501288	-0.190013044784063
-0.841280661541399	-2.56052026755464	-2.32005802278886	0.891494427460773	3.19715130466827	-4.1211883545471	-4.10269730010804	-5.91683629253475	1.60701331784717	5.63534664492859	-0.425164403356597	0.603431388605365	2.26471711700587	-3.05054091870819	8.92445762992103	0.32408350912939	2.15382552184585	7.23235365052997	-7.11885245321325
2.87498434018177	0.724578637597821	0.0497452152276823	1.95384892046552	1.56264138552435	0.69678041561519	-0.384462026235857	-3.9115952541615	1.26188333119112	-1.18160492904455	-0.211151627318429	-1.72879262860701	-0.0470318501847066	-1.44966064407491	1.212244487644	-0.232417437408112	-0.68750566435604	2.66153417538228	-0.838932277274515
-1.8892831924167	-0.249988323298031	-0.477170874634119	-4.06318231142992	-2.00292235780902	-3.83548283630895	2.42038114227109	-0.925706753175305	-0.444456922390194	-0.645433077805541	1.31768237936231	-2.00526296167598	0.413976003292449	0.268317134346858	2.08754392011717	2.07918313076578	-3.1903212202981	-4.02059447314678	2.93968776026011
-0.858697892801534	0.113829537706163	1.9290092904683	3.33538835571445	1.85193048882212	5.10710402425264	-2.19253422791219	1.29433197295008	1.0418665004107	-0.270710502877698	-2.74053057367705	-0.727114444603821	0.528009682382043	1.51053063978376	-2.23700965670347	-1.62398913210024	5.11602147467745	2.34247352602794	-3.95374939626219
