1.40507252249397	0.664880925618295	-0.924538229813745	1.89024058846834	1.77964254296472	0.804268830774926	-2.60427557714365	4.09162452234044	-3.06061272277656	2.85652511396761	-0.889398727044994	-2.47809735377517	2.95824033491	-0.126166729963924	-2.88437481051351	-0.540202611845092	3.10348564865292	1.11223691034337	-2.46633273170879
-0.614104580371839	-1.05058485155953	-1.36330914353998	-1.50810044064916	-1.49387465767991	1.34136899397949	3.57976671059925	-0.933488346295128	1.31561264292125	-0.383493290058863	0.163880561058785	-0.272384883471072	-3.22836741863492	0.858139515571635	3.45025941458924	-1.17027895772735	-6.865808346784	-1.57921850670677	2.31171565473954
-2.7000592551767	0.433410575962022	-6.06349117069871	-3.16260385282421	-2.15197839736549	4.97025697447511	4.23008430869145	0.858296772471188	-1.4896080657955	1.18446770560212	2.1539113758025	-6.18722397916502	0.619046821894975	0.944836254139904	3.54052161555551	2.94622759954569	-7.58983041232206	-0.852150926363233	-0.156315751520424
-2.59406065716087	0.214567834720173	-1.18859498352758	-2.82741264036264	-0.364893241479514	1.71981719185718	3.73689364445273	-1.80996503962576	2.19632121019971	-0.986225051354466	0.0646917354359076	-0.180916214862351	-2.53027748319027	0.305027086667224	3.56777820363537	1.34400500768504	-7.1100348178812	-0.162566769195445	1.72831917265216
-4.93438705574492	0.397921644357165	-5.20297058793781	-4.31635648805079	-5.95306485144155	3.7142260607462	5.99112163560721	-2.42326451223011	1.93824219730204	-0.108521062437442	3.9712196199342	-2.18556070128999	0.0197476671845109	1.30504128226396	5.94538032660187	3.8055474866614	-12.9160168735674	-3.18559832678367	1.67591462281776
-1.96575009181152	-0.170701074988796	0.241204816965316	-0.769439296679348	-1.33425208724238	-1.6772035971852	1.80158858207073	-1.11258494694856	2.58862649666914	-1.0011949141466	0.573252265002133	2.39245046493704	-1.88546596471619	1.48051397504034	1.99637984173413	-1.62714550906227	-5.57361570891841	-0.76963210388936	1.92800330474072
5.29760808244184	0.0480333257986967	1.35704018801716	3.63453084191111	1.54117951167732	1.26903082458981	-4.1159605526658	2.53373226248306	-2.60758288818006	1.75464467614553	-0.89451284396105	-1.16090027318579	1.29667009140415	-2.19375626019217	-4.17401986296054	0.162377384015657	9.04966352521608	0.211018152929893	-2.95184606694348
-8.56079516512182	0.679751548438771	-5.12167751678907	-7.39125214137887	-3.0828249098835	3.81162145322845	8.80797396529972	-4.09917033929631	3.15735318965734	-1.09194425200661	3.48538721959532	-2.53509147777496	-2.56304278633094	1.95747596268256	8.43841976569499	4.69892685270449	-16.4305471342359	-1.64913479911195	3.26690735292822
5.45833780997137	-0.967975453162408	-2.64007326939403	3.1424914515608	1.15026925232809	3.83769903155946	-2.32227918341245	5.68955832258749	-6.42823252950745	4.13242807818124	-2.20111912582007	-5.44765111481976	2.54910174431417	-0.776335723533009	-2.88045951914021	-1.98402472378423	5.15601759467145	0.0231774567579555	-2.38544592728664
-14.1556354165654	1.34993571468632	-7.61426767281911	-12.0590662974487	-4.71865184227655	4.60672072964512	13.7021037099617	-7.96891325923352	5.89459451501609	-4.00823919104629	5.50854514873113	-3.19241829623349	-4.37562943787649	3.30799160271627	13.1635611979922	7.58853054891247	-24.1876079461189	-1.44179308215118	5.47971032838329
3.27080186350879	-0.507218758909829	1.86105776281718	0.977718317253448	3.07632775536996	1.53186291322	-1.75216554950416	-0.750021035013624	-2.7470798331744	-0.74287735564752	-3.94405329404567	0.210624820037537	-0.265825724448698	-2.37026934003136	-1.78368295238137	0.371142141535742	8.10464776520249	2.02540239902046	-0.263514034823068
-0.873073613757533	-0.17560139920427	-3.5508711995288	-2.62479124544962	-1.03121049232493	3.99128923371942	4.73413313764803	-0.175801958349422	1.53839647993918	-0.304665753768912	1.36218150914443	-3.94248412106898	-3.7136329207866	0.446561029489494	4.0809373958677	1.31674510249683	-8.27103160237262	-1.04070541254293	1.00904466718817
-5.47548868993906	-0.31663187625106	-4.09713012255076	-5.21257807218007	0.378279554490968	2.17522470055095	6.51393727006558	-1.4922619870734	1.39349302902219	-0.50897240462138	3.37425636593849	-4.88671084742018	-4.37771374606131	2.30592412042264	5.66148426176682	1.56658622299267	-10.0486495685963	-0.770032191100624	2.08486901466107
2.70459856946729	0.0313216441964306	1.26682035779969	0.498314221214493	1.25612397899815	2.43697870721158	-0.521616382078136	-0.798767217379645	0.0224197875327157	-0.0506833066615746	-0.605464334181523	-0.455411685684459	-1.59694049726164	-2.43113377266008	-0.602829998043482	2.21084436056538	3.73397002400438	-0.103912263709524	-0.961880900583903
4.9476471463395	0.0583840623243164	0.962262871509558	3.19950168804176	1.70309703290226	1.53614506907467	-3.55937345596334	2.48278578974532	-2.45600108420673	1.61224795278679	-0.73098144020888	-1.70928663553655	0.832744635930872	-2.0304907992969	-3.7225122370717	0.285193819801456	8.24926556112027	0.306101441504605	-2.81589462520324
0.648493006944321	-1.43562240796179	-1.16838744085191	0.314845157622303	-0.378586865079001	-0.431437468670205	1.12846703455761	0.953141926363176	-1.27292477685995	0.124958918340933	-0.766208911026175	-0.757424779918123	-1.44543384149451	1.5392571461687	0.960282362954027	-3.573450437652	-1.9214021440805	-0.531526584818414	1.58152157251529
5.16375778272747	-0.376828595580964	2.60416433456336	3.71169030016189	1.79729507136783	-0.586081200527071	-4.23012522707098	2.0004824582295	-1.47192713581903	0.741537198267566	-2.22840162258654	0.888331556904382	0.327007558008844	-1.88187178924216	-4.11798160267482	-1.76112782115894	7.93146085582425	0.568917558079513	-1.93929029900547
3.19201900700985	-0.933079930486977	-0.43724918277934	2.0805391728478	-1.46784442156798	1.00214842732231	-0.591896379739893	2.28490723981983	-0.581864918851956	2.14972263048726	0.862556439193717	-1.02645280671924	-0.638800663827397	-0.162857541625762	-0.630446398311506	-1.72550792414577	-0.626616982341289	-2.36875220669889	-0.682788131722123
4.93350283885217	0.449318290613032	0.640931333804881	2.9279775682837	1.71748788486388	2.34563110220962	-3.40609052238948	2.58529671327919	-1.97003341306921	1.78593316457313	-0.0266521988326418	-2.56511974026618	0.705089880563919	-2.4533395243833	-3.67418886872271	1.50978892022509	7.85158173625598	0.186428322328872	-3.48016223759618
