53,178,187,39,201,143,336,98,132,301,211,156,262,89,167,284,36,189,323
40,117,128,174,145,213,339,82,271,273,288,22,192,162,275,114,85,102,332
198,307,88,255,63,236,349,74,346,170,111,157,204,20,191,9,5,348,354
142,183,66,140,83,158,340,87,247,202,147,69,152,208,281,223,197,76,326
316,233,31,312,227,257,341,113,135,33,176,299,290,43,126,28,3,234,353
238,62,190,67,179,229,317,119,105,260,224,60,72,92,225,295,121,169,330
32,26,249,24,320,25,173,277,78,357,221,29,351,355,358,129,134,41,168
48,65,210,150,240,123,337,99,188,37,184,342,108,297,30,253,55,186,361
239,141,232,218,104,194,228,138,118,335,23,130,90,93,203,274,144,161,296
263,359,79,70,148,100,278,6,50,137,110,34,331,245,182,195,293,360,131
328,318,321,246,254,334,269,68,294,97,177,95,258,64,149,8,2,86,220
101,205,154,153,52,163,306,19,298,261,259,139,133,216,171,45,160,200,343
175,103,91,107,58,264,266,1,300,272,155,286,181,206,116,285,280,303,94
350,324,109,338,276,231,344,12,146,352,17,122,333,230,38,7,14,21,302
248,214,287,127,265,315,243,11,51,309,313,81,291,77,4,235,71,120,325
270,314,217,310,106,159,282,237,308,199,54,125,283,10,13,15,136,329,219
289,251,42,322,268,304,180,59,196,18,84,250,16,226,267,292,75,241,112
244,222,165,27,212,215,327,151,164,209,207,252,279,49,166,61,96,57,319
44,73,185,46,256,47,172,242,124,345,305,35,356,347,311,80,115,56,193
