-3.62490716452943	-0.333898567097041	-0.0987455492688811	0.550164458810008	-2.54399666779989	-2.31030291594903	2.16461955873053	-0.76373209012356	-2.35352705763719	-0.822985475008362	-0.889061752281481	-2.9433279825445	1.93109146040681	1.4131831531319	1.68952546702309	1.18621882106298	-2.01428558418141	0.0740267643514694	1.0871630105419
-1.55555411344172	-3.00757462620832	0.129186861404446	-0.891536221970084	0.122715294547275	-2.12587304374316	1.56634813563415	0.340462539837849	0.854854357030509	0.311038060866401	-0.0348342930256142	-2.72700485875786	-0.428584429687632	0.761908020399266	-0.710427259737056	-0.167735147124209	-0.479892359023569	-2.31331557091695	2.17450290527007
1.98045431141606	0.688157438814851	-1.71184773816012	-6.19895344074041	0.16632005871202	1.23457172124605	-1.47743510969722	0.685562941616331	-1.1210755612278	2.20035364546619	2.84515073160102	3.93563158910944	3.10664185379954	-3.68832568286256	2.76771438821142	-1.69084855448552	-1.53207488709113	2.33311568940954	-2.25614906498328
-0.207259647361724	-1.78987542032271	-0.597006333885379	-3.84908479143425	0.481754112111004	-0.215568568517792	0.558636416028225	-0.0281409418611104	0.555795429137576	1.42960248761393	-0.749657608689598	-1.28707277069504	0.131321574055907	-0.326475785657387	-0.931913386717581	-0.945174974405547	1.2071539804614	1.11518460746679	1.15140948336026
0.209992939307296	1.28943398831826	-1.29986275111195	-5.0987768446214	-1.44500603030072	0.636193023002058	-0.828114887523453	1.24227864490395	-1.21882938010499	0.67973014290132	2.32291616641976	3.69481871494719	3.73022624582586	-3.42306624294196	3.99021266752869	-0.266109620863356	-2.61143234597885	2.72342114111875	-2.40264597548836
-0.382135772057561	-1.78526097499001	-0.196256273014195	-1.6489727458711	-0.148732557635259	-2.9468953469647	0.511871387227238	0.487620675041733	0.963367531949189	0.616136357158858	-0.195096619639451	-1.56632208264156	0.482330978792374	-1.07844265629148	0.717481363440514	0.208217565610188	0.834860276835376	-0.00856256060088056	0.422242459224845
4.44498874128435	0.583525375204366	-0.247275756618568	-1.74028136186838	2.84981536058772	4.16558826885899	-2.9903066702887	2.03066657202027	3.43187621757441	1.27152359502076	1.11272635405431	4.33645149581285	-2.17279298206268	-1.79959895336237	-3.0135141031818	-1.66976773573532	2.43191763602702	0.582482376987322	-1.4432899217968
-11.4474345081997	-2.53456446329204	-0.327609404119766	8.46454570901786	-6.7474884479167	-12.6899111640918	8.98151119120849	-8.28771890331223	-11.1937550125207	-0.690558238245583	-5.61312484012444	-18.0228591002215	3.87006325860115	9.84594354290336	2.86198198108052	2.59279703919254	-1.28014031951579	-2.07301379963756	6.70394529202547
-2.1884717701423	1.08840787602309	-1.08006673566335	1.42173220749592	-1.98349624416026	-2.84796883175773	1.65402800856741	-3.65040093547986	-6.20565516277891	1.451052932242	-0.920795580909073	-3.96452705697227	3.29266124055235	2.04531567320661	1.82989752032761	-0.269421215962087	-1.28298347979283	0.999884711394028	0.363985542936953
-8.9868518891519	-2.23713442005004	0.27180587710387	4.89109832617678	-5.69979847702012	-8.09617789620152	6.30824542090757	-2.69193737306012	-5.1099541602896	-2.42606096053884	-2.36863711490925	-10.0915362931602	2.73229107611376	5.54865544774956	3.3001704388006	3.01245281886589	-3.04391020418985	-2.38320652409118	4.34884799840606
0.404767419126708	-0.212601101244496	1.2909795762359	4.19668647225056	1.33076574277942	1.65947661714945	-0.251177661811047	0.466839095797694	2.92227352313136	-0.762610732139574	-3.65011917308844	-2.25839226291765	-4.11560508120729	3.23774311756023	-5.17797320570001	0.164591963819484	3.85327961469816	-0.311780492974677	1.58873515918942
-1.27636700103292	-1.0671426374268	-0.258416310073979	-0.679971809976181	-0.556737990266548	-1.94037516086125	1.01051543826681	-0.566655812884977	-1.11943416069102	0.723137164576077	-0.654602693893436	-2.28316643822419	1.03532046849789	0.564242129361163	0.598447033320008	-0.288237616163447	-0.528542507294157	-0.113823298118816	0.803219075839349
-7.45589260862234	-3.23892233670616	0.21705600625417	4.40164280458759	-3.9734165234042	-7.39902277010117	5.832873462948	-2.83534167128452	-4.19176693918588	-1.40734127773025	-2.04400666014955	-10.0644662452769	1.38017539182233	5.74265329392622	1.70649770360604	1.70986952217521	-1.94306300489189	-3.42797975319139	4.91108956690245
-1.0971950993526	-0.904034148678485	-0.308254252863097	0.89843522988069	-0.587474386332395	-2.1612494496246	1.30610732958479	-1.61780253691003	-0.286896035713338	0.181296855951716	-2.27877910414054	-4.06912432453589	-1.06926931591877	1.74916451732488	-1.92161210766511	0.625137958073553	3.74140967211431	1.09084836546947	1.75401161543495
1.92671815562942	1.97646286214244	-1.57023643978663	-2.57082002386617	0.276440817658854	2.67063369179526	-1.14564344625589	-1.84995837670629	-2.09631061142942	1.4278685019623	0.439951297475753	1.72714196577345	0.520679100895031	-0.659919882798142	-0.675163787953174	-1.28005964865344	2.09176233148969	3.27425632257635	-1.10781219203251
5.21317602978241	-1.07033032671018	0.0560340452349057	-3.6499367639832	4.35013548102153	4.8523217151705	-3.47600293368916	3.80551144863074	4.61400314435002	2.25090078773771	3.03450607698718	6.07862176238235	-1.73150459903282	-2.95301556289775	-2.56784746375605	-3.0635874249384	-0.793176619315371	-2.13962179737896	-1.45983173786387
2.77555368045022	-0.204523717024504	1.07444053165611	2.49649613589303	3.0326878831785	4.34655124820736	-2.10885528144998	2.33669016958739	3.766542785838	0.0485200617989014	0.392153079709606	2.64990045688124	-3.60097462162967	0.506759959589318	-5.41166050308182	-0.740073507070948	0.413114120151071	-3.093022686319	0.093876444995472
-1.9366260789422	-2.30895344148569	0.153873245363631	1.81870394947955	-0.318763819905937	-2.52095098125774	1.80985347639368	-0.464181565287577	-0.974191907954893	-0.103423116853067	1.2535219809355	-2.76377790339534	0.045996708293352	1.52304650953697	-0.229075473096239	0.169702106917577	-2.25099001464068	-4.27552711323757	2.04795435863211
3.71837552775223	0.855504648377481	-0.166706842237297	-1.08568151901253	2.15084458106204	3.34738248886559	-2.64383134873002	1.86469607536944	2.98132678404763	0.948039617469908	0.579544783326507	3.62350223813098	-1.73012098806047	-1.55990326045689	-2.50540927873585	-1.10784492620591	2.38467910823761	0.98804438074359	-1.47629406073787
