0.561325661154424	0.216334473014353	-0.125285979699466	3.21513761411093	2.58234428124425	-3.63830374374352	-2.14190809979773	2.01816203626387	-1.86257331708937	1.86121033941581	1.82187713711442	2.39436491500828	2.35601237999972	-0.788515453037086	-2.12524446620245	-0.235018729409287	-0.804493033786372	0.422013184891149	-1.19751868572264
-7.38555168615538	-5.16816590043112	-3.91038607724822	-7.36760766460871	-2.75230231584943	11.0299840615783	8.88443636360572	11.4136804004169	0.773859376235638	-8.72212897383918	-5.98497774483991	-7.15253751831025	-3.09894600086189	-0.940509309115253	8.6301335582278	4.30895598437905	-3.20299548430152	-6.47326213115976	1.70345925043719
0.379729918220562	0.154079002261028	-8.87145533798623	9.23676996505038	14.1605944230321	-3.91637911358464	1.73086942476462	4.34639153621194	-7.11514916355796	-0.188198674726479	6.52999901700297	-3.25094780111301	-2.99945659613231	-2.24413569792266	0.42544141090498	2.45382099556458	-8.9079982997951	0.00948382079756271	0.805281184984596
-6.69745194655353	-3.9144323393452	-3.32192752857854	-8.00093831822908	-2.94177112278509	11.6050728240079	7.61297914656221	9.56828013778444	1.51144270117707	-6.74861061998978	-5.52059462347809	-7.19633869315599	-3.09580368893605	-0.93904386312326	7.45388352631194	4.94969006020025	-2.45111907103929	-5.06713305319348	1.02004418208494
-5.92071475605108	-3.79396679945184	-8.73537441641515	0.788486074956474	7.49951763640422	5.8918666992552	8.14689854763297	11.4967644031826	-4.93501381208347	-6.14104326016887	0.983892218558069	-7.22114328482446	-5.86037153617448	-1.92361564777588	7.1228451075884	4.81991422611429	-9.14360715317287	-5.61363528977	2.11020081824859
-4.1158668263112	-3.84889148271233	-2.67962975384282	-3.40547514768681	-1.38210861454784	5.42716278386783	5.7169264730535	8.10707007786624	0.17531745368797	-6.84098309039696	-3.49713581801127	-3.70219231515628	-1.59134732022531	-0.822216066344435	5.50519223595889	2.1388735849666	-2.28191033139669	-4.34604817527807	1.29104088732396
5.23292914165036	2.81217639837408	4.7295867723689	3.36599441909134	-1.64005384277985	-7.366057720218	-6.58710070675755	-6.67895816484495	1.14457908230356	4.55703353274294	3.44513845282333	6.69973185127137	2.84158585006566	0.471779992273771	-6.04106447977923	-2.96991109196955	4.24211923736438	4.09947219886078	-1.7391916960692
-11.4706565914432	-4.84674948445658	-10.8905788637675	-7.81497308865683	4.85254102295048	17.1181987167314	14.1290611378491	11.9914413943126	-2.71966863111624	-7.54924089597937	-6.68678030820445	-16.2386446876354	-6.71706234319491	-0.522634096237834	12.8242353379544	7.26394221538744	-8.93137524261622	-7.86361546690542	3.86100568976475
0.216386450273895	-0.377162242772718	-1.50002648990555	3.94495171042314	3.903881665468	-3.73015893751039	-1.03385811598479	3.05945058459932	-2.63336264505221	0.660226532825259	1.82172566385181	1.45068225108532	2.00217121211195	-0.941199384316029	-1.22774952902271	-0.171979721815468	-1.97525086883181	-0.16482484556181	-0.645854765011294
-12.3488707241018	-6.76452888919813	-14.385367210674	-5.1213685121795	8.42826554589282	16.5381709718179	16.898660383789	16.6186798297577	-5.50179890562741	-11.6762460319742	-2.90775372721432	-16.9666123550371	-10.8750553948492	-1.70427887088276	15.1875782424312	8.85826177333481	-12.74197913824	-10.2292120036651	4.92244745834449
6.1012814675157	4.39973086292467	6.02570077989837	2.33410203239153	-2.86326425357052	-6.07174480292133	-6.54673450432776	-12.4056186791091	2.62346702085659	6.12469842155598	0.949230427739053	5.70499015349267	1.93098781428115	1.98176849289056	-6.03427599692861	-5.00749837826149	5.10676736811214	5.23271140753121	-0.655691474726567
-6.59845306430845	-3.44268515610223	-6.409203423171	-6.12259701064678	1.35253481360816	11.7441416603709	8.79748567685329	9.06331027061183	0.0392219059834025	-6.65730219167526	-5.34266579627943	-9.961751328077	-3.81194417253954	-1.13798086507765	8.10237181623121	5.4080493647158	-4.8910274978592	-4.55831436781246	1.79064421857083
-10.9021050477232	-4.37049492540349	-4.62038739464539	-11.150130563116	-2.86352449767944	15.7868154868332	10.8745016974881	7.89639299450832	0.0100546963435697	-5.05517283954769	-7.65462214728202	-11.7589813598364	-4.1897571196996	1.08759933115714	10.4902012564345	4.74709659318293	-3.01014726425198	-7.413964085558	2.8546229219556
0.134285834236131	0.020559295639119	3.50139450807431	-4.31895573538277	-6.13238467218496	2.17382617512897	-0.566386533186289	-2.19996123721175	3.39472669986745	-0.451063440027827	-2.17441541963214	0.940434114156332	0.457024237549426	0.799432435235198	-0.0322573998390041	-0.381875264587805	4.0640649358123	0.290539405633275	-0.330438617851867
4.90879772050041	2.704040230195	4.0620634378068	3.33151704405594	-1.04422951914922	-6.82485211469558	-6.01297286066801	-6.35860179739381	0.914227888991005	4.28156131883566	3.28836689088135	5.91571918939344	2.50595335636864	0.425125620444705	-5.56437475518882	-2.6880228485567	3.70405035889086	3.90692992104285	-1.53057967076387
-2.05310698094519	-1.30180368419787	-1.936602992174	-0.161332892131717	1.23297255442294	1.97062412671381	3.10977426519848	2.16906555905933	-1.0732999803499	-2.05745244295082	-2.14508500010693	-2.39418199939757	-1.12703727002984	0.275826762511207	2.78670661951486	-0.353218162937451	-2.53809671530686	-2.15784879943969	1.46438640549653
5.23317804680498	2.45822755740756	6.13738293985487	2.12785741144693	-4.30306888030653	-6.81912568713504	-5.9796203655148	-8.18637945861105	2.54197492119488	3.60524455798177	-0.220586834224854	6.76384799914931	3.67570260718878	1.34621306560026	-5.34442781099258	-5.30075214603277	4.77962610544219	3.64118334316717	-0.946898991494606
-5.65130173185817	-3.60567496273254	-0.530100286002337	-6.35488899539803	-4.38521329979444	7.38341272156109	5.13900257300385	7.42100356440969	1.20410479634798	-4.70426545728841	-5.63084472270761	-3.54669569450962	-0.107038950592397	-0.0332214373478195	5.28011341975098	1.87737411062909	-0.390810494677311	-4.72000115402878	0.722965055684512
4.7627850443603	2.59452014732957	4.34744418185895	2.92145374083966	-1.56800653446608	-6.58024395080829	-6.15515661992348	-5.85423938421438	1.11398115450819	4.20360290116012	3.41165486466165	6.1845257440067	2.51538617276826	0.283937657000487	-5.6279825559596	-2.36395124855842	3.98046463482314	3.80740275361401	-1.78982743519163
