-0.885248704869269	0.451860486843973	0.108564923076052	-3.30281591276862	-0.612334108081517	-2.29385845197015	1.16602241324008	1.00620698431822	-0.266817881898223	-0.231840564058951	0.759205030222121	0.176595825732974	0.897751752742091	0.961818230792375	-2.34772555581709	-0.875466050995208	-1.02376771570822	-0.246841161613104	1.79017796437119
0.264543145412435	-1.86836110701679	-0.689070889919785	-0.082347743049199	-0.849470962222696	-1.05737860565602	1.85377754739415	-2.34715468318473	-0.857415212832265	0.195736489983406	0.796076926308759	-1.49527593318952	1.13312437251245	-0.126475188035375	0.541321874601195	-0.608048019302659	-2.41843207771981	-2.01772640043837	2.13932791293619
-2.02650870154942	3.7466497118159	-4.23940346141203	1.78040744624816	2.27147524653681	-2.21401608952516	-4.58346402182686	1.69335592536968	-0.269099907560362	6.9096986000149	0.113503755219233	4.79372896803922	1.39116765985135	-1.06836412993721	2.86007491967623	0.444491352821141	1.64448503090713	3.69019826091331	-7.15970426722582
-2.32169522137086	-1.22484577405964	2.04063443423659	-5.56553838053235	-1.31476656848404	3.25594248861373	-0.0756818282749716	0.420017996500467	-0.277478335076432	-0.413401102805399	-1.31895028957702	-1.93238588079464	1.23494006119467	1.722863713856	-0.0604324810798307	0.252849747742515	0.814347860304802	-0.183336097652012	0.15188086701162
-2.5109068975984	2.17855578457594	-3.2905167622469	1.03851893085177	1.05694515415033	-1.36140145514571	-3.72742219914296	0.430392024829362	-0.25543436074748	6.18165323503771	-0.0376710760831288	3.25551779873161	2.81396161389741	-0.972563741231086	2.74127287733107	-0.680495859154011	1.52658295751474	3.35106614952553	-5.73379565078708
-2.68673098413655	0.462040627736873	-0.819163765335795	0.559533317718066	1.97122514195256	-3.24208001863949	-0.115533883432104	-0.935157420296175	-1.84985667635372	1.47947985199783	0.800013454938438	0.665891453796932	-0.248180248521319	-0.14543374804641	2.14152007925471	-0.156997999997118	-0.429916902130233	0.176104809769304	-1.29588066849014
-0.88398119822623	2.28217507109334	1.53359233402052	-0.417419634752079	1.25848797553138	3.03164318134495	-3.24942786097629	3.7971871346431	1.07286239282686	-0.0836874245386508	-1.87602235106495	1.47600122772933	-1.60153560630709	0.356449198305343	-0.184747908621179	1.38882238603984	3.81977549094414	2.89327069284537	-3.87460413501157
11.6140425083856	-6.28710863399731	-1.35394689716999	-2.78175030238451	-10.8477589159884	-4.45678333785854	12.3352009780658	-6.65279407377037	3.81603616474596	-6.85810886231259	4.8085815893897	-4.59181037238987	6.3619912615788	-0.183879092857377	-12.4090812675145	-6.64814703120638	-10.8157636446594	-8.15274359066914	19.900516489994
0.742771309807624	0.308039005525916	-2.03140176685806	-1.50843296448326	-0.444246027239179	-3.75587265390008	1.89120175361855	-0.131226296010855	-0.725851181490486	0.770809142222506	1.81637596203677	0.543058903716608	0.399228197639195	0.481453023411687	-1.49837984915523	-0.284232207348493	-3.0111812678305	-1.77425318923135	2.22070576385212
3.09523764729151	-6.18792565683876	-2.51358597220525	0.343474401676384	-4.67636819033282	-5.45005747718402	8.60022095727432	-8.78045702960027	-1.59690339944942	-1.90282199080986	4.56848307332245	-4.5728846846758	3.94625661025814	-0.173416015392038	-0.818857311338797	-4.03888028247544	-8.16851220428627	-7.0074135125774	11.1208320638881
2.42356092058634	-1.95256936631354	4.84535629299242	-2.33627919441626	-1.92200172694707	5.25530078397531	1.91799970852211	1.33363753507721	1.62997979305832	-6.48991999972884	-1.72077672380738	-3.44710953699966	-2.24158169395813	1.23827427931321	-3.45528895750387	0.843153011563619	0.883173484879957	-1.65367754813392	4.17903701108211
-0.788807417073726	-0.825517556821631	-1.33389991145778	-0.342956876816143	0.341645830525125	-1.9898765714635	1.05543371850902	-1.3035542293474	-1.58714446056608	1.21686763154302	0.977706248041728	-0.641926959340817	0.273365562142253	0.180111988358763	1.37034204832126	0.201198152988959	-2.16791288327319	-1.70306542322158	0.546801935782446
3.65629501401149	-4.93872249881305	-3.13629462843461	0.333759951820927	-3.66667560205572	-5.20722566263951	7.81690718297012	-7.29368390963466	-1.68490108783314	-1.55034901004745	4.49287582036221	-3.60069825071341	2.11444160235687	0.165189922940619	-0.500041233024212	-2.33999175174939	-7.97991809532384	-7.14165441007048	9.7839924519435
6.66309187387719	0.962693391657626	1.13426073468568	-1.45785561409126	-3.47215633467516	-0.10808177507839	2.85178824532728	3.20148074872008	3.7633409513605	-5.12976825878741	0.639503712347349	0.444260201587087	-0.718870415174218	0.402443853185013	-8.97780107918257	-1.03881463170266	-1.45221151030904	-1.01703207507217	6.48950489249864
3.61306057218815	4.71783138502396	0.325287816682368	-2.65784413743611	-1.09225210133122	-0.224299289984321	-1.36986483802693	7.28933352805619	3.58696410285112	-1.96957011905431	-0.242981041362581	3.79074778086263	-1.54173226492101	0.905347638093728	-7.8551150353675	0.218070460131366	1.95468511308709	2.65164968542996	0.398073926990246
-9.03646650626158	-1.57128363606826	0.818453240456574	3.47263394842041	4.44723936152558	1.7803888393079	-4.47230748249903	-4.0347222231821	-3.86657390923755	5.00822949403081	-2.0336119624521	-1.05075565287003	1.30899208843786	-1.2765390485305	11.0813806504594	0.164333223059885	4.0705110718054	3.12487436933825	-8.69367744549133
-1.41122399478278	-1.86417419473515	2.52822968287606	-0.658114865292719	1.32051180833902	3.33289356451543	0.115756519991553	-0.666188982906345	-1.47593111553541	-2.01355885848506	-1.52536217094087	-2.82075737296112	-2.59556229888776	0.680869300286784	2.73350753315542	2.33325230681732	0.291046369185747	-1.7847897876246	-0.514349964954238
1.36918672967968	-2.44125368415323	-2.09815539986847	-0.456235396479694	-1.28497014843989	-2.41781266218851	3.43608425761199	-3.48120510351774	-1.47643717869811	0.326565318825144	1.96082027343391	-1.83492023226321	0.820872219628726	0.190150443296988	0.657992093015805	-0.210614968689111	-4.62632636487414	-4.06663134464064	3.84353989201832
-0.448804632908151	2.55669705470501	1.36347200479041	-0.846678328452418	1.18852958669763	2.7383775470168	-3.0282911126424	4.22210345543948	1.17422911386067	-0.210461202830128	-1.71556176995373	1.68144668631121	-1.84678546168238	0.531299226408736	-0.787323188162851	1.59980746285109	3.4727570596411	2.64276159272382	-3.51181870132166
