76,227,215,277,262,232,352,34,197,59,278,75,139,174,203,166,26,101,297
205,53,72,69,60,295,310,196,113,189,233,284,38,261,264,145,168,112,337
240,94,74,345,15,309,346,141,163,217,121,213,172,140,275,6,14,267,350
298,73,87,207,137,224,160,134,273,198,91,151,105,219,286,98,237,49,333
305,157,36,234,165,322,342,90,191,142,187,308,206,21,114,17,5,293,355
226,97,89,156,61,236,300,100,144,276,283,331,65,186,238,25,200,58,329
115,32,285,62,135,64,272,170,54,358,253,77,242,359,356,95,148,42,152
33,222,229,111,208,192,324,84,147,109,57,351,67,326,46,24,255,188,357
66,131,99,47,71,330,323,204,216,271,44,251,118,92,281,107,180,230,316
241,228,29,290,181,250,263,4,307,39,123,63,225,256,259,280,126,169,202
343,133,321,117,173,319,314,48,221,78,149,282,179,51,182,7,2,360,274
80,130,231,239,158,19,302,55,248,183,270,177,125,245,120,136,143,190,332
299,185,93,344,40,304,317,1,83,246,247,161,41,210,176,127,303,294,88
353,301,110,288,341,235,291,31,338,347,12,86,334,122,13,3,22,96,269
50,265,320,10,361,195,146,8,212,336,335,154,292,167,9,155,102,129,325
209,128,68,349,70,214,327,116,153,223,150,254,81,132,37,20,220,201,354
162,257,18,287,243,279,318,23,348,16,82,194,28,175,266,260,103,313,104
159,85,164,249,193,171,306,124,268,258,218,289,199,119,244,35,11,106,252
45,43,296,52,211,79,178,312,108,340,311,27,339,328,315,56,138,30,184
