-0.928066951264813	0.438810358585131	0.216619497649062	0.156631124946579	0.806532188804312	-0.740980120357106	-0.594696819316909	2.30437853790377	-2.36207356103782	2.50673218136537	-1.9241961675294	-0.635979396873256	0.440708709037086	1.24626705971494	-0.65982206541049	3.17328298319194	-1.18408671453224	0.642548266372419	-0.675242515021587
-1.43529191180539	0.27134980597144	-2.65843487148937	-1.55624546172946	-3.18809288993081	1.96666678437233	3.91083586567898	-0.708171385407384	2.69391833376248	-3.81099280019184	0.519908945936274	-0.731186784339925	2.300701961237	-2.14734750994715	4.08602478662025	-6.71921183296423	-4.50349295721285	-4.48221641910563	3.98562208404774
0.71768712972493	1.52762858179937	0.417324964186575	4.08537513167825	-8.72228950443159	-3.54077683423258	1.87220390165606	3.42350261394372	-6.33038489003799	10.8749979734794	-3.88469322618153	-5.72860024551699	-9.6050905443157	7.25832465652765	0.929807968271499	4.43766621015368	-5.49818522258101	0.268178066097237	0.812333236984655
-1.79395358979128	2.03232747547073	-1.70077173936299	-1.00514764460025	-2.10276352390195	1.46128573499504	3.32716292490065	-0.449786845725291	2.49931931981402	-3.5499724017333	-0.800005248180833	-0.962203009281268	2.29784734921817	-2.4276453104683	3.42934007769391	-5.27292255386711	-2.83634217872011	-4.52789920436713	3.41159063707742
-0.427816294893592	2.38334055154055	-1.4816306551201	2.77846106984998	-11.1849073399678	-2.56874364332025	5.06126184402512	1.60612838329059	-3.35705650911636	6.8285092078716	-3.10909977244584	-6.73568447243592	-7.14950338100395	5.13189717410635	4.21964944935569	-2.10256201637085	-7.33980283314789	-3.76101513247411	4.10312094636059
-1.04256389185479	3.5211273369221	-0.661959307724891	0.263740419354307	-2.91274058859168	-1.33001022489121	3.21519180553387	-0.552759007342047	1.33777310673713	-2.16656826274521	-2.88352799301142	-2.99014949188739	0.876990601922826	0.0440392747242051	2.94772096176015	-4.30729696645874	-2.20937624647859	-3.36565560937576	3.10362236839559
0.779420419884876	-0.274393875460424	1.54469287171059	-0.0249680341833244	4.14375355972873	-0.160093468564516	-2.81568767659296	-0.293591297832951	0.166466841948775	-0.632468325828587	0.357221615072219	1.90359198363809	1.03276969507417	-0.742989358361974	-2.68687422439376	3.20335234323438	4.22426042249819	2.64648066440935	-2.59593560233654
-1.78461878460087	2.45085780564599	-2.47471747289065	1.25417615249581	-10.3680169753371	-1.90759237568995	6.51740598965094	0.586061174596831	-1.8117156704564	3.39721927238031	-2.2310493582775	-6.40977066121975	-3.95409674827499	3.66073838503263	5.88577445196442	-5.67592292011149	-7.92969695889319	-5.83069923629595	5.80925373376216
-0.359438070784319	0.418021369511886	0.247491375000835	0.689315627661967	-0.546088962359049	-1.91677111425557	-0.265588048637651	2.43174836488045	-3.19417620796881	3.49584239264857	-2.62447565060098	-1.7784579413977	-0.832085721956589	2.86430491401506	-0.518791226962288	3.55708718754732	-1.90759318307961	1.26462601157237	-0.50311573037138
-1.73434777136295	3.92775233372311	-2.23691914760701	3.08552832035294	-14.6357751721643	-2.52550609108557	8.12952625314952	0.575027834198401	-3.14563707721529	6.23950148242558	-2.9605765685648	-8.52578012764863	-9.02248676481603	5.397422099499	7.13449575000737	-5.48489927727659	-9.04179867774377	-7.34627082541644	7.02120838772788
0.694162597209575	1.86076024397507	2.25235724563292	0.485827108387886	4.35397238819215	-0.496947754489747	-2.58816784701837	-1.32112109861482	1.3172924459277	-2.26203212127397	-0.631440199877603	1.53110565577917	0.724450237362533	-1.67425978857654	-2.54468409441712	2.45683032508453	6.02991027225526	1.7365178402967	-2.33338095435883
-1.61699018963114	4.32399956882537	-1.24337429009547	0.50283179585639	-5.05095598463874	-0.899075752452211	4.47966052247406	-0.166149073287106	1.34297232412863	-1.4475409409346	-3.34045290270633	-3.97294184024014	0.102052318441888	-0.16920287727373	4.1419588771879	-5.19715292410761	-3.65032842441355	-5.07979277598677	4.23241868408578
-1.71509902592173	-1.22115001784557	-2.79575792432571	-1.23084928011469	-5.12777548492856	-0.093689470191746	4.00490067923808	-0.727365155955723	-0.545462107451202	-0.126519614369297	1.66951476730666	-2.6147713824928	0.124924799462995	1.16627583772927	3.93689347090705	-4.90635798053768	-4.38713773740182	-3.7814943898776	3.81394633961711
-1.44349466807074	0.437521006767236	-0.670411787815127	-2.26488984546294	3.49871983543618	3.35123761587467	0.169568582541864	-2.06813988412359	4.42819468473042	-6.38679001461462	2.39676980744182	2.9593769465116	5.02156470981116	-5.73198957292504	0.740632524265359	-3.75485314021825	2.98493434250419	-2.75487438286574	0.732693323795645
0.771241269066905	0.00164730583041106	1.5335597343348	0.140162316568506	3.63687924147605	-0.428385260480716	-2.54913123756698	-0.2978077695426	0.0583212554366212	-0.430274058429463	0.0811448973905914	1.48187819900876	0.741107809371637	-0.463415148563121	-2.47566422416126	3.03210854711218	3.99864783977933	2.45924409419313	-2.37386059037849
-0.0788879168566781	-0.411296400968504	-0.907542946519731	0.133472565733691	-2.60331529587378	-0.0758635901898695	1.53321452501583	-0.0933164783126422	-0.0401310637590446	0.69879390220519	0.239714708768297	-0.933531032540697	-0.797202976888528	0.871147639667899	1.45434047920798	-2.83401765367558	-3.13979087011663	-1.17092233387998	1.4005484364531
0.704080827610094	-2.41126123003185	0.575427219905282	-1.90123348652752	6.93702190392287	2.38207156547514	-3.47319120236878	-0.974995748172643	2.48093232278525	-4.61670417135903	2.38089496482923	4.99159733476414	4.23850976376067	-3.68573465053712	-2.8580915740824	0.981325736283429	3.73857136020615	2.74150451004317	-2.84635189741736
-2.56598395540838	0.860613274135982	-1.92924755779236	-2.23645548522106	0.507525133365824	2.11744081738762	2.25120769542681	-0.204086107695804	2.44481438222176	-4.26225653220297	0.261500824659024	0.379817109387525	5.05197037225674	-3.46728526993332	2.60945681359712	-4.63856924755844	-1.96369383060277	-4.08629867215494	2.56290626830312
0.800422169304776	-0.163300976429635	1.5291227213719	0.080353490063551	3.81762869459723	-0.28819866434774	-2.69130845656772	-0.256834031879235	0.0749428064946861	-0.430266850510172	0.21546252125634	1.67153501446827	0.817140898268245	-0.573841775153828	-2.59403613082347	3.18074493304366	4.07456254936143	2.57612754194796	-2.50232727931151
