145,71,57,201,68,292,349,167,126,218,256,234,90,202,83,110,137,209,330
217,59,52,158,49,261,329,176,91,291,244,228,48,266,241,100,191,76,345
99,192,64,319,21,287,356,101,301,231,134,297,186,38,269,10,5,315,340
136,162,107,152,109,174,312,84,220,224,117,73,276,198,238,206,178,34,343
313,177,22,298,138,264,341,72,113,96,187,336,270,24,130,53,4,295,350
205,160,143,111,44,219,337,125,86,290,279,106,92,88,280,151,149,148,326
56,30,299,43,265,31,221,235,51,360,223,54,322,358,354,102,135,45,147
50,37,195,171,236,142,355,156,80,153,67,352,17,311,42,248,103,216,361
193,175,172,131,46,240,284,140,132,325,14,179,161,116,229,213,182,200,259
303,321,35,123,194,208,250,3,260,28,146,12,271,275,230,258,255,257,159
344,317,331,222,129,342,307,62,310,85,207,112,267,58,226,7,2,139,127
75,184,211,272,118,121,302,18,278,170,262,168,61,233,199,36,150,204,346
215,253,97,188,33,283,309,1,165,249,197,247,93,210,173,155,305,328,66
359,334,144,338,243,196,316,16,94,353,23,108,348,157,26,9,13,47,306
251,246,294,119,286,333,237,8,29,324,335,25,300,128,6,252,60,89,293
166,122,79,318,104,239,332,180,181,304,120,288,98,63,19,82,212,242,245
320,164,20,327,163,314,133,32,263,11,87,274,15,281,282,277,78,289,189
69,225,183,81,268,214,339,115,185,232,203,273,141,40,124,190,95,77,323
41,70,169,55,308,27,154,285,74,347,254,39,357,351,296,105,114,65,227
